cgpa,backlog_count,degree_branch,internship_count,internship_duration_months,project_count,project_complexity_score,certification_count,skill_diversity_score,github_contributions,github_repo_count,leetcode_problems_solved,leetcode_contest_rating,placement_score,company_tier,placed
6.56,0,ECE,0,0,2,3.72,3,4.07,0,0,96,1454,27.69,Not Placed,0
6.93,0,EEE,3,10,0,0.0,3,4.71,1017,3,0,0,42.71,Mass Recruiter,1
8.55,0,CS,2,10,5,5.86,1,6.32,625,29,268,1342,63.14,Mid-tier,1
7.15,1,CS,0,0,5,4.51,2,5.15,580,17,220,1413,45.42,Mass Recruiter,1
6.03,1,CS,1,4,3,2.14,4,4.98,665,17,105,1535,41.55,Mass Recruiter,1
7.37,1,CS,1,6,2,4.39,3,5.37,906,42,380,1927,59.57,Mid-tier,1
8.53,0,EEE,1,4,1,3.4,2,2.78,186,7,0,0,28.23,Not Placed,0
6.22,0,EEE,0,0,3,1.76,5,4.27,534,24,37,1596,35.73,Mass Recruiter,1
8.86,0,IT,2,6,4,7.95,5,6.06,0,0,417,1979,66.89,Mid-tier,1
6.93,0,IT,2,3,7,6.78,0,7.3,528,17,66,1695,54.41,Mass Recruiter,1
6.25,0,CS,2,8,3,3.36,0,5.05,691,21,365,1436,62.19,Mid-tier,1
7.2,0,Mechanical,0,0,1,2.09,2,3.8,79,6,69,1345,32.75,Not Placed,0
7.73,2,ECE,0,0,3,3.14,5,6.04,450,34,45,1655,33.34,Not Placed,0
7.07,0,Chemical,0,0,0,0.0,3,2.02,0,0,0,0,8.3,Not Placed,0
7.81,0,EEE,0,0,3,1.04,3,4.19,350,29,280,1459,40.07,Mass Recruiter,1
8.32,0,ECE,1,4,0,0.0,2,4.41,67,9,77,1490,37.01,Mass Recruiter,1
6.44,2,IT,1,3,4,3.88,0,5.27,0,0,0,0,34.04,Not Placed,0
7.13,0,CS,0,0,5,4.65,0,5.14,370,23,337,1741,58.12,Mid-tier,1
7.78,0,EEE,1,2,0,0.0,5,3.79,0,0,0,0,19.0,Not Placed,0
7.73,0,EEE,0,0,3,2.52,3,4.12,574,26,242,1565,43.11,Mass Recruiter,1
8.26,0,CS,4,10,4,4.61,4,7.45,367,15,222,1532,71.74,Mid-tier,1
6.17,1,CS,0,0,3,0.3,3,4.57,436,23,119,1524,38.3,Mass Recruiter,1
6.23,0,Chemical,0,0,2,0.68,1,2.17,0,0,21,1190,13.43,Not Placed,0
6.77,4,CS,2,4,3,4.01,2,4.61,788,28,323,1812,58.09,Mid-tier,1
8.97,0,IT,1,2,4,5.52,3,6.2,0,0,565,2083,60.65,Mid-tier,1
5.86,4,Mechanical,1,3,1,2.4,1,3.44,0,0,27,1345,21.08,Not Placed,0
6.94,2,Mechanical,0,0,2,1.72,1,2.48,147,16,142,1460,23.37,Not Placed,0
6.27,0,ECE,4,14,0,0.0,1,4.15,1132,36,0,1196,40.93,Mass Recruiter,1
7.37,2,IT,1,1,2,4.78,2,5.18,0,0,0,0,20.31,Not Placed,0
9.26,0,IT,0,0,5,7.25,1,5.83,0,0,0,0,40.67,Mass Recruiter,1
6.75,0,IT,2,6,4,4.51,1,5.86,272,31,278,1516,64.28,Mid-tier,1
7.65,0,Mechanical,0,0,1,2.93,3,1.54,0,0,0,0,25.94,Not Placed,0
7.0,0,CS,0,0,4,5.93,4,6.34,0,0,0,0,26.4,Not Placed,0
5.71,0,IT,1,3,3,0.47,2,5.56,0,0,216,1298,40.12,Mass Recruiter,1
6.62,1,Civil,0,0,1,2.71,1,1.73,0,0,0,0,17.88,Not Placed,0
7.33,1,IT,0,0,6,2.87,2,4.05,0,0,175,1451,38.24,Mass Recruiter,1
5.89,2,Mechanical,1,4,1,2.71,2,3.08,0,0,36,1226,29.34,Not Placed,0
8.72,0,Mechanical,1,4,1,4.88,3,4.47,767,34,0,0,38.82,Mass Recruiter,1
8.87,0,IT,2,3,5,6.58,10,7.34,0,0,0,0,53.39,Mass Recruiter,1
8.03,0,CS,2,4,3,5.17,4,6.45,387,44,353,1797,59.06,Mid-tier,1
6.43,1,IT,0,0,2,2.63,2,4.37,301,15,79,1294,27.34,Not Placed,0
6.76,3,CS,1,3,5,2.7,2,6.94,868,35,116,1325,38.65,Mass Recruiter,1
6.28,1,ECE,1,1,4,3.15,6,5.32,0,0,89,1376,33.78,Not Placed,0
8.1,0,Mechanical,1,3,3,4.43,2,3.18,0,0,0,0,33.24,Not Placed,0
6.71,3,Civil,0,0,0,0.0,1,1.69,77,7,0,0,8.01,Not Placed,0
7.41,0,CS,0,0,3,2.84,4,4.6,759,33,194,1522,42.34,Mass Recruiter,1
7.16,1,ECE,0,0,6,4.08,2,4.79,283,28,249,1852,47.54,Mass Recruiter,1
7.55,0,Civil,0,0,1,2.79,3,1.73,0,0,25,1331,17.29,Not Placed,0
6.58,0,CS,0,0,5,2.48,3,4.92,644,18,173,1600,43.13,Mass Recruiter,1
7.55,0,Civil,0,0,2,3.42,3,2.0,143,10,90,1409,26.96,Not Placed,0
7.95,1,CS,0,0,6,5.52,3,7.06,472,27,125,1211,43.55,Mass Recruiter,1
5.09,2,ECE,0,0,3,0.3,6,5.35,405,34,45,1248,21.31,Not Placed,0
6.11,3,ECE,4,10,4,5.29,2,5.83,0,0,88,1393,33.57,Not Placed,0
7.07,0,Chemical,0,0,4,3.85,2,3.12,486,6,120,1376,42.24,Mass Recruiter,1
7.33,1,CS,0,0,3,3.71,3,4.53,512,31,523,1720,48.75,Mass Recruiter,1
5.74,1,CS,2,6,4,4.57,3,5.99,0,0,135,1332,44.89,Mass Recruiter,1
8.74,1,Civil,0,0,1,4.55,2,1.59,0,0,0,0,20.91,Not Placed,0
7.33,2,Civil,0,0,1,3.04,0,1.49,0,0,0,0,5.24,Not Placed,0
7.64,3,CS,1,1,0,0.0,2,2.95,99,6,311,1628,42.13,Mass Recruiter,1
7.28,0,Biotech,0,0,1,2.37,2,2.33,0,0,0,0,20.22,Not Placed,0
5.58,2,IT,0,0,4,2.23,1,5.77,0,0,314,2012,34.17,Not Placed,0
8.79,0,IT,1,4,2,4.16,8,5.93,503,8,267,1537,59.53,Mid-tier,1
6.53,0,Mechanical,1,4,5,4.11,1,4.4,334,35,0,0,29.93,Not Placed,0
6.61,1,Civil,0,0,3,2.24,1,3.13,0,0,0,0,1.32,Not Placed,0
6.58,2,EEE,4,10,1,4.14,2,4.02,228,41,136,1479,50.41,Mass Recruiter,1
7.48,0,CS,1,4,2,5.29,5,5.05,467,2,0,0,27.56,Not Placed,0
6.86,0,ECE,1,3,4,5.09,6,5.54,477,44,139,1222,51.28,Mass Recruiter,1
6.6,0,EEE,2,6,0,0.0,2,3.32,0,0,41,1294,25.26,Not Placed,0
5.83,3,Mechanical,0,0,2,2.54,0,2.38,0,0,0,0,-0.76,Not Placed,0
6.84,0,IT,1,6,5,4.56,3,5.63,500,26,256,1478,62.83,Mid-tier,1
5.17,0,ECE,0,0,1,0.53,2,1.2,117,10,312,1445,30.53,Not Placed,0
6.65,3,Mechanical,0,0,2,1.95,1,3.98,0,0,61,1692,8.19,Not Placed,0
6.81,2,IT,0,0,5,2.77,3,5.67,503,30,289,1510,50.56,Mass Recruiter,1
6.07,4,EEE,0,0,0,0.0,0,1.76,114,3,43,1372,1.61,Not Placed,0
8.21,0,IT,2,4,2,5.42,4,4.68,473,10,0,0,45.8,Mass Recruiter,1
6.94,1,EEE,2,3,5,4.54,4,5.1,466,41,0,0,48.52,Mass Recruiter,1
6.91,2,CS,2,6,2,4.31,4,6.93,368,26,227,1124,51.71,Mass Recruiter,1
7.74,1,ECE,1,4,3,3.85,0,3.47,0,0,131,1576,36.88,Mass Recruiter,1
7.61,2,Mechanical,0,0,1,4.19,2,2.16,76,7,57,1298,28.23,Not Placed,0
7.21,2,EEE,2,6,1,4.16,2,4.33,591,21,73,1247,47.24,Mass Recruiter,1
6.09,0,ECE,3,10,3,2.72,0,5.41,1050,22,0,0,52.92,Mass Recruiter,1
8.94,0,IT,1,6,3,5.19,2,5.26,0,0,174,1462,51.05,Mass Recruiter,1
5.45,1,Mechanical,0,0,0,0.0,1,1.78,0,0,0,0,1.39,Not Placed,0
7.5,0,CS,3,12,3,6.28,3,6.79,108,29,75,1532,68.15,Mid-tier,1
5.62,1,ECE,1,3,4,3.78,1,4.1,272,23,0,0,24.63,Not Placed,0
7.12,1,IT,0,0,3,3.03,4,5.56,591,19,338,1158,51.79,Mass Recruiter,1
7.03,1,CS,0,0,2,1.89,4,4.75,185,10,303,1562,37.73,Mass Recruiter,1
6.83,4,IT,0,0,2,3.9,3,5.18,296,21,241,1638,26.3,Not Placed,0
6.62,1,EEE,4,10,2,4.07,2,4.06,305,20,110,1410,51.32,Mass Recruiter,1
5.44,3,IT,0,0,3,0.92,2,5.25,856,29,0,0,29.7,Not Placed,0
5.65,0,IT,0,0,4,0.3,2,5.42,763,14,75,1649,39.25,Mass Recruiter,1
6.87,1,ECE,1,2,2,3.69,0,4.29,383,41,136,1308,42.33,Mass Recruiter,1
6.92,0,Mechanical,0,0,4,4.61,2,3.12,0,0,0,0,24.7,Not Placed,0
7.43,0,IT,1,3,3,4.57,1,5.69,301,31,238,1704,54.46,Mass Recruiter,1
9.44,0,CS,1,2,7,5.21,6,8.74,264,34,380,1686,70.18,Mid-tier,1
6.4,0,EEE,2,8,1,2.87,2,4.27,0,0,14,1408,38.95,Mass Recruiter,1
6.86,1,Civil,0,0,2,3.28,0,2.66,0,0,24,1455,16.61,Not Placed,0
6.67,1,ECE,0,0,4,2.24,1,4.72,185,28,148,1274,21.67,Not Placed,0
6.4,0,EEE,0,0,0,0.0,2,2.48,0,0,0,0,20.52,Not Placed,0
9.48,0,CS,2,8,3,7.85,1,4.62,788,29,680,2184,76.33,FAANG,1
6.49,3,ECE,0,0,4,1.79,2,4.87,0,0,81,1106,23.77,Not Placed,0
6.53,4,Civil,0,0,2,1.76,2,2.6,237,11,20,1406,19.04,Not Placed,0
9.04,0,Mechanical,2,6,1,4.71,0,3.39,0,0,43,1337,39.65,Mass Recruiter,1
7.9,0,Biotech,0,0,3,4.12,1,2.26,0,0,48,1255,37.2,Mass Recruiter,1
5.91,1,Mechanical,0,0,1,2.01,2,2.31,0,0,0,0,3.75,Not Placed,0
7.58,1,CS,1,3,3,4.43,6,7.4,764,23,200,1788,47.65,Mass Recruiter,1
6.1,0,ECE,0,0,3,1.54,3,3.5,972,35,0,0,25.84,Not Placed,0
5.19,2,IT,3,12,3,3.4,4,6.66,775,48,35,1340,55.71,Mid-tier,1
6.92,0,ECE,1,3,4,4.33,1,3.15,0,0,0,0,27.06,Not Placed,0
7.63,1,CS,3,8,2,3.45,1,6.68,646,20,669,1786,68.96,Mid-tier,1
6.42,1,IT,1,6,3,1.02,4,5.62,546,15,0,0,27.19,Not Placed,0
6.82,1,Mechanical,0,0,1,1.76,2,3.02,29,6,0,0,5.09,Not Placed,0
6.7,0,Chemical,0,0,0,0.0,5,3.16,0,0,0,1239,13.85,Not Placed,0
7.36,0,CS,1,4,5,4.15,2,6.01,705,34,242,1661,67.67,Mid-tier,1
5.71,3,Chemical,0,0,0,0.0,0,1.63,125,6,39,1456,8.46,Not Placed,0
8.95,0,Mechanical,0,0,4,6.65,0,2.79,0,0,0,0,35.64,Mass Recruiter,1
6.53,2,IT,0,0,2,2.08,2,3.79,196,23,285,1701,34.56,Not Placed,0
6.0,0,IT,1,3,2,0.99,8,6.07,0,0,236,1711,36.67,Mass Recruiter,1
6.21,1,IT,0,0,3,3.37,3,5.01,221,20,0,0,17.32,Not Placed,0
7.86,2,CS,1,3,4,4.18,0,4.45,626,36,0,0,40.16,Mass Recruiter,1
6.96,4,Civil,0,0,1,2.09,1,1.53,127,15,0,0,6.23,Not Placed,0
5.68,4,Mechanical,0,0,0,0.0,2,2.23,0,0,66,1393,17.97,Not Placed,0
7.29,0,EEE,2,6,0,0.0,3,3.96,314,13,110,1233,46.85,Mass Recruiter,1
7.78,0,Mechanical,1,3,2,3.55,2,3.11,283,38,0,0,30.63,Not Placed,0
7.38,0,ECE,0,0,1,2.79,3,3.76,211,5,52,1576,26.72,Not Placed,0
6.7,3,IT,1,8,2,0.92,2,4.41,474,19,289,1389,40.46,Mass Recruiter,1
8.01,0,CS,0,0,5,2.74,3,5.38,516,24,352,1547,47.03,Mass Recruiter,1
6.1,0,Chemical,0,0,3,3.43,0,1.99,0,0,0,0,23.14,Not Placed,0
7.87,0,IT,3,8,7,6.72,1,7.05,0,0,298,1910,70.59,Mid-tier,1
8.58,0,IT,3,6,1,4.34,2,5.86,299,13,0,0,51.95,Mass Recruiter,1
6.15,1,IT,0,0,3,2.5,3,5.05,0,0,120,1554,34.0,Not Placed,0
5.89,0,Chemical,0,0,5,2.34,1,3.48,0,0,48,1299,26.03,Not Placed,0
5.26,6,CS,0,0,6,2.81,0,6.72,145,25,185,1226,25.78,Not Placed,0
8.87,0,CS,1,6,0,0.0,3,4.76,141,12,487,1745,57.06,Mid-tier,1
6.47,1,ECE,0,0,4,1.25,6,5.28,0,0,133,1429,24.82,Not Placed,0
7.72,1,Civil,0,0,1,2.08,4,2.98,0,0,121,1315,13.38,Not Placed,0
8.81,0,Civil,1,2,2,3.5,3,4.02,0,0,0,0,34.16,Not Placed,0
8.9,0,CS,0,0,5,6.92,4,6.95,360,24,173,1751,52.15,Mass Recruiter,1
6.38,2,ECE,2,4,2,1.8,0,4.04,0,0,0,0,20.97,Not Placed,0
6.88,2,CS,2,10,3,2.83,0,5.79,121,27,294,1344,56.93,Mid-tier,1
6.12,2,Civil,0,0,1,0.81,3,2.14,0,0,0,1250,7.16,Not Placed,0
9.18,0,IT,2,3,3,6.92,2,5.67,0,0,563,2063,53.39,Mass Recruiter,1
6.53,1,EEE,2,4,1,3.51,2,3.41,562,21,0,0,38.46,Mass Recruiter,1
7.39,1,ECE,0,0,6,5.38,0,5.7,602,32,124,1461,49.68,Mass Recruiter,1
7.49,0,ECE,0,0,1,2.57,0,1.83,30,0,0,0,18.59,Not Placed,0
6.95,1,Chemical,0,0,1,1.32,4,2.35,0,0,0,0,11.42,Not Placed,0
6.01,0,CS,0,0,1,1.75,3,4.3,97,4,303,1691,40.49,Mass Recruiter,1
6.15,0,IT,2,3,0,0.0,2,4.94,314,16,0,0,41.16,Mass Recruiter,1
8.47,0,ECE,1,4,0,0.0,3,5.44,0,0,319,1657,42.72,Mass Recruiter,1
6.49,4,IT,2,6,6,6.06,1,4.95,431,13,0,0,44.04,Mass Recruiter,1
5.36,3,CS,0,0,2,0.3,3,3.14,188,18,90,1305,16.86,Not Placed,0
8.19,1,Civil,1,4,2,4.58,3,2.2,0,0,149,1543,35.22,Mass Recruiter,1
7.08,0,IT,0,0,4,1.6,7,5.06,157,29,93,1537,44.03,Mass Recruiter,1
7.01,1,ECE,1,2,3,2.72,2,4.53,316,15,83,1496,32.65,Not Placed,0
8.79,0,CS,0,0,3,6.06,6,5.32,799,30,361,1810,65.54,Mid-tier,1
5.95,0,CS,0,0,5,2.82,2,6.32,236,28,153,1583,38.35,Mass Recruiter,1
7.44,0,IT,0,0,4,3.68,2,5.81,0,0,0,0,31.23,Not Placed,0
8.24,0,CS,1,2,2,4.15,4,5.37,452,9,417,1823,61.65,Mid-tier,1
6.81,3,ECE,1,3,3,2.52,0,3.33,503,17,136,1619,32.03,Not Placed,0
6.07,1,IT,0,0,7,3.22,3,5.32,596,40,116,1391,32.94,Not Placed,0
7.46,1,IT,0,0,3,4.24,4,5.87,555,23,301,1412,41.33,Mass Recruiter,1
6.34,0,Mechanical,0,0,0,0.0,0,1.0,0,0,0,0,17.17,Not Placed,0
7.73,2,CS,1,3,2,2.31,3,4.63,770,32,274,1775,49.64,Mass Recruiter,1
7.86,0,ECE,1,4,3,6.19,8,5.23,0,0,285,1568,53.41,Mass Recruiter,1
6.07,2,ECE,0,0,7,4.52,5,6.52,735,26,33,1406,40.09,Mass Recruiter,1
5.77,1,EEE,0,0,5,2.33,3,4.02,771,32,0,0,26.45,Not Placed,0
8.21,0,ECE,1,2,3,5.45,2,3.26,742,44,0,0,43.81,Mass Recruiter,1
7.12,2,Biotech,0,0,0,0.0,4,2.81,0,0,37,1031,15.76,Not Placed,0
6.78,1,ECE,0,0,1,0.63,0,2.87,0,0,59,1479,17.85,Not Placed,0
5.65,3,ECE,2,6,6,4.22,2,5.9,0,0,0,0,25.37,Not Placed,0
8.08,0,IT,1,3,3,2.82,2,4.61,697,30,109,1447,51.35,Mass Recruiter,1
5.49,2,CS,3,6,2,2.27,3,6.33,222,44,258,1444,40.37,Mass Recruiter,1
6.77,0,Mechanical,1,3,1,1.69,1,2.28,0,0,0,0,19.87,Not Placed,0
6.63,3,Civil,0,0,4,4.13,1,3.58,0,0,0,0,6.88,Not Placed,0
8.96,0,IT,0,0,7,4.41,4,5.91,681,34,258,1576,60.22,Mid-tier,1
8.04,0,Chemical,0,0,1,3.17,4,2.51,68,7,0,0,19.73,Not Placed,0
6.47,1,EEE,1,6,3,1.79,4,4.58,462,56,56,1305,39.3,Mass Recruiter,1
8.16,0,EEE,0,0,2,5.93,2,3.41,250,21,174,1908,34.57,Not Placed,0
7.9,0,ECE,0,0,1,2.96,3,4.45,0,0,289,1267,29.01,Not Placed,0
7.08,0,Civil,3,10,0,0.0,5,4.04,0,0,0,0,34.11,Not Placed,0
7.45,0,Civil,1,4,1,4.59,0,1.5,0,0,0,0,26.62,Not Placed,0
7.41,0,Civil,0,0,2,2.22,2,1.43,160,9,182,1268,30.2,Not Placed,0
6.7,2,CS,3,8,1,2.63,1,5.29,794,18,399,1534,59.52,Mid-tier,1
5.5,2,Mechanical,0,0,1,2.65,0,3.42,0,0,0,0,7.27,Not Placed,0
6.93,0,Biotech,0,0,0,0.0,3,1.83,0,0,0,0,12.92,Not Placed,0
8.31,0,CS,1,8,2,5.5,2,5.99,455,37,203,1674,62.85,Mid-tier,1
6.03,1,CS,1,4,3,1.68,1,3.97,411,12,44,1296,31.36,Not Placed,0
6.31,0,CS,1,6,1,2.72,5,4.08,235,15,219,1461,46.58,Mass Recruiter,1
9.52,0,IT,0,0,2,6.72,2,4.8,565,47,415,1954,53.79,Mass Recruiter,1
6.97,0,Mechanical,0,0,2,5.57,1,2.27,0,0,0,0,24.25,Not Placed,0
5.35,1,ECE,0,0,1,0.52,2,2.56,0,0,0,0,11.91,Not Placed,0
8.53,0,Mechanical,2,4,2,6.51,1,2.55,413,37,96,1479,56.79,Mid-tier,1
7.09,0,CS,3,12,4,5.08,6,7.12,261,8,523,1398,71.29,Mid-tier,1
6.9,1,ECE,0,0,3,3.91,3,4.54,347,33,0,0,29.99,Not Placed,0
5.87,4,Chemical,0,0,1,1.49,2,3.59,0,0,0,0,0.37,Not Placed,0
5.82,3,EEE,2,4,1,1.08,2,4.47,865,29,85,1346,38.75,Mass Recruiter,1
6.55,3,IT,0,0,3,1.99,2,3.28,584,19,0,0,19.42,Not Placed,0
7.36,1,IT,1,3,1,3.72,5,6.02,0,24,191,1481,40.28,Mass Recruiter,1
6.52,2,CS,0,0,3,0.63,2,5.0,639,21,161,1520,41.91,Mass Recruiter,1
9.25,0,Mechanical,2,4,0,0.0,4,3.2,0,0,100,1337,49.76,Mass Recruiter,1
5.64,4,IT,0,0,5,1.35,2,5.48,0,0,211,1450,24.95,Not Placed,0
5.9,2,Mechanical,0,0,5,3.19,2,4.0,0,0,62,1647,20.12,Not Placed,0
8.55,0,CS,3,6,6,6.78,5,8.02,563,32,264,1601,75.26,FAANG,1
7.19,2,CS,1,3,4,5.06,3,7.1,470,25,493,1922,59.09,Mid-tier,1
7.78,0,Civil,0,0,3,5.58,2,2.57,0,0,0,1358,33.09,Not Placed,0
8.69,0,Civil,0,0,1,4.9,2,3.13,158,15,225,1300,38.26,Mass Recruiter,1
7.91,0,ECE,0,0,2,3.94,2,3.03,227,16,186,1754,32.66,Not Placed,0
8.07,0,CS,1,4,2,3.11,6,6.01,287,38,214,1730,58.11,Mid-tier,1
8.88,0,ECE,0,0,1,3.84,4,4.3,166,2,152,1398,29.82,Not Placed,0
7.92,1,ECE,3,12,2,5.36,6,5.71,238,22,223,1776,75.06,FAANG,1
7.29,1,ECE,0,0,5,5.0,4,5.95,538,35,0,0,21.94,Not Placed,0
6.53,2,Mechanical,3,8,2,4.31,1,2.5,0,0,0,0,25.51,Not Placed,0
6.63,0,Chemical,0,0,1,0.72,0,2.39,0,0,0,0,8.81,Not Placed,0
7.72,0,IT,1,2,3,4.45,1,5.59,495,8,304,1448,49.86,Mass Recruiter,1
7.72,2,ECE,0,0,3,4.42,3,4.29,816,26,209,1241,38.53,Mass Recruiter,1
5.5,2,Biotech,0,0,1,0.3,0,1.5,0,0,0,0,2.98,Not Placed,0
5.47,1,Mechanical,2,8,1,3.29,0,2.98,0,0,0,0,27.33,Not Placed,0
7.47,1,Civil,0,0,1,0.82,2,1.24,70,4,72,1578,23.01,Not Placed,0
6.83,0,Chemical,2,4,4,3.7,0,3.47,480,25,0,0,35.45,Mass Recruiter,1
7.44,0,IT,0,0,4,3.02,4,6.29,521,32,248,1672,54.46,Mass Recruiter,1
7.84,1,CS,0,0,3,4.3,2,4.85,0,0,214,1190,43.29,Mass Recruiter,1
6.72,2,Mechanical,1,4,0,0.0,1,1.61,0,0,0,0,9.67,Not Placed,0
6.42,0,Mechanical,0,0,1,2.02,2,2.89,0,0,0,0,10.2,Not Placed,0
5.86,3,IT,1,2,4,3.11,1,4.52,543,40,334,1687,37.1,Mass Recruiter,1
7.4,1,CS,0,0,5,2.89,1,5.52,520,37,0,0,46.79,Mass Recruiter,1
8.94,1,Civil,0,0,0,0.0,1,1.74,0,0,0,0,12.09,Not Placed,0
8.7,1,IT,1,3,2,3.4,3,4.53,607,27,516,2219,65.42,Mid-tier,1
9.01,0,CS,0,0,4,6.09,2,4.02,54,34,0,0,44.11,Mass Recruiter,1
8.37,0,CS,0,0,5,3.38,6,7.24,443,31,183,1334,59.97,Mid-tier,1
6.75,0,CS,3,18,2,5.28,7,6.67,623,38,0,0,59.79,Mid-tier,1
8.65,0,EEE,1,3,5,4.77,1,5.89,0,0,97,1426,42.94,Mass Recruiter,1
5.96,3,Chemical,0,0,2,1.25,2,2.29,0,0,0,0,7.8,Not Placed,0
7.98,0,CS,2,6,4,5.37,4,6.35,630,18,148,1625,65.31,Mid-tier,1
7.12,0,IT,0,0,3,2.43,2,4.84,677,38,203,1473,41.74,Mass Recruiter,1
6.78,2,Civil,1,4,2,2.61,1,2.17,513,32,0,0,28.06,Not Placed,0
6.29,1,IT,0,0,3,1.41,7,5.96,489,39,0,0,27.11,Not Placed,0
6.85,1,EEE,0,0,5,5.09,2,5.23,0,0,213,1420,35.19,Mass Recruiter,1
8.99,2,ECE,1,4,2,4.54,2,3.84,121,28,0,0,35.42,Mass Recruiter,1
5.29,0,IT,1,3,6,2.56,1,5.93,163,24,16,1347,39.89,Mass Recruiter,1
8.09,1,EEE,2,4,1,4.42,2,3.9,637,36,76,1363,43.81,Mass Recruiter,1
6.48,2,ECE,0,0,4,2.92,0,4.31,432,39,57,1267,24.13,Not Placed,0
7.07,0,IT,1,2,2,2.51,4,4.7,142,38,103,1685,36.63,Mass Recruiter,1
7.21,0,IT,1,4,3,2.03,1,5.75,0,0,216,1691,43.36,Mass Recruiter,1
7.68,0,IT,2,4,5,3.93,4,5.89,308,24,119,1817,52.03,Mass Recruiter,1
6.38,1,ECE,3,10,3,3.59,1,6.08,0,0,0,0,41.68,Mass Recruiter,1
7.26,0,ECE,0,0,1,1.26,3,4.96,0,0,0,0,38.93,Mass Recruiter,1
8.47,0,Chemical,1,3,0,0.0,0,2.23,207,0,0,0,21.15,Not Placed,0
7.41,2,Mechanical,0,0,2,3.14,3,3.15,0,0,0,0,29.96,Not Placed,0
8.41,0,Civil,0,0,2,3.14,0,1.68,312,27,0,0,22.91,Not Placed,0
6.66,0,CS,0,0,5,2.59,1,6.04,0,0,183,1539,32.68,Not Placed,0
8.2,0,CS,2,4,0,0.0,2,5.86,669,27,506,1930,54.38,Mass Recruiter,1
6.97,1,CS,1,4,2,2.57,1,4.72,412,30,132,1301,42.41,Mass Recruiter,1
6.28,1,Mechanical,1,6,3,3.71,0,3.97,365,8,50,1243,31.3,Not Placed,0
8.09,0,IT,3,18,4,4.86,5,6.23,736,18,254,1406,76.55,FAANG,1
6.57,3,IT,2,8,4,3.45,5,6.86,233,20,70,1819,45.73,Mass Recruiter,1
7.65,0,ECE,0,0,3,3.33,1,4.23,357,27,126,1348,38.27,Mass Recruiter,1
6.04,1,CS,3,8,3,4.61,1,5.7,964,44,272,1489,55.65,Mid-tier,1
7.42,0,EEE,2,3,1,3.13,4,3.86,0,0,295,1710,40.32,Mass Recruiter,1
6.02,1,IT,1,1,2,3.39,2,4.51,0,0,0,0,31.43,Not Placed,0
6.18,0,EEE,0,0,2,3.11,0,3.54,0,0,66,1246,15.94,Not Placed,0
8.68,0,CS,2,4,2,4.87,2,5.45,456,23,237,1642,56.97,Mid-tier,1
5.59,1,Civil,0,0,2,1.33,0,3.11,0,0,0,0,7.29,Not Placed,0
5.89,1,CS,1,1,3,3.62,1,4.93,759,30,0,0,31.12,Not Placed,0
7.41,0,IT,1,2,4,4.43,3,5.02,0,0,166,1580,40.59,Mass Recruiter,1
8.52,0,IT,2,4,2,5.79,1,4.4,0,0,84,1528,52.2,Mass Recruiter,1
6.79,0,CS,2,4,5,5.43,2,5.82,546,17,131,1365,52.91,Mass Recruiter,1
7.5,0,EEE,3,8,2,5.73,0,4.12,240,26,0,0,45.5,Mass Recruiter,1
5.94,0,IT,0,0,3,1.1,5,5.66,763,25,0,0,24.57,Not Placed,0
7.81,0,Chemical,0,0,1,1.59,1,3.03,272,11,0,0,16.43,Not Placed,0
7.15,0,IT,0,0,4,4.03,4,5.88,0,0,0,0,18.55,Not Placed,0
5.77,5,IT,1,3,3,2.67,1,5.23,580,44,225,1827,38.9,Mass Recruiter,1
6.36,4,IT,0,0,0,0.0,0,3.6,0,0,0,0,3.97,Not Placed,0
6.89,0,EEE,1,4,1,2.31,2,2.79,0,0,0,0,24.88,Not Placed,0
6.63,2,CS,2,8,1,4.13,3,5.51,235,15,70,1611,35.49,Mass Recruiter,1
7.06,0,CS,0,0,1,3.3,0,4.59,0,0,215,1651,30.73,Not Placed,0
7.81,0,IT,1,3,4,3.7,1,4.73,555,0,285,1757,51.6,Mass Recruiter,1
6.21,1,IT,1,6,5,1.87,3,6.33,643,11,280,1756,51.3,Mass Recruiter,1
7.53,1,CS,3,8,6,6.8,6,6.87,429,29,224,1589,70.2,Mid-tier,1
7.27,0,CS,1,3,5,3.96,2,4.65,422,54,161,998,37.01,Mass Recruiter,1
6.24,2,EEE,2,6,1,3.23,2,4.28,363,25,83,1398,41.8,Mass Recruiter,1
6.16,1,CS,0,0,1,1.37,0,3.57,51,7,207,1566,19.92,Not Placed,0
6.8,2,IT,4,10,4,5.16,2,5.28,537,26,298,1471,60.32,Mid-tier,1
5.74,0,CS,2,6,1,2.22,2,3.93,553,29,369,1582,65.04,Mid-tier,1
7.51,0,CS,1,3,5,4.79,4,6.25,540,22,189,1512,56.71,Mid-tier,1
7.58,0,ECE,0,0,2,2.79,6,4.66,127,23,0,0,31.17,Not Placed,0
6.3,0,CS,2,8,5,5.07,3,7.02,414,21,314,1769,54.01,Mass Recruiter,1
5.78,0,Mechanical,0,0,1,1.44,5,2.82,0,0,44,1414,12.02,Not Placed,0
7.18,0,CS,1,2,0,0.0,3,4.66,212,5,209,1339,31.57,Not Placed,0
6.36,0,EEE,0,0,3,1.71,2,4.33,628,20,0,0,19.13,Not Placed,0
8.4,0,EEE,3,10,2,5.11,2,3.76,0,0,0,0,51.53,Mass Recruiter,1
6.58,1,ECE,0,0,1,2.07,2,3.32,0,0,205,1342,31.86,Not Placed,0
6.75,2,IT,1,3,6,3.25,2,6.17,524,49,308,1634,60.75,Mid-tier,1
5.98,0,IT,0,0,6,2.8,2,5.96,345,17,168,1820,43.96,Mass Recruiter,1
6.81,1,CS,1,6,2,3.17,5,4.31,677,7,0,0,37.37,Mass Recruiter,1
8.17,1,ECE,2,8,4,5.67,4,4.64,610,23,0,0,59.38,Mid-tier,1
7.69,0,Civil,1,2,1,4.32,0,2.26,0,0,65,1208,41.63,Mass Recruiter,1
6.15,2,CS,1,3,5,2.83,4,6.82,458,40,167,1802,37.29,Mass Recruiter,1
7.9,1,Mechanical,0,0,3,2.98,4,2.67,0,0,117,1538,25.08,Not Placed,0
8.37,0,Chemical,1,2,2,5.12,2,2.33,403,27,0,0,26.19,Not Placed,0
6.79,0,Mechanical,2,4,2,4.7,5,3.93,324,31,0,0,35.8,Mass Recruiter,1
6.91,0,CS,1,3,5,3.37,1,6.59,220,38,0,0,35.81,Mass Recruiter,1
6.08,1,CS,1,4,3,3.59,2,5.49,607,31,0,0,30.8,Not Placed,0
5.97,0,CS,0,0,3,1.93,5,5.24,413,28,119,1574,33.67,Not Placed,0
6.43,0,ECE,1,4,2,2.03,3,4.33,633,19,50,1293,38.44,Mass Recruiter,1
6.13,0,Mechanical,0,0,1,2.4,2,2.47,0,0,0,0,21.36,Not Placed,0
5.97,5,IT,0,0,0,0.0,3,3.31,38,1,185,1762,11.16,Not Placed,0
7.4,0,CS,2,4,1,6.21,3,5.88,0,0,668,1502,62.9,Mid-tier,1
6.74,1,Mechanical,0,0,2,3.95,3,3.85,0,0,114,1267,30.61,Not Placed,0
8.69,0,ECE,4,8,2,6.28,2,3.57,858,29,119,1935,58.53,Mid-tier,1
9.13,0,CS,2,6,3,6.28,4,5.3,534,16,314,1471,66.21,Mid-tier,1
6.15,4,ECE,2,4,4,1.83,1,5.51,0,0,0,0,27.02,Not Placed,0
8.0,0,ECE,4,8,4,6.01,2,5.61,522,29,348,1651,70.52,Mid-tier,1
8.3,0,IT,1,6,2,4.72,1,6.1,228,22,328,1526,55.38,Mid-tier,1
6.28,3,IT,2,4,3,3.85,2,6.31,816,10,179,1535,36.13,Mass Recruiter,1
6.73,4,IT,0,0,3,2.17,3,5.23,0,0,0,0,15.8,Not Placed,0
6.71,1,CS,3,6,4,4.44,3,5.98,0,0,0,0,41.08,Mass Recruiter,1
8.44,0,ECE,0,0,2,3.3,3,4.11,117,33,207,1549,42.77,Mass Recruiter,1
7.93,0,Mechanical,3,18,0,0.0,0,3.31,0,0,0,0,32.4,Not Placed,0
7.71,0,CS,1,3,2,2.63,3,5.16,443,40,350,1943,62.6,Mid-tier,1
6.34,0,Mechanical,3,8,0,0.0,1,3.93,654,18,0,0,43.44,Mass Recruiter,1
6.54,2,CS,0,0,1,1.84,1,2.33,154,9,0,0,19.81,Not Placed,0
8.34,0,IT,1,2,3,4.34,1,5.45,212,29,275,1637,53.46,Mass Recruiter,1
9.22,0,CS,2,6,3,8.26,4,6.05,677,41,457,1879,71.57,Mid-tier,1
8.08,0,Civil,2,4,2,5.37,0,2.86,512,27,0,0,39.08,Mass Recruiter,1
6.74,2,Mechanical,0,0,0,0.0,3,2.77,21,1,0,0,-0.17,Not Placed,0
7.43,0,Civil,0,0,4,3.91,2,2.42,379,42,0,0,35.94,Mass Recruiter,1
7.6,0,CS,2,10,2,4.47,3,4.69,0,0,239,1678,55.33,Mid-tier,1
5.67,1,CS,0,0,3,2.37,2,4.61,770,22,75,1505,35.97,Mass Recruiter,1
6.33,1,IT,1,2,5,4.64,2,6.3,629,28,0,0,42.26,Mass Recruiter,1
6.25,1,Mechanical,0,0,6,3.85,5,4.64,499,30,0,0,30.62,Not Placed,0
8.0,0,Civil,0,0,1,1.58,4,3.18,0,0,0,0,22.09,Not Placed,0
7.76,0,CS,0,0,4,5.2,1,4.17,530,39,247,1490,57.88,Mid-tier,1
5.77,1,EEE,0,0,2,0.42,2,3.6,199,21,0,0,8.25,Not Placed,0
5.64,0,CS,1,4,4,0.97,2,5.28,474,42,0,0,30.31,Not Placed,0
7.5,0,CS,3,10,5,6.57,0,6.91,425,47,226,1204,72.19,Mid-tier,1
5.99,3,CS,0,0,4,1.72,4,7.29,559,27,223,1553,46.02,Mass Recruiter,1
5.85,4,IT,1,2,2,0.3,1,4.25,692,35,120,1327,32.78,Not Placed,0
6.39,1,CS,3,12,4,4.09,1,5.72,606,20,120,1547,62.61,Mid-tier,1
7.62,0,ECE,0,0,4,2.89,2,4.4,622,28,136,1452,43.05,Mass Recruiter,1
7.68,0,ECE,1,3,1,2.13,3,4.65,295,24,153,1145,30.92,Not Placed,0
7.8,0,Mechanical,2,3,1,5.27,8,5.2,732,14,82,1558,43.35,Mass Recruiter,1
6.98,0,CS,0,0,1,2.41,5,5.05,101,3,101,1408,26.59,Not Placed,0
6.31,0,ECE,1,3,1,1.63,1,3.71,0,0,99,1401,29.96,Not Placed,0
5.86,1,CS,2,6,0,0.0,4,5.2,152,14,131,1457,38.99,Mass Recruiter,1
6.85,2,CS,0,0,4,3.67,3,6.44,217,27,144,1344,34.63,Not Placed,0
7.29,0,ECE,0,0,2,2.86,3,3.56,0,0,0,0,27.25,Not Placed,0
6.26,1,CS,1,8,4,3.38,1,5.82,556,19,0,0,32.34,Not Placed,0
7.13,0,CS,2,8,5,4.42,2,6.07,562,26,209,1747,73.07,Mid-tier,1
7.3,0,CS,0,0,5,2.98,2,5.82,687,16,192,1848,52.49,Mass Recruiter,1
6.56,1,ECE,1,2,4,3.26,2,4.96,390,38,0,0,31.88,Not Placed,0
6.08,0,CS,1,6,5,4.49,1,4.73,520,24,256,1712,47.38,Mass Recruiter,1
6.43,0,Mechanical,3,18,2,4.98,2,4.87,568,20,37,1414,60.88,Mid-tier,1
6.36,2,CS,0,0,1,0.86,0,3.73,263,11,0,0,21.41,Not Placed,0
8.05,0,EEE,0,0,1,5.05,2,2.75,252,11,0,0,20.16,Not Placed,0
5.52,2,CS,0,0,3,1.74,3,4.55,414,39,170,1690,40.64,Mass Recruiter,1
6.97,2,ECE,0,0,1,1.06,2,4.16,0,0,74,1511,14.73,Not Placed,0
6.08,0,ECE,1,4,3,2.06,2,4.18,0,0,0,0,28.57,Not Placed,0
6.61,0,Civil,0,0,2,2.1,2,2.47,0,0,70,1358,15.29,Not Placed,0
8.21,0,IT,0,0,3,5.32,2,4.87,695,32,453,1734,59.23,Mid-tier,1
5.55,2,CS,2,6,4,3.2,0,6.97,735,11,0,1380,36.6,Mass Recruiter,1
7.1,0,ECE,0,0,3,2.52,1,4.95,545,37,204,1752,42.87,Mass Recruiter,1
6.46,4,Biotech,0,0,1,1.52,1,1.34,0,0,0,0,-2.24,Not Placed,0
6.08,1,Civil,0,0,2,2.67,2,2.02,108,18,35,1220,18.47,Not Placed,0
8.38,0,CS,0,0,3,5.15,3,6.16,405,21,135,1760,41.29,Mass Recruiter,1
7.41,3,ECE,0,0,2,2.43,2,3.99,0,0,0,0,19.66,Not Placed,0
6.85,0,IT,0,0,2,2.88,1,2.97,0,0,132,1313,26.4,Not Placed,0
7.9,1,Civil,0,0,4,2.71,1,2.84,0,0,0,0,34.39,Not Placed,0
5.11,0,CS,0,0,3,1.6,3,5.66,598,49,73,1571,25.36,Not Placed,0
6.64,3,Biotech,3,10,2,5.11,1,3.18,788,27,42,1299,53.96,Mass Recruiter,1
5.61,2,IT,0,0,3,1.56,1,5.95,729,24,0,0,25.08,Not Placed,0
6.8,0,ECE,0,0,2,2.22,3,4.17,0,0,163,1552,28.92,Not Placed,0
6.9,3,ECE,0,0,1,3.02,1,3.96,319,4,0,0,9.03,Not Placed,0
7.46,1,CS,0,0,3,3.41,2,6.38,0,0,0,0,12.07,Not Placed,0
8.88,0,IT,1,6,3,4.13,7,5.28,672,29,310,1460,64.92,Mid-tier,1
7.44,0,EEE,1,4,3,3.21,1,3.99,532,53,0,0,42.76,Mass Recruiter,1
7.29,0,Mechanical,0,0,1,1.58,0,2.66,0,0,0,0,22.06,Not Placed,0
7.39,0,CS,1,6,3,3.52,5,7.1,0,0,161,1500,52.83,Mass Recruiter,1
5.5,3,ECE,1,6,4,0.7,3,5.21,354,23,62,1503,37.42,Mass Recruiter,1
5.8,1,EEE,0,0,3,1.86,1,3.36,0,0,131,1323,19.48,Not Placed,0
6.89,0,IT,1,4,2,2.53,2,4.24,0,0,0,0,31.54,Not Placed,0
7.14,0,CS,2,4,3,4.82,2,5.28,509,38,449,1784,65.05,Mid-tier,1
7.22,0,EEE,0,0,0,0.0,3,2.28,31,10,0,0,22.45,Not Placed,0
8.92,0,IT,1,3,3,4.98,1,5.75,885,18,0,0,48.83,Mass Recruiter,1
5.51,3,IT,1,4,2,1.16,2,5.46,627,20,133,1333,26.95,Not Placed,0
7.44,0,ECE,2,6,3,6.35,3,4.8,0,0,91,1329,43.77,Mass Recruiter,1
8.3,0,ECE,1,2,7,5.07,4,6.22,0,0,283,1390,61.3,Mid-tier,1
8.04,0,EEE,2,8,4,4.89,0,4.26,566,30,312,1552,51.59,Mass Recruiter,1
9.16,0,Biotech,0,0,4,4.51,2,3.69,0,0,0,0,31.45,Not Placed,0
5.83,3,IT,0,0,3,2.66,1,4.9,757,48,81,1713,27.72,Not Placed,0
7.01,0,CS,1,4,3,4.68,3,6.29,293,42,285,1310,54.86,Mass Recruiter,1
7.76,2,CS,1,3,3,5.75,4,5.22,880,34,215,1339,51.02,Mass Recruiter,1
6.29,2,ECE,1,4,5,1.52,3,5.55,355,18,0,0,22.57,Not Placed,0
8.51,1,ECE,2,6,2,3.67,2,4.44,0,0,184,1500,50.82,Mass Recruiter,1
6.84,2,Chemical,1,4,0,0.0,2,1.0,0,0,0,0,18.27,Not Placed,0
5.98,2,ECE,1,4,4,1.98,1,4.14,0,0,29,1244,27.98,Not Placed,0
9.13,0,CS,3,8,3,6.07,2,6.41,339,28,229,1607,70.8,Mid-tier,1
6.15,0,CS,1,2,3,3.11,4,5.78,597,32,0,0,35.12,Mass Recruiter,1
7.5,0,Chemical,0,0,1,3.01,1,2.76,0,0,131,1450,16.99,Not Placed,0
6.68,0,IT,0,0,5,1.35,2,5.84,471,30,268,1511,34.13,Not Placed,0
7.75,0,EEE,1,4,2,4.86,2,2.99,501,28,108,1152,46.23,Mass Recruiter,1
7.88,0,ECE,2,4,3,2.82,2,5.36,0,0,0,0,34.04,Not Placed,0
6.1,4,IT,1,2,2,2.08,1,4.4,502,19,182,1438,24.06,Not Placed,0
6.37,2,EEE,1,4,4,3.47,4,4.64,0,0,0,0,22.63,Not Placed,0
6.96,0,IT,0,0,4,2.6,2,4.74,352,28,117,1586,35.6,Mass Recruiter,1
7.28,1,Mechanical,0,0,3,2.42,2,3.47,0,0,0,0,20.78,Not Placed,0
7.45,0,IT,1,3,1,1.57,1,3.79,310,22,182,1973,52.62,Mass Recruiter,1
5.73,4,CS,0,0,3,0.3,1,4.37,294,36,146,1404,17.71,Not Placed,0
6.91,0,IT,2,8,1,2.74,4,5.77,626,36,302,1412,47.69,Mass Recruiter,1
7.26,0,CS,1,3,2,5.9,1,4.87,0,0,46,1340,40.64,Mass Recruiter,1
5.65,5,Civil,0,0,3,1.33,0,2.71,826,30,0,0,8.85,Not Placed,0
7.42,1,IT,2,6,7,5.33,1,7.04,585,15,107,1417,64.12,Mid-tier,1
6.78,0,CS,3,10,7,5.4,2,5.4,467,7,0,0,56.1,Mid-tier,1
5.83,2,IT,0,0,3,1.6,0,4.36,501,40,155,1686,40.35,Mass Recruiter,1
8.51,0,IT,3,18,4,6.8,7,6.39,607,33,0,0,68.46,Mid-tier,1
7.36,0,ECE,0,0,4,4.89,1,2.86,854,35,115,2030,45.78,Mass Recruiter,1
9.03,0,Biotech,0,0,1,3.15,2,1.5,0,0,0,0,14.93,Not Placed,0
5.42,4,IT,1,3,5,4.09,3,5.37,0,0,0,0,20.81,Not Placed,0
7.27,1,EEE,0,0,4,4.74,2,4.87,0,0,0,0,17.16,Not Placed,0
7.02,2,Mechanical,0,0,0,0.0,1,2.45,0,0,0,0,8.32,Not Placed,0
6.94,2,Chemical,0,0,3,5.34,2,3.8,773,34,0,0,20.74,Not Placed,0
6.37,1,CS,0,0,5,2.43,0,5.3,0,0,59,1573,24.8,Not Placed,0
9.36,0,ECE,2,4,5,6.77,5,6.18,0,0,293,1582,63.78,Mid-tier,1
7.52,3,CS,0,0,3,4.83,4,5.51,591,39,401,1633,56.77,Mid-tier,1
9.07,0,CS,1,3,5,6.56,8,8.14,690,39,358,2024,69.41,Mid-tier,1
7.35,0,Mechanical,0,0,2,3.0,3,4.23,0,0,109,1252,30.88,Not Placed,0
8.3,0,Mechanical,0,0,0,0.0,0,1.43,0,0,118,1366,20.7,Not Placed,0
7.13,0,EEE,1,4,0,0.0,3,3.14,0,0,105,1215,27.3,Not Placed,0
7.26,1,ECE,1,4,2,3.96,3,4.93,395,37,194,1421,39.08,Mass Recruiter,1
5.82,2,Biotech,0,0,1,2.29,0,1.0,0,0,0,0,14.14,Not Placed,0
5.85,3,IT,0,0,4,2.31,2,5.4,310,30,169,1613,30.17,Not Placed,0
5.68,0,IT,2,4,4,3.27,2,5.3,0,0,152,1170,42.38,Mass Recruiter,1
7.15,0,Mechanical,1,6,2,3.27,2,3.07,0,0,0,0,33.13,Not Placed,0
7.69,0,IT,1,4,2,5.23,3,5.08,613,29,0,0,43.15,Mass Recruiter,1
7.59,1,Civil,0,0,2,2.95,1,1.58,0,0,115,1181,19.71,Not Placed,0
6.82,0,CS,2,3,6,3.99,3,6.44,360,15,294,1534,68.28,Mid-tier,1
6.51,1,ECE,2,8,4,2.97,2,4.87,0,0,0,0,40.29,Mass Recruiter,1
9.25,0,Mechanical,2,3,0,0.0,3,2.56,624,25,152,1528,41.07,Mass Recruiter,1
7.57,0,ECE,1,8,2,4.38,1,4.48,262,37,299,1455,53.85,Mass Recruiter,1
8.11,1,IT,1,8,3,4.12,3,5.34,0,0,260,1528,52.02,Mass Recruiter,1
8.46,0,IT,0,0,2,3.06,2,2.82,146,10,0,0,26.63,Not Placed,0
8.8,0,IT,1,3,2,3.27,3,5.09,643,37,0,0,51.17,Mass Recruiter,1
8.83,0,CS,0,0,5,5.56,2,6.6,576,12,208,1397,50.5,Mass Recruiter,1
8.71,0,CS,1,3,2,4.2,3,3.86,377,26,496,2221,66.1,Mid-tier,1
6.01,3,ECE,1,2,1,1.82,0,2.83,258,19,0,0,13.2,Not Placed,0
5.73,4,EEE,0,0,2,0.3,4,3.53,0,0,0,0,6.08,Not Placed,0
7.04,1,IT,1,6,3,4.04,2,5.1,0,0,282,1353,47.29,Mass Recruiter,1
7.34,1,ECE,0,0,1,1.28,1,4.38,242,8,234,1412,36.16,Mass Recruiter,1
6.56,0,Chemical,0,0,1,1.5,1,1.0,0,0,13,1270,21.67,Not Placed,0
8.2,0,IT,1,4,4,5.55,2,5.45,551,18,318,1880,66.52,Mid-tier,1
7.09,0,IT,1,3,4,2.06,7,5.68,579,32,0,0,44.73,Mass Recruiter,1
6.65,0,IT,1,8,4,2.8,5,5.96,0,0,340,1722,41.54,Mass Recruiter,1
7.67,3,ECE,1,6,3,3.91,2,4.34,354,34,87,1774,40.87,Mass Recruiter,1
7.79,0,EEE,0,0,0,0.0,4,4.1,35,7,212,1590,30.02,Not Placed,0
5.54,1,IT,1,4,2,0.79,4,4.26,434,44,21,1487,25.56,Not Placed,0
6.07,2,EEE,3,10,2,3.33,3,4.04,442,34,62,1383,54.74,Mass Recruiter,1
7.5,1,Mechanical,0,0,0,0.0,0,1.54,0,0,235,1561,20.08,Not Placed,0
7.43,1,ECE,1,6,1,4.41,2,3.22,217,18,253,1570,47.03,Mass Recruiter,1
7.81,0,CS,2,6,4,6.15,0,6.47,345,32,264,1851,64.83,Mid-tier,1
9.29,0,ECE,1,4,3,5.03,2,5.71,272,11,251,1634,67.17,Mid-tier,1
8.93,0,IT,0,0,3,4.07,3,4.49,406,14,496,1939,52.45,Mass Recruiter,1
5.99,1,Civil,0,0,0,0.0,1,2.47,0,0,0,0,10.02,Not Placed,0
5.3,0,ECE,2,8,1,0.97,3,4.27,688,15,0,0,29.56,Not Placed,0
6.81,0,Mechanical,0,0,0,0.0,2,3.15,0,0,0,0,21.24,Not Placed,0
6.7,1,ECE,0,0,2,2.73,2,3.79,9,14,99,1475,30.75,Not Placed,0
5.93,2,CS,0,0,5,2.38,5,6.2,532,37,0,0,27.0,Not Placed,0
5.58,2,ECE,0,0,2,0.82,4,4.29,49,9,0,0,13.4,Not Placed,0
6.48,1,ECE,1,3,3,4.13,1,5.3,375,41,0,0,29.14,Not Placed,0
6.41,1,IT,0,0,5,2.18,5,5.29,434,29,39,1602,30.18,Not Placed,0
8.59,1,CS,1,2,3,3.25,3,4.31,576,27,299,1622,51.09,Mass Recruiter,1
7.42,0,EEE,0,0,3,3.62,4,3.89,0,0,0,0,26.39,Not Placed,0
5.11,1,Biotech,0,0,2,0.44,0,1.64,185,23,0,0,6.66,Not Placed,0
5.0,2,Civil,2,4,2,1.76,1,2.96,491,29,38,1074,25.62,Not Placed,0
5.95,1,ECE,2,8,0,0.0,0,3.26,0,0,0,0,16.67,Not Placed,0
7.31,0,IT,0,0,4,4.02,4,6.68,505,29,195,1852,45.85,Mass Recruiter,1
8.91,0,ECE,0,0,3,4.26,4,4.95,0,0,0,0,30.89,Not Placed,0
9.1,0,Civil,1,2,3,5.13,2,3.81,0,0,66,1488,54.54,Mass Recruiter,1
8.14,0,IT,3,10,4,6.9,3,6.32,631,30,346,2321,87.32,FAANG,1
7.3,0,Mechanical,2,4,2,2.93,1,3.11,0,0,0,0,27.32,Not Placed,0
6.05,0,ECE,0,0,3,2.54,0,3.38,398,20,190,1591,33.49,Not Placed,0
7.93,0,IT,0,0,5,6.81,3,5.64,541,42,173,1543,49.87,Mass Recruiter,1
6.84,0,IT,1,8,4,5.6,0,5.84,340,25,111,1460,63.33,Mid-tier,1
6.26,4,ECE,0,0,3,2.53,3,3.96,0,0,96,1548,14.12,Not Placed,0
9.01,0,Chemical,0,0,3,4.42,1,1.9,0,0,28,1214,30.77,Not Placed,0
5.91,3,IT,2,3,1,1.58,0,3.89,498,24,255,1069,33.21,Not Placed,0
8.39,0,CS,2,6,5,5.12,4,6.06,357,25,150,1563,77.0,FAANG,1
5.86,3,CS,3,14,3,2.53,5,7.6,0,0,190,1667,51.18,Mass Recruiter,1
7.69,0,ECE,0,0,1,1.81,2,2.94,0,0,211,1548,33.4,Not Placed,0
7.38,0,CS,1,2,2,3.55,7,6.1,590,17,176,1732,51.95,Mass Recruiter,1
5.98,2,IT,2,4,3,2.12,3,5.08,482,8,0,0,45.04,Mass Recruiter,1
5.55,5,Chemical,0,0,3,0.3,1,2.96,202,10,0,0,5.33,Not Placed,0
9.16,0,IT,1,4,0,0.0,1,4.36,128,14,500,1692,48.77,Mass Recruiter,1
9.29,0,ECE,1,2,3,6.54,4,4.92,204,25,0,0,47.07,Mass Recruiter,1
7.3,0,CS,0,0,5,5.25,3,6.71,689,24,0,0,43.6,Mass Recruiter,1
6.65,1,Mechanical,1,3,3,3.71,2,3.63,593,51,0,0,34.03,Not Placed,0
5.98,5,IT,0,0,1,0.3,4,3.94,120,13,9,1475,9.11,Not Placed,0
6.77,0,Chemical,0,0,1,4.91,0,1.79,21,4,0,0,20.42,Not Placed,0
5.43,0,CS,0,0,7,2.84,2,6.27,0,0,141,1703,28.59,Not Placed,0
7.45,0,Mechanical,0,0,0,0.0,3,2.2,0,0,0,0,12.05,Not Placed,0
5.25,3,Mechanical,0,0,3,0.7,0,2.88,429,24,0,0,22.64,Not Placed,0
6.88,0,Mechanical,3,12,2,5.85,1,3.36,0,0,180,1217,62.46,Mid-tier,1
7.36,0,IT,1,2,5,5.6,3,6.91,716,27,226,1477,53.43,Mass Recruiter,1
7.41,0,IT,1,6,1,3.48,4,4.62,583,25,50,1686,45.52,Mass Recruiter,1
8.18,0,ECE,2,10,3,5.74,4,6.06,0,0,244,1526,62.16,Mid-tier,1
8.54,0,CS,1,3,3,5.49,3,5.23,699,27,135,1558,56.87,Mid-tier,1
6.82,0,Mechanical,2,4,0,0.0,1,2.14,0,0,0,0,16.95,Not Placed,0
7.23,2,ECE,1,3,2,4.21,4,4.21,652,22,157,1686,55.76,Mid-tier,1
5.32,3,EEE,1,3,4,2.57,2,3.96,0,0,0,0,17.71,Not Placed,0
6.07,0,Mechanical,0,0,0,0.0,0,1.58,22,0,0,0,9.37,Not Placed,0
6.69,0,Civil,2,4,4,4.82,3,4.99,486,34,104,1333,52.34,Mass Recruiter,1
5.65,1,Mechanical,0,0,0,0.0,1,1.87,0,0,48,1117,10.92,Not Placed,0
5.75,5,IT,1,4,2,1.55,1,4.52,380,14,199,1658,35.05,Mass Recruiter,1
7.27,0,ECE,1,4,3,3.73,1,3.9,874,22,0,1628,43.99,Mass Recruiter,1
7.66,1,CS,0,0,4,4.54,5,5.44,613,28,362,1795,53.06,Mass Recruiter,1
7.06,0,IT,2,6,5,5.21,2,5.72,425,20,216,1508,58.53,Mid-tier,1
8.2,0,ECE,2,8,4,5.38,3,5.46,556,25,172,1539,64.39,Mid-tier,1
7.49,0,ECE,0,0,6,4.97,1,5.89,253,27,125,1525,35.52,Mass Recruiter,1
6.99,3,IT,0,0,2,1.66,1,4.4,55,7,166,1442,27.7,Not Placed,0
7.89,0,IT,1,3,2,4.34,2,4.29,641,39,241,1568,52.62,Mass Recruiter,1
7.3,2,IT,3,6,3,4.54,6,6.32,127,35,0,0,51.7,Mass Recruiter,1
6.66,4,CS,0,0,4,3.51,6,5.12,621,16,95,1629,33.21,Not Placed,0
9.22,0,CS,0,0,5,4.67,2,5.02,588,35,67,1537,60.92,Mid-tier,1
8.73,0,CS,1,6,2,3.65,2,5.27,615,28,273,1414,56.53,Mid-tier,1
6.93,0,ECE,1,3,6,5.25,3,5.03,500,37,0,0,40.87,Mass Recruiter,1
7.61,0,ECE,0,0,2,2.21,1,3.42,283,18,196,1319,35.8,Mass Recruiter,1
6.66,1,IT,2,4,5,4.04,4,6.34,658,26,0,0,50.79,Mass Recruiter,1
6.18,1,Mechanical,0,0,6,4.08,1,4.77,0,0,0,0,11.92,Not Placed,0
5.0,1,CS,1,3,3,1.53,5,6.19,0,0,316,1506,42.91,Mass Recruiter,1
7.54,0,CS,2,10,4,4.16,4,7.3,396,37,172,1716,64.51,Mid-tier,1
7.98,3,CS,0,0,5,5.61,2,5.56,520,21,118,1437,42.17,Mass Recruiter,1
7.32,3,Biotech,1,6,2,5.45,1,2.2,0,0,0,0,24.68,Not Placed,0
8.04,0,CS,1,2,5,4.92,4,5.78,451,5,374,1445,56.74,Mid-tier,1
7.67,0,Mechanical,2,8,1,4.93,2,3.47,0,0,44,1507,31.47,Not Placed,0
7.57,0,Civil,0,0,2,3.23,0,3.11,430,34,0,0,16.53,Not Placed,0
9.45,0,Chemical,0,0,2,4.95,1,1.7,0,0,0,0,20.14,Not Placed,0
7.18,2,ECE,1,3,1,3.73,1,3.84,413,19,53,1208,35.2,Mass Recruiter,1
7.22,0,IT,0,0,3,3.28,3,5.72,0,0,200,1453,42.35,Mass Recruiter,1
6.41,0,Chemical,0,0,2,0.61,3,2.82,213,8,63,1167,20.4,Not Placed,0
5.76,2,Mechanical,0,0,1,2.66,0,2.28,281,22,47,1102,15.37,Not Placed,0
8.97,0,ECE,1,3,4,5.02,3,5.47,448,14,242,1646,57.54,Mid-tier,1
6.14,0,Chemical,4,10,4,5.72,1,5.55,0,0,0,0,46.26,Mass Recruiter,1
6.48,2,Civil,0,0,2,0.3,1,2.05,0,0,0,0,3.34,Not Placed,0
8.49,0,IT,1,4,4,5.3,4,6.82,589,41,0,0,47.13,Mass Recruiter,1
6.62,2,CS,0,0,5,2.7,4,6.52,591,27,31,1479,40.14,Mass Recruiter,1
8.84,1,CS,2,6,3,5.46,5,5.63,745,19,272,1858,67.98,Mid-tier,1
6.1,0,Mechanical,1,3,1,1.85,0,2.72,0,0,0,0,10.72,Not Placed,0
9.03,0,IT,1,4,5,4.94,4,6.5,433,27,109,1529,54.27,Mass Recruiter,1
5.93,1,Chemical,0,0,1,0.3,1,2.36,193,14,0,0,4.51,Not Placed,0
8.72,0,ECE,1,3,3,5.52,2,6.22,618,25,105,1624,53.73,Mass Recruiter,1
6.67,0,CS,2,6,3,3.35,3,5.46,1019,22,78,1426,58.51,Mid-tier,1
6.88,1,Chemical,0,0,3,4.6,0,1.0,0,0,0,0,16.54,Not Placed,0
7.31,0,IT,1,3,5,3.85,6,6.26,620,17,0,0,44.03,Mass Recruiter,1
8.06,0,EEE,0,0,5,4.24,2,5.11,672,36,86,1341,50.95,Mass Recruiter,1
5.86,0,IT,2,6,4,3.7,3,5.31,0,0,43,1190,41.13,Mass Recruiter,1
6.85,0,IT,0,0,2,0.46,5,5.09,266,18,150,1481,36.2,Mass Recruiter,1
8.67,0,ECE,1,4,4,4.33,3,5.03,520,32,206,1716,62.21,Mid-tier,1
7.23,0,IT,1,8,1,1.62,1,3.69,649,30,276,1408,52.67,Mass Recruiter,1
6.53,0,EEE,3,10,1,2.04,1,3.75,534,36,122,1377,39.19,Mass Recruiter,1
7.5,1,ECE,3,10,3,5.92,3,5.04,354,30,0,0,58.18,Mid-tier,1
7.89,0,CS,0,0,2,2.79,6,5.47,61,15,0,0,37.48,Mass Recruiter,1
8.01,0,IT,2,8,2,4.02,2,5.14,926,10,0,0,41.14,Mass Recruiter,1
6.74,0,EEE,1,2,1,2.21,2,2.78,218,21,268,1463,47.7,Mass Recruiter,1
6.18,1,CS,0,0,4,1.27,2,5.46,571,39,176,1551,33.9,Not Placed,0
6.03,0,CS,0,0,2,2.69,0,3.16,103,13,69,1345,21.6,Not Placed,0
6.45,2,CS,1,2,3,1.64,2,4.47,760,25,239,1952,38.37,Mass Recruiter,1
6.76,4,CS,0,0,3,2.78,2,4.9,550,41,116,1220,33.52,Not Placed,0
6.09,1,Mechanical,0,0,0,0.0,0,1.79,0,0,0,0,-0.3,Not Placed,0
7.39,1,ECE,1,3,3,5.38,2,5.58,0,0,117,1230,31.72,Not Placed,0
6.32,0,CS,1,4,6,3.0,6,6.76,759,48,0,1908,47.3,Mass Recruiter,1
7.71,1,ECE,1,2,6,5.93,3,5.57,687,28,81,1402,54.69,Mass Recruiter,1
6.89,3,Chemical,0,0,2,1.68,1,1.85,0,0,0,0,2.89,Not Placed,0
5.08,5,Biotech,0,0,2,0.3,1,2.8,0,0,0,0,0.25,Not Placed,0
6.56,0,EEE,1,6,2,2.12,2,3.98,0,0,127,1179,35.19,Mass Recruiter,1
7.07,0,CS,0,0,4,4.14,1,5.94,676,30,240,1661,55.47,Mid-tier,1
7.56,2,EEE,2,4,0,0.0,2,3.44,0,0,0,0,17.95,Not Placed,0
8.01,0,IT,1,4,1,3.87,2,4.46,610,17,55,1671,36.95,Mass Recruiter,1
6.43,2,IT,1,4,3,2.76,5,4.73,457,33,124,1382,31.88,Not Placed,0
7.27,0,ECE,1,6,3,4.54,2,3.7,502,22,0,0,37.97,Mass Recruiter,1
6.93,4,Mechanical,0,0,2,1.71,2,3.61,134,11,66,1330,16.88,Not Placed,0
8.15,0,CS,2,4,5,6.78,5,6.53,757,24,0,0,57.4,Mid-tier,1
7.58,1,IT,2,3,5,5.4,2,6.27,0,0,0,0,40.16,Mass Recruiter,1
6.49,1,Mechanical,3,18,0,0.0,2,3.99,0,0,0,0,28.4,Not Placed,0
5.73,2,ECE,0,0,3,1.64,3,3.56,799,33,0,0,10.6,Not Placed,0
7.48,2,IT,2,6,3,4.34,3,5.22,591,34,105,1553,47.33,Mass Recruiter,1
6.22,1,CS,1,3,4,2.92,2,6.57,826,41,206,1523,51.74,Mass Recruiter,1
7.0,0,CS,0,0,1,2.8,5,4.45,66,4,98,1379,27.64,Not Placed,0
6.98,0,ECE,3,14,3,4.05,2,6.07,842,33,179,1609,66.74,Mid-tier,1
7.15,0,Biotech,0,0,2,3.34,3,1.74,0,0,9,1107,25.84,Not Placed,0
7.92,1,CS,0,0,4,3.86,4,5.51,659,38,492,1988,61.38,Mid-tier,1
7.72,0,EEE,0,0,1,3.06,0,3.17,369,17,0,0,20.82,Not Placed,0
6.82,1,EEE,0,0,5,2.14,1,3.87,275,23,57,1411,29.24,Not Placed,0
5.12,0,CS,3,10,6,3.26,3,6.23,237,9,45,1354,50.87,Mass Recruiter,1
6.65,2,CS,1,3,4,4.5,0,3.92,278,38,233,1741,54.73,Mass Recruiter,1
7.6,0,ECE,0,0,4,3.6,4,3.94,496,6,65,1145,41.87,Mass Recruiter,1
7.46,1,IT,0,0,4,3.98,2,6.12,0,0,198,1451,34.07,Not Placed,0
8.04,0,Chemical,0,0,4,3.33,1,3.28,513,27,0,0,30.88,Not Placed,0
8.48,0,CS,0,0,7,6.54,5,6.5,0,0,320,1465,53.15,Mass Recruiter,1
6.77,0,ECE,0,0,3,1.62,3,4.38,401,36,40,1413,38.82,Mass Recruiter,1
6.63,0,IT,3,10,3,3.02,3,6.67,0,0,139,1788,57.54,Mid-tier,1
6.27,0,ECE,0,0,3,1.82,3,4.39,395,20,0,0,21.72,Not Placed,0
6.64,4,Mechanical,0,0,5,3.18,2,3.37,0,0,0,0,16.1,Not Placed,0
7.36,1,Mechanical,0,0,1,2.89,2,2.08,0,0,0,0,11.0,Not Placed,0
7.65,0,IT,3,8,3,6.67,4,5.38,314,37,0,0,53.84,Mass Recruiter,1
6.88,0,CS,1,1,2,4.04,1,3.91,431,20,0,0,27.46,Not Placed,0
5.98,4,IT,0,0,2,1.42,4,5.1,211,9,0,0,12.83,Not Placed,0
6.99,0,CS,4,12,2,4.69,4,7.33,647,23,210,1645,82.49,FAANG,1
7.73,0,ECE,0,0,0,0.0,4,3.47,112,7,106,1209,25.36,Not Placed,0
6.71,0,ECE,0,0,2,4.01,3,4.04,0,0,0,0,12.44,Not Placed,0
6.48,0,ECE,1,4,4,2.7,3,5.2,0,0,0,0,21.33,Not Placed,0
7.46,0,CS,0,0,3,2.81,2,4.51,129,25,88,1559,27.81,Not Placed,0
6.79,4,ECE,0,0,2,3.49,4,3.96,132,8,205,1602,24.08,Not Placed,0
7.8,0,CS,1,1,6,4.69,6,8.39,855,43,0,0,48.29,Mass Recruiter,1
8.14,0,ECE,1,6,3,4.7,2,5.1,599,27,93,1122,49.06,Mass Recruiter,1
5.52,4,IT,1,3,4,1.77,3,4.58,523,22,0,0,30.42,Not Placed,0
6.94,0,ECE,2,3,2,2.78,3,5.48,507,39,45,1343,48.49,Mass Recruiter,1
8.25,0,Civil,1,2,2,3.75,4,2.69,0,0,0,0,36.29,Mass Recruiter,1
7.24,0,EEE,0,0,0,0.0,1,1.52,5,4,0,0,13.44,Not Placed,0
7.94,0,ECE,1,2,2,4.71,3,4.17,0,0,113,1537,34.62,Not Placed,0
6.3,0,Chemical,0,0,1,1.99,2,1.7,59,7,0,0,14.34,Not Placed,0
6.71,2,ECE,0,0,3,3.64,0,4.12,0,0,282,1616,39.14,Mass Recruiter,1
7.96,2,CS,0,0,5,5.92,0,5.59,586,17,98,1761,38.69,Mass Recruiter,1
6.63,0,EEE,0,0,3,3.07,3,1.82,0,0,112,1469,37.22,Mass Recruiter,1
9.13,0,ECE,1,8,4,7.47,5,4.96,370,36,259,1739,70.1,Mid-tier,1
5.61,3,IT,0,0,5,4.18,6,6.31,0,0,261,1670,33.62,Not Placed,0
5.95,3,CS,1,8,3,3.13,1,4.42,373,38,198,1660,43.36,Mass Recruiter,1
9.27,0,ECE,1,2,4,4.25,5,5.35,487,12,571,1551,69.95,Mid-tier,1
5.93,3,Mechanical,0,0,0,0.0,1,3.0,0,0,107,1573,-0.3,Not Placed,0
8.21,0,IT,0,0,6,6.26,6,6.68,442,20,0,0,45.21,Mass Recruiter,1
6.63,0,ECE,0,0,3,1.36,1,3.42,343,30,0,0,20.32,Not Placed,0
6.64,1,Mechanical,0,0,3,3.3,2,2.61,600,34,0,0,25.73,Not Placed,0
5.9,1,IT,2,3,5,2.97,2,6.46,570,30,220,1353,50.87,Mass Recruiter,1
7.7,0,ECE,0,0,3,2.39,1,3.39,546,22,234,1666,41.07,Mass Recruiter,1
9.24,0,EEE,1,3,1,4.19,3,3.46,0,0,141,1417,27.05,Not Placed,0
7.68,2,IT,2,6,5,5.84,5,6.84,526,29,159,1738,64.58,Mid-tier,1
6.28,2,CS,1,3,3,3.09,1,4.14,661,16,206,1415,36.61,Mass Recruiter,1
7.49,0,IT,2,8,6,4.82,2,6.62,0,0,215,1915,65.63,Mid-tier,1
6.96,1,IT,0,0,2,1.49,1,3.82,0,0,0,0,18.89,Not Placed,0
9.19,0,Mechanical,0,0,0,0.0,9,2.9,0,0,0,0,20.7,Not Placed,0
8.33,0,Mechanical,1,3,1,5.38,4,3.58,128,10,0,0,30.82,Not Placed,0
7.66,1,CS,1,2,0,0.0,2,4.03,62,4,62,1396,28.19,Not Placed,0
6.14,1,Mechanical,0,0,2,0.85,1,2.13,0,0,0,0,15.79,Not Placed,0
8.69,0,CS,0,0,4,4.62,5,6.38,840,35,547,1443,57.48,Mid-tier,1
5.92,5,IT,2,8,6,4.04,1,6.85,126,38,67,1260,43.29,Mass Recruiter,1
9.36,0,CS,0,0,2,5.54,3,4.48,492,23,391,2009,57.71,Mid-tier,1
6.34,3,CS,0,0,4,2.08,4,5.35,382,40,0,0,20.93,Not Placed,0
7.12,0,EEE,0,0,4,1.86,0,4.56,0,0,0,0,22.79,Not Placed,0
7.55,0,CS,0,0,3,5.06,6,6.31,0,0,307,1624,38.44,Mass Recruiter,1
6.09,2,ECE,0,0,0,0.0,0,3.01,23,2,0,0,8.55,Not Placed,0
8.89,0,EEE,0,0,0,0.0,0,2.74,0,0,231,1726,13.46,Not Placed,0
7.31,0,CS,2,10,6,4.78,1,6.18,0,0,578,1815,68.64,Mid-tier,1
6.88,0,ECE,0,0,5,2.68,2,3.89,0,0,0,0,22.81,Not Placed,0
6.17,3,IT,1,1,2,2.12,1,3.91,649,15,0,0,23.0,Not Placed,0
8.46,0,CS,1,2,2,4.63,4,4.29,420,10,511,1452,63.05,Mid-tier,1
5.83,1,Civil,1,8,1,2.58,0,3.04,0,0,0,0,17.35,Not Placed,0
7.41,0,Chemical,2,3,1,5.15,3,3.55,0,0,0,0,43.52,Mass Recruiter,1
6.65,1,CS,3,12,3,4.6,3,6.94,575,41,207,1429,58.2,Mid-tier,1
8.33,0,CS,4,8,3,5.75,2,4.96,453,34,233,1657,67.57,Mid-tier,1
8.11,0,Mechanical,0,0,0,0.0,2,3.14,0,0,117,1336,25.84,Not Placed,0
6.24,1,CS,0,0,4,2.12,0,4.7,891,59,336,1530,49.42,Mass Recruiter,1
5.88,3,CS,2,4,1,3.62,4,4.97,760,21,110,1529,35.17,Mass Recruiter,1
8.11,0,Mechanical,0,0,0,0.0,6,3.51,15,0,0,0,18.16,Not Placed,0
6.74,2,ECE,0,0,0,0.0,2,1.75,30,0,149,1993,19.57,Not Placed,0
5.36,3,ECE,0,0,2,1.55,0,2.42,0,0,0,0,7.34,Not Placed,0
5.84,0,Mechanical,0,0,1,1.78,1,1.8,0,0,32,1311,15.78,Not Placed,0
6.17,1,Mechanical,0,0,2,2.0,1,3.36,0,0,133,1544,23.77,Not Placed,0
7.16,0,EEE,1,8,0,0.0,2,2.22,0,0,0,0,16.21,Not Placed,0
6.97,0,CS,1,3,4,6.19,2,6.37,610,24,161,1205,44.64,Mass Recruiter,1
8.27,0,CS,0,0,1,4.15,6,5.82,34,9,161,1544,30.04,Not Placed,0
7.48,1,CS,0,0,6,3.51,3,6.02,456,42,402,1903,52.18,Mass Recruiter,1
8.36,0,IT,1,8,5,5.92,1,5.09,612,28,0,0,55.18,Mid-tier,1
7.93,0,Biotech,0,0,1,1.61,0,1.8,0,0,100,1491,20.46,Not Placed,0
6.25,2,ECE,0,0,1,2.45,2,3.94,195,15,77,1213,26.19,Not Placed,0
7.41,0,ECE,1,3,2,2.82,1,4.36,542,36,22,1368,45.02,Mass Recruiter,1
8.33,0,IT,2,6,4,6.16,3,8.23,377,10,134,1545,59.72,Mid-tier,1
7.29,0,Mechanical,3,8,1,5.62,0,2.89,0,0,0,0,40.9,Mass Recruiter,1
6.28,0,ECE,0,0,2,0.57,1,3.58,630,31,0,1502,29.22,Not Placed,0
8.86,0,Mechanical,0,0,0,0.0,4,1.91,0,7,0,0,22.46,Not Placed,0
6.88,2,IT,1,4,3,4.41,1,3.89,0,0,208,1532,36.78,Mass Recruiter,1
8.46,0,Civil,1,2,2,6.19,2,2.51,0,0,150,1418,35.34,Mass Recruiter,1
7.94,0,ECE,0,0,1,2.41,3,4.54,260,15,172,1447,32.21,Not Placed,0
7.89,2,ECE,0,0,3,3.53,2,4.59,422,27,202,1465,45.66,Mass Recruiter,1
5.21,4,Mechanical,2,4,0,0.0,3,2.59,0,0,0,0,20.83,Not Placed,0
6.29,3,IT,1,4,3,1.55,3,6.41,674,18,89,1391,35.96,Mass Recruiter,1
6.27,0,CS,1,4,2,1.55,4,4.81,462,23,111,1204,37.02,Mass Recruiter,1
6.57,1,CS,2,8,4,3.85,1,6.3,672,32,0,0,52.4,Mass Recruiter,1
7.0,0,CS,0,0,3,0.3,4,5.34,268,49,0,0,18.11,Not Placed,0
6.39,2,EEE,2,6,2,2.89,5,5.79,0,0,34,1375,34.31,Not Placed,0
6.2,1,ECE,0,0,0,0.0,4,3.34,0,0,0,0,4.25,Not Placed,0
5.89,5,CS,4,8,7,2.84,2,5.93,690,19,151,1587,59.63,Mid-tier,1
6.82,2,EEE,1,2,1,2.68,2,3.08,174,4,73,1557,29.07,Not Placed,0
8.09,0,ECE,1,4,2,3.93,0,3.23,896,34,305,1309,49.43,Mass Recruiter,1
8.01,1,Mechanical,0,0,3,3.03,3,3.16,786,27,128,1422,47.68,Mass Recruiter,1
8.45,0,ECE,3,14,4,6.91,2,4.48,627,15,266,1506,74.95,FAANG,1
7.01,0,IT,0,0,2,3.65,2,4.7,501,31,0,0,22.79,Not Placed,0
7.42,1,CS,1,2,5,3.92,4,6.95,429,34,504,1893,61.28,Mid-tier,1
6.19,1,IT,1,4,4,4.0,5,6.57,0,0,206,1662,41.58,Mass Recruiter,1
7.52,0,ECE,1,3,2,4.28,1,4.8,598,32,255,1700,46.68,Mass Recruiter,1
6.84,2,CS,3,10,3,3.78,0,5.1,616,11,0,0,54.63,Mass Recruiter,1
6.14,1,EEE,0,0,1,2.2,1,2.82,137,25,223,1596,25.61,Not Placed,0
7.35,0,IT,1,6,3,2.35,5,5.09,859,18,264,1566,45.78,Mass Recruiter,1
5.73,1,IT,0,0,4,2.23,3,5.53,447,30,111,1330,38.25,Mass Recruiter,1
9.67,0,CS,0,0,2,5.49,5,4.59,159,4,460,1764,45.49,Mass Recruiter,1
6.08,4,ECE,3,6,2,3.15,1,4.96,0,0,0,0,29.5,Not Placed,0
6.22,2,Mechanical,0,0,3,1.89,0,3.54,338,19,143,1399,27.71,Not Placed,0
6.1,4,IT,0,0,0,0.0,3,4.64,0,0,250,1238,2.38,Not Placed,0
7.91,1,ECE,1,2,2,4.82,2,3.96,865,37,215,1392,38.48,Mass Recruiter,1
8.94,0,Civil,0,0,4,4.76,2,2.98,0,0,0,0,28.62,Not Placed,0
5.41,3,CS,0,0,2,0.93,2,4.74,0,0,0,0,13.58,Not Placed,0
7.09,0,Chemical,0,0,1,2.55,1,1.76,17,4,0,0,14.99,Not Placed,0
7.31,0,CS,1,3,3,3.57,1,4.24,146,25,435,2077,62.95,Mid-tier,1
7.1,0,Civil,0,0,3,4.11,2,3.11,625,22,0,0,23.01,Not Placed,0
5.25,6,Mechanical,0,0,4,1.45,1,3.68,0,0,0,0,6.98,Not Placed,0
9.19,0,Chemical,0,0,1,4.93,1,2.19,199,19,0,0,19.6,Not Placed,0
8.64,0,Mechanical,1,4,2,6.22,2,2.96,633,29,0,0,36.63,Mass Recruiter,1
7.05,1,CS,1,3,4,3.9,6,6.19,719,23,232,1394,50.08,Mass Recruiter,1
7.64,0,IT,2,3,1,3.03,3,6.25,608,20,0,0,43.55,Mass Recruiter,1
7.95,0,CS,4,6,4,6.74,1,5.92,339,28,228,1518,65.34,Mid-tier,1
6.66,0,CS,2,6,4,2.63,2,7.19,291,41,230,1273,55.75,Mid-tier,1
6.46,0,Mechanical,0,0,1,2.63,1,2.66,22,4,0,0,17.26,Not Placed,0
6.8,0,ECE,0,0,3,3.63,0,3.75,0,0,0,0,23.75,Not Placed,0
6.41,1,ECE,2,4,1,4.42,4,5.05,0,0,177,1213,39.68,Mass Recruiter,1
7.08,0,Chemical,0,0,2,1.48,2,2.64,355,5,0,0,23.88,Not Placed,0
6.93,0,Civil,0,0,2,2.14,0,1.62,0,0,0,0,12.59,Not Placed,0
7.74,0,CS,2,4,3,2.15,4,5.02,0,0,460,1871,59.05,Mid-tier,1
6.6,0,IT,0,0,3,1.6,3,4.6,485,21,185,1505,40.13,Mass Recruiter,1
6.82,0,ECE,0,0,7,4.21,3,6.1,607,39,0,0,29.55,Not Placed,0
6.26,3,Civil,0,0,0,0.0,3,1.48,0,0,0,0,9.27,Not Placed,0
5.52,3,Mechanical,0,0,2,0.65,2,2.83,162,10,0,0,8.22,Not Placed,0
7.9,0,CS,2,8,4,4.91,2,6.29,749,34,116,1795,63.18,Mid-tier,1
7.04,1,CS,1,6,3,2.97,3,4.57,549,27,223,1506,48.37,Mass Recruiter,1
6.83,3,IT,3,10,3,5.62,1,6.05,352,37,226,1435,72.6,Mid-tier,1
7.29,0,ECE,3,6,2,4.62,0,3.1,0,0,0,0,45.36,Mass Recruiter,1
6.45,3,ECE,0,0,5,3.64,4,5.29,0,0,62,1397,24.18,Not Placed,0
6.05,0,Chemical,0,0,3,2.63,0,1.0,440,29,0,0,23.11,Not Placed,0
8.58,0,Mechanical,3,12,3,5.04,0,4.74,0,0,0,0,56.85,Mid-tier,1
7.17,0,CS,1,2,0,0.0,4,4.74,0,0,293,1608,45.64,Mass Recruiter,1
6.15,2,ECE,1,4,2,2.25,2,3.39,322,14,76,1526,30.95,Not Placed,0
7.62,0,Mechanical,0,0,0,0.0,3,2.96,0,0,39,1306,17.76,Not Placed,0
7.05,2,Mechanical,1,6,1,1.98,1,3.28,0,0,0,0,20.61,Not Placed,0
7.73,0,Mechanical,0,0,0,0.0,1,1.83,20,0,104,1062,16.89,Not Placed,0
8.1,0,CS,1,3,2,4.65,8,7.32,460,30,0,0,42.69,Mass Recruiter,1
8.04,0,Civil,1,4,0,0.0,1,1.06,0,0,0,0,16.97,Not Placed,0
7.69,0,EEE,0,0,1,3.73,2,2.92,111,5,310,1555,31.28,Not Placed,0
7.65,0,IT,0,0,5,3.63,3,5.98,778,22,106,1838,41.24,Mass Recruiter,1
8.04,0,ECE,0,0,4,4.27,3,3.47,0,0,137,1439,30.85,Not Placed,0
8.85,0,Civil,1,4,3,5.96,1,1.86,441,20,0,0,44.57,Mass Recruiter,1
8.14,0,Chemical,0,0,1,3.59,2,2.73,0,0,42,1394,23.17,Not Placed,0
7.91,1,CS,1,4,2,4.03,2,5.01,448,9,281,1685,53.68,Mass Recruiter,1
6.75,1,IT,0,0,3,3.34,2,3.95,720,28,252,1483,30.06,Not Placed,0
8.97,0,CS,1,3,2,5.14,7,6.52,587,34,338,1994,62.96,Mid-tier,1
9.27,0,EEE,1,3,3,6.09,1,4.59,936,39,0,0,38.92,Mass Recruiter,1
7.24,0,IT,0,0,2,2.86,4,5.14,95,16,0,0,19.36,Not Placed,0
7.34,0,CS,1,2,6,4.28,5,6.95,485,39,194,1673,68.4,Mid-tier,1
6.43,2,IT,0,0,2,2.07,2,4.05,0,0,28,1284,31.87,Not Placed,0
7.55,0,CS,0,0,6,3.29,5,7.1,757,21,163,1559,54.64,Mass Recruiter,1
7.78,1,IT,0,0,2,2.41,2,5.0,446,14,170,1775,42.8,Mass Recruiter,1
5.0,0,EEE,0,0,1,0.3,0,3.28,0,0,0,0,12.57,Not Placed,0
7.91,0,CS,2,8,3,6.4,1,5.15,885,32,190,1373,67.3,Mid-tier,1
8.43,1,Mechanical,0,0,3,3.97,4,2.87,0,0,0,0,25.9,Not Placed,0
7.56,0,CS,1,2,3,2.83,1,5.82,493,34,94,1361,49.14,Mass Recruiter,1
7.59,1,Civil,0,0,3,3.23,2,2.16,155,45,45,1283,22.0,Not Placed,0
7.55,0,ECE,4,12,3,5.35,0,5.3,501,14,152,1600,53.1,Mass Recruiter,1
7.08,2,ECE,0,0,3,2.96,3,3.96,1015,19,0,0,16.73,Not Placed,0
8.19,0,IT,2,3,3,4.25,3,6.69,615,20,178,1588,58.9,Mid-tier,1
6.03,0,EEE,2,10,2,0.3,2,5.15,401,5,0,0,50.09,Mass Recruiter,1
6.0,1,CS,1,4,4,1.9,3,5.46,452,25,0,0,38.67,Mass Recruiter,1
7.22,1,CS,0,0,3,2.52,6,6.57,570,38,0,0,32.34,Not Placed,0
5.18,3,ECE,0,0,4,0.3,1,4.55,374,5,65,1419,20.47,Not Placed,0
7.16,0,IT,1,2,4,4.61,7,6.46,405,46,0,0,37.61,Mass Recruiter,1
7.21,0,Civil,1,3,2,3.58,3,3.52,576,23,0,0,27.55,Not Placed,0
8.13,0,ECE,1,3,3,4.08,4,3.04,808,25,0,0,37.84,Mass Recruiter,1
6.56,2,CS,0,0,2,0.91,2,5.89,294,24,187,1044,30.94,Not Placed,0
5.48,1,Mechanical,0,0,4,1.19,0,4.17,0,0,0,0,13.98,Not Placed,0
6.87,0,IT,0,0,1,4.04,1,3.02,50,2,185,1700,21.72,Not Placed,0
5.0,0,CS,0,0,2,0.3,2,3.89,0,0,0,0,4.58,Not Placed,0
8.24,2,CS,2,8,4,5.63,5,7.19,0,0,188,1385,56.61,Mid-tier,1
8.54,1,IT,1,3,4,5.94,5,6.79,644,24,225,1547,61.48,Mid-tier,1
7.51,0,ECE,0,0,1,2.18,1,3.25,35,4,196,1633,24.85,Not Placed,0
5.73,2,IT,0,0,3,0.3,3,5.22,0,0,0,0,13.31,Not Placed,0
7.3,1,ECE,0,0,2,3.48,3,3.42,138,4,0,0,23.88,Not Placed,0
7.62,0,Mechanical,3,8,3,5.37,1,3.98,632,18,0,0,51.63,Mass Recruiter,1
8.9,0,ECE,2,4,4,7.56,4,4.99,458,14,0,0,50.63,Mass Recruiter,1
6.31,0,ECE,2,6,4,4.54,0,4.99,515,19,0,0,50.42,Mass Recruiter,1
8.99,0,CS,2,4,5,7.24,6,7.07,882,25,163,1868,78.21,FAANG,1
6.21,3,CS,0,0,3,3.8,0,4.51,592,16,315,1377,36.22,Mass Recruiter,1
6.21,2,CS,1,4,1,0.41,3,4.68,529,54,303,1533,46.11,Mass Recruiter,1
6.05,1,CS,1,4,5,3.35,1,5.4,0,0,0,0,29.53,Not Placed,0
5.79,3,CS,0,0,2,1.25,3,3.96,251,12,0,0,18.46,Not Placed,0
6.75,2,Civil,0,0,3,2.71,0,2.98,0,0,88,1312,17.72,Not Placed,0
6.53,0,IT,0,0,2,2.55,3,4.86,192,9,57,1377,22.71,Not Placed,0
6.5,2,EEE,2,8,1,4.05,4,3.96,345,42,83,1396,40.04,Mass Recruiter,1
7.43,0,Chemical,0,0,2,1.47,3,3.44,119,8,0,0,22.27,Not Placed,0
6.27,2,Mechanical,1,4,3,1.96,0,3.7,0,0,72,1267,22.03,Not Placed,0
6.47,2,CS,1,3,5,4.41,0,6.14,503,31,0,0,27.67,Not Placed,0
6.97,1,ECE,1,3,4,5.19,3,4.82,478,28,0,0,33.25,Not Placed,0
7.46,3,ECE,1,3,2,5.89,1,4.31,369,12,0,0,32.31,Not Placed,0
8.46,0,Chemical,1,4,0,0.0,2,2.91,211,11,0,0,29.46,Not Placed,0
6.71,0,Civil,0,0,3,1.71,1,1.57,0,0,59,1413,20.33,Not Placed,0
8.05,0,CS,0,0,4,6.63,3,5.25,484,33,110,1512,40.7,Mass Recruiter,1
6.1,0,IT,0,0,4,3.81,3,6.43,0,0,382,1184,38.29,Mass Recruiter,1
6.24,3,ECE,0,0,1,0.66,3,4.37,206,13,145,1524,22.86,Not Placed,0
7.93,2,CS,1,3,3,4.96,6,4.92,854,15,0,0,44.33,Mass Recruiter,1
7.41,0,CS,2,10,2,4.64,4,5.23,479,38,125,1377,51.87,Mass Recruiter,1
7.38,0,IT,0,0,4,4.63,2,5.44,0,0,161,1371,31.04,Not Placed,0
7.0,0,CS,2,4,3,3.5,1,6.36,288,54,290,1654,52.73,Mass Recruiter,1
8.54,0,CS,1,6,2,6.17,11,5.8,697,21,328,1606,64.39,Mid-tier,1
6.18,0,CS,0,0,5,4.32,3,6.35,560,32,246,1410,48.38,Mass Recruiter,1
7.89,0,IT,0,0,2,2.81,4,4.65,598,41,0,0,25.0,Not Placed,0
9.1,0,IT,1,8,3,5.7,4,5.05,523,37,194,1648,59.02,Mid-tier,1
7.52,1,EEE,0,0,5,4.6,2,5.3,635,42,0,0,34.35,Not Placed,0
6.22,2,IT,0,0,5,2.36,1,4.85,0,0,229,1624,28.74,Not Placed,0
8.56,0,Mechanical,2,10,2,5.08,2,2.98,0,0,0,0,43.08,Mass Recruiter,1
5.61,3,ECE,3,6,2,3.34,2,5.21,0,0,0,0,31.95,Not Placed,0
8.94,0,ECE,1,4,4,4.94,5,5.13,160,14,247,1680,57.31,Mid-tier,1
7.95,1,CS,0,0,3,3.39,2,4.59,665,16,212,1334,49.08,Mass Recruiter,1
7.42,1,CS,0,0,4,2.14,2,4.92,0,0,321,1256,33.65,Not Placed,0
5.8,2,Chemical,0,0,3,1.75,1,2.33,0,0,23,1241,9.96,Not Placed,0
7.09,0,CS,1,2,3,2.6,3,4.94,666,25,54,1204,50.28,Mass Recruiter,1
6.8,0,ECE,0,0,0,0.0,3,3.2,0,0,173,1514,32.34,Not Placed,0
5.42,4,IT,3,12,3,1.06,3,7.34,0,0,0,0,28.67,Not Placed,0
7.89,1,CS,0,0,4,3.34,4,4.95,464,25,346,1935,56.89,Mid-tier,1
9.21,0,CS,1,3,4,5.71,4,5.42,241,36,370,1924,65.81,Mid-tier,1
5.75,0,IT,1,3,0,0.0,5,4.29,222,14,129,1549,32.66,Not Placed,0
8.89,0,CS,1,3,3,5.03,3,6.61,319,37,256,1576,60.53,Mid-tier,1
6.73,1,Chemical,0,0,1,2.83,5,2.19,0,0,0,0,15.06,Not Placed,0
6.1,2,Civil,0,0,0,0.0,2,1.29,0,0,98,1370,7.17,Not Placed,0
6.7,3,EEE,1,4,1,1.99,1,3.71,913,32,0,0,23.88,Not Placed,0
8.45,0,Biotech,0,0,3,4.29,1,3.0,612,47,124,1573,37.69,Mass Recruiter,1
7.07,0,ECE,0,0,3,3.58,1,4.12,349,38,0,0,26.83,Not Placed,0
6.16,1,IT,1,8,2,1.16,3,4.88,809,24,179,1623,44.14,Mass Recruiter,1
5.9,0,EEE,3,8,2,3.95,2,5.81,571,25,0,0,43.93,Mass Recruiter,1
5.31,2,Mechanical,0,0,2,1.72,0,2.66,0,0,0,0,9.45,Not Placed,0
5.67,3,Mechanical,2,4,4,3.66,3,5.22,0,0,0,0,32.47,Not Placed,0
6.32,1,CS,2,4,4,3.77,5,7.59,375,37,237,1505,52.87,Mass Recruiter,1
8.0,0,ECE,2,10,4,6.29,3,6.83,385,56,147,1768,72.53,Mid-tier,1
7.15,2,EEE,0,0,2,2.5,1,3.69,487,19,0,0,20.17,Not Placed,0
8.36,0,Civil,3,12,3,6.1,0,3.4,0,0,0,0,48.79,Mass Recruiter,1
6.91,0,Chemical,0,0,0,0.0,0,1.0,15,3,0,0,7.02,Not Placed,0
7.11,0,Biotech,0,0,4,1.52,2,1.7,0,0,0,0,18.17,Not Placed,0
8.27,0,CS,0,0,3,3.36,5,5.02,701,20,535,2134,60.57,Mid-tier,1
7.03,0,IT,1,2,4,4.43,0,5.16,395,48,26,1425,49.3,Mass Recruiter,1
7.52,0,CS,0,0,2,5.11,0,4.69,0,0,112,1654,33.25,Not Placed,0
6.83,3,Chemical,1,4,4,4.5,2,3.83,0,0,0,0,24.91,Not Placed,0
6.47,2,CS,1,3,4,2.82,2,4.39,648,41,0,0,36.82,Mass Recruiter,1
6.76,0,Mechanical,1,3,2,3.62,2,3.45,396,37,47,1297,42.99,Mass Recruiter,1
9.09,0,IT,0,0,3,5.28,2,3.99,0,0,182,1636,30.15,Not Placed,0
7.04,0,Civil,1,3,0,0.0,3,1.88,140,14,0,0,20.04,Not Placed,0
6.79,0,IT,0,0,1,3.79,1,2.73,70,8,315,1223,34.91,Not Placed,0
6.88,0,CS,0,0,4,2.55,4,6.55,643,27,0,0,35.92,Mass Recruiter,1
8.04,0,IT,2,3,3,4.82,0,4.28,627,44,0,0,49.07,Mass Recruiter,1
6.08,1,EEE,1,1,1,4.46,2,4.41,185,14,0,0,26.85,Not Placed,0
6.51,0,IT,0,0,1,1.65,1,4.92,237,12,159,1813,23.7,Not Placed,0
7.48,0,IT,1,3,2,4.97,5,6.58,641,40,180,1389,49.18,Mass Recruiter,1
8.03,0,Biotech,0,0,0,0.0,3,1.95,0,0,83,1370,19.32,Not Placed,0
5.71,1,IT,1,4,5,2.8,2,5.9,554,36,0,0,36.57,Mass Recruiter,1
5.5,2,CS,3,10,4,4.41,1,7.51,609,21,128,1887,65.16,Mid-tier,1
6.74,4,EEE,2,6,0,0.0,4,4.84,0,0,0,0,15.18,Not Placed,0
7.21,2,Mechanical,0,0,2,1.49,2,2.82,463,52,116,1460,33.05,Not Placed,0
7.96,0,ECE,0,0,3,4.8,1,4.42,0,0,244,1444,41.75,Mass Recruiter,1
8.28,0,CS,0,0,6,3.63,2,6.48,500,19,143,1522,56.42,Mid-tier,1
5.72,2,Civil,0,0,1,0.3,0,2.03,96,2,0,0,2.89,Not Placed,0
5.62,4,CS,1,8,4,1.38,5,6.17,448,28,80,1758,40.72,Mass Recruiter,1
5.0,3,ECE,1,3,1,0.3,0,3.63,0,0,70,1180,17.78,Not Placed,0
7.18,0,IT,0,0,3,3.32,2,5.8,619,25,184,1333,51.95,Mass Recruiter,1
7.19,0,IT,1,2,3,4.04,3,4.96,516,26,144,1633,47.9,Mass Recruiter,1
6.22,1,EEE,0,0,1,1.25,1,2.34,155,16,62,1363,21.03,Not Placed,0
8.16,0,IT,0,0,3,1.95,3,5.9,530,19,0,0,28.21,Not Placed,0
5.98,3,CS,1,4,2,1.95,1,4.54,433,4,0,0,22.48,Not Placed,0
6.51,0,CS,1,3,1,3.97,1,4.81,233,10,105,1423,38.1,Mass Recruiter,1
7.21,0,Mechanical,0,0,1,4.25,0,1.0,110,19,60,1436,19.09,Not Placed,0
6.8,2,CS,2,3,4,4.44,2,6.8,762,32,224,1426,53.14,Mass Recruiter,1
7.09,2,CS,1,3,3,2.56,3,4.92,139,35,171,1746,35.55,Mass Recruiter,1
5.97,1,Biotech,0,0,1,0.3,0,2.06,42,2,0,0,14.56,Not Placed,0
6.64,0,IT,1,2,3,2.46,5,5.73,0,0,0,0,37.04,Mass Recruiter,1
5.99,2,Civil,2,3,1,3.44,0,2.87,0,0,0,0,17.56,Not Placed,0
7.54,0,IT,3,10,4,6.18,3,7.46,772,19,155,1529,65.1,Mid-tier,1
6.6,0,IT,0,0,2,1.28,4,4.99,177,4,217,1641,36.67,Mass Recruiter,1
6.28,2,Mechanical,3,8,3,3.86,1,3.85,0,0,0,0,36.84,Mass Recruiter,1
6.39,0,CS,2,8,6,4.53,6,7.21,703,39,191,1290,66.31,Mid-tier,1
8.65,0,IT,0,0,4,4.9,3,5.27,882,26,190,1895,48.96,Mass Recruiter,1
7.11,0,Mechanical,0,0,6,3.42,2,4.63,0,0,42,1340,41.12,Mass Recruiter,1
8.4,0,EEE,0,0,0,0.0,3,2.78,0,0,0,0,20.97,Not Placed,0
7.31,0,Biotech,0,0,2,2.19,0,1.66,0,0,0,0,12.43,Not Placed,0
6.85,1,CS,2,3,4,3.05,1,3.99,482,35,252,1580,53.67,Mass Recruiter,1
7.64,0,CS,0,0,1,2.88,1,4.37,21,14,166,1430,23.97,Not Placed,0
5.05,1,ECE,0,0,3,0.3,0,3.98,282,34,22,1559,23.87,Not Placed,0
6.09,1,Mechanical,0,0,2,2.48,1,2.78,0,0,121,1155,20.47,Not Placed,0
6.94,0,CS,0,0,7,2.06,2,6.02,543,42,333,1652,56.42,Mid-tier,1
6.03,3,IT,4,6,4,3.89,4,6.75,0,0,0,0,39.82,Mass Recruiter,1
8.83,1,Chemical,0,0,2,4.92,2,1.98,435,30,208,1862,42.46,Mass Recruiter,1
7.7,0,CS,1,4,6,5.11,5,7.9,659,28,0,0,50.91,Mass Recruiter,1
7.24,0,Mechanical,0,0,1,2.36,2,2.42,0,0,78,1336,19.75,Not Placed,0
5.71,3,IT,2,4,4,2.13,1,6.08,457,25,61,1459,37.31,Mass Recruiter,1
7.0,0,ECE,0,0,4,3.94,4,4.82,0,0,0,0,9.19,Not Placed,0
7.55,0,Mechanical,2,4,0,0.0,0,2.12,0,0,120,1355,31.45,Not Placed,0
7.95,0,IT,2,3,4,5.97,3,5.87,0,0,491,1877,60.25,Mid-tier,1
7.81,0,ECE,4,8,1,4.25,1,3.57,617,39,229,1695,60.49,Mid-tier,1
6.56,2,IT,0,0,2,1.18,4,5.2,103,20,0,0,16.62,Not Placed,0
7.6,0,Chemical,0,0,1,2.89,3,1.93,0,0,138,1244,31.11,Not Placed,0
6.63,0,IT,2,6,2,2.59,3,5.0,381,48,251,1855,44.01,Mass Recruiter,1
9.43,0,CS,2,6,2,5.63,2,4.74,665,26,236,1558,66.66,Mid-tier,1
7.53,1,ECE,1,4,3,3.16,2,3.57,0,0,234,1591,35.5,Mass Recruiter,1
8.21,0,Civil,0,0,2,3.67,3,3.7,388,6,45,1359,30.61,Not Placed,0
5.83,3,Mechanical,0,0,0,0.0,4,2.42,0,0,0,0,2.27,Not Placed,0
5.63,3,ECE,0,0,1,0.3,1,3.7,171,7,66,1072,16.31,Not Placed,0
6.33,0,CS,0,0,4,2.44,4,5.41,398,38,280,1510,42.83,Mass Recruiter,1
8.95,1,CS,1,4,5,7.77,4,6.56,626,27,0,0,52.75,Mass Recruiter,1
5.48,2,ECE,0,0,4,1.64,4,4.96,727,19,263,1363,27.72,Not Placed,0
8.89,0,ECE,2,6,2,4.16,4,5.25,355,33,198,1322,57.57,Mid-tier,1
6.27,0,ECE,1,6,2,1.84,0,4.35,0,0,154,1503,38.54,Mass Recruiter,1
7.35,0,Mechanical,0,0,2,1.3,2,3.4,109,16,3,1449,20.57,Not Placed,0
6.45,1,Civil,2,3,1,3.05,1,3.48,0,0,0,0,22.72,Not Placed,0
6.21,1,Mechanical,0,0,0,0.0,0,1.06,0,0,0,0,15.98,Not Placed,0
7.7,0,Chemical,0,0,2,3.81,2,1.6,71,2,0,0,19.26,Not Placed,0
7.05,0,ECE,1,3,1,4.01,1,2.45,565,10,76,1477,46.2,Mass Recruiter,1
7.95,0,ECE,0,0,2,2.76,3,3.25,109,0,0,0,27.59,Not Placed,0
6.6,3,Chemical,0,0,1,0.58,1,1.99,184,0,19,1384,7.03,Not Placed,0
6.45,3,Chemical,0,0,0,0.0,1,1.23,0,0,0,0,-2.82,Not Placed,0
8.12,0,Chemical,1,2,2,3.23,3,3.73,590,29,0,0,37.37,Mass Recruiter,1
7.58,0,CS,0,0,5,5.69,3,4.88,579,15,0,0,38.34,Mass Recruiter,1
7.69,0,EEE,2,4,1,3.72,0,3.7,811,24,75,1248,45.06,Mass Recruiter,1
5.12,6,CS,1,4,2,0.33,6,5.54,794,19,164,1236,25.36,Not Placed,0
6.08,3,Civil,0,0,1,0.34,1,2.71,62,11,0,0,12.81,Not Placed,0
7.3,0,CS,0,0,3,3.51,4,5.37,0,0,308,1359,39.85,Mass Recruiter,1
6.21,3,CS,0,0,3,2.84,1,5.38,767,18,0,0,17.29,Not Placed,0
6.21,0,IT,0,0,7,0.59,2,5.62,628,10,0,0,19.66,Not Placed,0
7.68,0,CS,1,3,3,4.72,7,6.02,664,22,263,1794,62.16,Mid-tier,1
8.6,0,Chemical,0,0,0,0.0,6,2.51,0,0,0,0,23.73,Not Placed,0
6.84,0,CS,1,4,4,5.56,1,5.3,368,27,85,1299,48.44,Mass Recruiter,1
6.55,0,ECE,1,4,3,2.22,0,4.66,633,43,106,1500,41.55,Mass Recruiter,1
6.87,0,EEE,2,6,1,3.58,2,2.73,610,30,88,1190,54.9,Mass Recruiter,1
7.76,0,Civil,0,0,0,0.0,2,2.65,0,0,0,0,13.84,Not Placed,0
6.59,2,IT,0,0,2,2.29,3,2.98,635,35,0,0,28.87,Not Placed,0
6.45,1,Mechanical,0,0,3,0.3,2,3.37,290,18,0,0,5.5,Not Placed,0
9.12,0,Civil,0,0,2,4.42,1,3.12,707,13,0,0,28.94,Not Placed,0
7.19,0,ECE,0,0,2,2.08,5,4.1,548,42,262,1686,35.72,Mass Recruiter,1
9.02,0,Chemical,2,6,3,5.68,1,3.19,534,23,0,0,44.68,Mass Recruiter,1
5.42,6,EEE,0,0,2,0.3,3,4.51,0,0,95,1183,2.27,Not Placed,0
6.56,1,ECE,1,4,4,3.23,3,5.13,608,29,0,0,38.15,Mass Recruiter,1
6.97,0,ECE,4,12,2,4.66,4,4.07,664,25,312,1533,61.47,Mid-tier,1
6.11,2,ECE,1,3,0,0.0,1,2.99,0,0,84,1195,20.39,Not Placed,0
6.02,1,Chemical,0,0,2,0.3,1,2.0,59,12,0,0,6.61,Not Placed,0
6.54,1,IT,0,0,3,0.88,0,5.08,321,12,199,1326,41.5,Mass Recruiter,1
8.42,0,ECE,0,0,3,1.76,2,3.59,522,17,210,1455,52.08,Mass Recruiter,1
6.73,1,CS,1,4,3,5.06,3,4.97,636,40,273,1428,55.16,Mid-tier,1
5.15,6,ECE,1,2,2,1.2,1,3.73,0,0,140,1585,19.54,Not Placed,0
6.71,4,ECE,2,8,3,2.89,3,4.58,0,0,353,1313,51.13,Mass Recruiter,1
7.74,0,CS,1,4,3,3.24,5,5.38,215,26,315,1824,53.01,Mass Recruiter,1
6.73,0,Mechanical,1,6,4,4.44,2,5.58,0,0,109,1530,41.58,Mass Recruiter,1
8.32,0,Mechanical,2,8,3,6.11,1,4.75,230,22,0,0,50.82,Mass Recruiter,1
7.29,1,IT,0,0,3,3.96,3,4.91,730,32,249,1471,42.28,Mass Recruiter,1
8.35,0,CS,0,0,6,3.38,2,6.43,560,30,193,1545,56.78,Mid-tier,1
7.31,0,Mechanical,4,18,2,5.14,0,4.41,529,18,0,0,47.14,Mass Recruiter,1
6.5,0,IT,0,0,4,1.88,5,4.55,661,21,60,1585,32.57,Not Placed,0
6.47,1,IT,2,6,2,3.5,2,4.29,539,25,184,1209,41.97,Mass Recruiter,1
6.47,0,CS,0,0,5,3.26,2,5.24,562,45,325,1569,49.51,Mass Recruiter,1
7.29,1,EEE,1,3,3,3.09,2,4.62,0,0,268,1666,50.21,Mass Recruiter,1
7.42,1,Mechanical,0,0,0,0.0,1,2.81,0,1,76,1379,1.55,Not Placed,0
7.98,0,ECE,3,10,1,3.79,3,4.08,432,25,0,0,53.78,Mass Recruiter,1
5.69,2,IT,1,3,3,1.64,5,5.64,602,41,133,1442,48.29,Mass Recruiter,1
8.47,1,EEE,0,0,1,4.36,3,2.27,46,6,0,0,19.24,Not Placed,0
8.37,0,CS,2,4,5,6.53,4,6.52,471,25,103,1344,62.93,Mid-tier,1
7.16,0,CS,1,4,2,3.39,4,5.39,0,0,213,1392,45.11,Mass Recruiter,1
6.34,1,CS,0,0,5,2.86,4,6.66,458,16,113,1562,32.5,Not Placed,0
7.45,0,IT,1,6,3,3.08,1,5.24,315,17,130,1786,35.59,Mass Recruiter,1
6.73,2,IT,1,3,3,3.63,3,5.54,0,0,279,1713,33.58,Not Placed,0
8.25,0,IT,0,0,2,3.19,3,4.0,367,34,88,1644,41.38,Mass Recruiter,1
7.88,0,EEE,0,0,1,2.42,1,1.43,188,12,299,1858,30.53,Not Placed,0
6.31,0,CS,2,4,2,3.07,3,5.21,343,30,0,0,43.19,Mass Recruiter,1
8.94,0,ECE,1,3,3,4.6,3,4.09,467,24,26,1433,30.83,Not Placed,0
7.34,0,ECE,2,6,2,2.68,3,4.52,637,14,0,0,41.67,Mass Recruiter,1
7.26,0,CS,0,0,5,4.05,4,6.56,398,34,218,1511,52.08,Mass Recruiter,1
5.61,0,Civil,0,0,3,2.87,0,1.54,0,0,11,1136,12.67,Not Placed,0
5.78,2,CS,0,0,1,0.3,4,4.87,113,5,231,1610,21.56,Not Placed,0
7.75,0,ECE,0,0,4,3.58,3,5.45,0,0,0,0,21.55,Not Placed,0
5.86,3,Mechanical,0,0,1,0.3,1,1.0,104,8,0,0,10.65,Not Placed,0
6.31,0,EEE,1,3,4,4.0,0,3.69,569,15,46,1452,49.21,Mass Recruiter,1
7.66,0,CS,2,4,3,3.31,3,5.02,602,22,239,1816,49.76,Mass Recruiter,1
7.88,3,ECE,2,3,5,5.06,2,5.39,0,0,367,1523,46.44,Mass Recruiter,1
8.09,0,ECE,1,3,1,3.65,0,3.68,770,30,0,0,39.75,Mass Recruiter,1
7.31,0,Chemical,0,0,0,0.0,3,2.52,21,3,0,0,-1.48,Not Placed,0
8.42,0,Civil,3,8,2,4.66,1,2.82,0,0,252,2004,56.23,Mid-tier,1
7.64,2,CS,3,14,3,3.8,3,5.63,537,38,177,1528,61.9,Mid-tier,1
5.14,2,IT,1,3,2,1.33,4,3.97,587,18,0,0,22.77,Not Placed,0
7.72,2,Civil,1,4,4,3.85,2,5.02,402,24,56,1399,47.49,Mass Recruiter,1
7.75,1,CS,0,0,2,4.0,5,5.86,611,27,0,0,35.53,Mass Recruiter,1
6.89,0,IT,1,6,6,6.5,0,4.19,485,27,231,1182,51.48,Mass Recruiter,1
7.23,0,Mechanical,0,0,1,3.09,0,2.45,137,15,0,0,20.47,Not Placed,0
7.86,0,CS,3,8,2,5.54,5,6.52,500,23,208,1881,63.22,Mid-tier,1
5.07,3,IT,0,0,3,1.1,3,5.06,429,23,0,0,-0.18,Not Placed,0
7.33,0,CS,1,2,3,4.6,4,6.4,927,28,233,1381,56.16,Mid-tier,1
8.39,0,ECE,3,10,4,5.9,0,4.2,0,0,249,1460,69.59,Mid-tier,1
6.82,0,CS,1,2,6,5.51,4,7.91,471,55,236,1499,61.6,Mid-tier,1
7.54,0,ECE,0,0,4,4.69,1,3.77,650,35,0,0,34.38,Not Placed,0
8.98,0,EEE,1,2,1,3.89,1,3.75,564,31,194,1367,45.59,Mass Recruiter,1
7.08,0,IT,0,0,5,2.92,4,6.65,331,30,0,0,32.76,Not Placed,0
7.4,0,Civil,0,0,0,0.0,2,1.48,0,0,11,1496,16.31,Not Placed,0
7.88,1,ECE,2,4,4,4.31,1,4.77,733,26,96,1197,48.25,Mass Recruiter,1
6.87,3,CS,0,0,3,4.78,6,5.48,787,43,0,0,26.07,Not Placed,0
8.27,0,EEE,1,4,3,2.75,3,4.2,0,0,0,0,37.28,Mass Recruiter,1
6.92,2,IT,0,0,2,2.79,4,5.36,209,9,12,1248,36.92,Mass Recruiter,1
6.9,0,CS,0,0,5,4.62,2,4.48,397,42,123,1517,38.32,Mass Recruiter,1
7.15,0,IT,2,4,2,4.91,2,4.86,632,36,203,1590,44.95,Mass Recruiter,1
6.64,2,CS,1,3,1,1.8,2,4.66,593,25,49,1574,33.72,Not Placed,0
7.88,0,IT,1,3,3,3.41,10,6.04,516,31,275,1599,60.86,Mid-tier,1
7.4,0,Chemical,3,8,3,6.1,2,3.45,0,0,0,0,43.79,Mass Recruiter,1
6.77,3,ECE,2,4,4,4.71,0,4.47,682,31,31,1709,51.13,Mass Recruiter,1
6.1,1,Biotech,0,0,3,0.68,1,2.81,0,0,16,1094,18.17,Not Placed,0
6.49,0,Mechanical,0,0,1,2.1,1,2.7,0,0,129,1321,28.48,Not Placed,0
8.56,0,IT,2,6,4,5.75,1,5.59,760,26,147,1530,57.28,Mid-tier,1
7.26,0,Mechanical,2,6,5,5.87,2,5.65,358,28,0,0,46.19,Mass Recruiter,1
7.42,0,Chemical,1,3,3,3.48,1,2.04,0,0,0,0,15.94,Not Placed,0
6.54,1,Mechanical,1,2,3,0.34,4,3.62,253,7,0,0,14.58,Not Placed,0
7.2,1,Mechanical,0,0,1,1.48,2,3.15,143,12,154,1356,26.39,Not Placed,0
9.43,0,CS,4,12,4,6.15,2,6.55,862,19,387,1905,77.5,FAANG,1
6.7,2,ECE,0,0,5,3.79,1,5.06,0,0,339,1400,33.22,Not Placed,0
6.4,1,CS,1,2,2,3.04,2,4.25,448,28,141,1334,40.66,Mass Recruiter,1
7.89,0,Chemical,0,0,3,3.15,2,2.6,507,35,0,0,21.46,Not Placed,0
6.29,0,IT,2,8,5,2.4,1,6.5,891,13,158,1291,59.13,Mid-tier,1
6.47,0,IT,0,0,4,2.53,3,4.94,0,0,208,1369,33.6,Not Placed,0
8.64,0,Mechanical,4,6,4,5.52,3,4.64,0,0,119,1199,48.09,Mass Recruiter,1
7.78,1,CS,1,3,4,4.49,3,7.52,543,19,33,1318,43.08,Mass Recruiter,1
5.67,2,Biotech,0,0,1,0.76,0,2.94,0,0,0,0,-5.86,Not Placed,0
7.28,0,IT,3,8,1,4.4,5,7.38,667,29,134,1707,66.31,Mid-tier,1
7.12,3,CS,1,4,3,5.12,2,5.81,380,39,367,1843,53.75,Mass Recruiter,1
8.2,0,Biotech,1,4,1,3.7,1,2.84,0,0,14,1404,33.14,Not Placed,0
5.81,4,CS,3,8,4,3.21,5,7.43,601,26,172,1513,68.75,Mid-tier,1
6.77,0,IT,2,3,6,4.07,2,7.28,438,45,229,1603,54.08,Mass Recruiter,1
5.97,3,ECE,0,0,3,2.12,2,2.49,361,21,37,1727,18.69,Not Placed,0
7.69,0,EEE,3,8,1,4.97,5,5.22,590,46,0,0,50.24,Mass Recruiter,1
6.78,0,Mechanical,0,0,2,2.22,2,3.02,0,0,0,0,14.38,Not Placed,0
6.72,0,ECE,0,0,2,2.86,4,6.09,0,0,143,1418,26.46,Not Placed,0
6.01,3,ECE,1,1,5,2.15,2,6.52,0,0,0,0,27.19,Not Placed,0
8.66,0,IT,0,0,2,2.35,0,4.27,407,47,534,2297,46.2,Mass Recruiter,1
7.74,0,Chemical,2,8,3,6.23,1,3.25,0,0,163,1299,58.39,Mid-tier,1
7.92,1,IT,0,0,3,3.24,4,4.59,410,24,283,1297,42.33,Mass Recruiter,1
8.34,0,ECE,0,0,3,4.07,3,3.53,663,29,0,0,28.14,Not Placed,0
6.8,3,IT,1,2,5,3.22,2,6.39,566,20,169,1491,29.77,Not Placed,0
5.97,0,Civil,2,8,0,0.0,0,1.25,17,15,0,0,29.93,Not Placed,0
7.54,0,IT,1,2,4,5.0,3,5.87,287,48,301,1606,63.86,Mid-tier,1
6.44,0,Civil,0,0,3,3.34,1,2.93,0,0,52,1154,29.44,Not Placed,0
7.81,0,ECE,1,3,3,2.3,4,4.9,444,23,0,0,39.82,Mass Recruiter,1
6.54,1,IT,0,0,6,2.18,5,5.51,414,25,128,1555,41.72,Mass Recruiter,1
5.94,0,EEE,0,0,3,2.32,4,5.3,493,31,99,1398,22.2,Not Placed,0
6.71,3,IT,0,0,5,3.2,6,6.54,610,14,0,0,21.48,Not Placed,0
7.07,0,CS,0,0,4,1.4,2,5.53,514,41,339,1915,42.06,Mass Recruiter,1
5.52,3,CS,0,0,1,0.3,3,4.11,32,7,298,1471,22.36,Not Placed,0
7.74,0,Civil,0,0,4,5.02,2,3.8,231,28,0,0,29.03,Not Placed,0
5.59,5,Mechanical,0,0,1,0.81,0,1.93,0,0,0,0,-0.75,Not Placed,0
7.76,0,CS,0,0,5,2.81,2,5.01,0,0,0,0,23.51,Not Placed,0
8.49,0,CS,2,10,1,4.08,3,6.57,502,37,229,1645,61.97,Mid-tier,1
6.52,2,Civil,1,3,2,2.7,1,2.43,0,0,0,0,17.82,Not Placed,0
7.14,0,IT,2,8,5,4.11,5,7.46,422,23,217,1637,72.67,Mid-tier,1
6.01,1,IT,0,0,5,2.48,1,3.89,372,28,0,0,26.42,Not Placed,0
6.34,2,Civil,0,0,0,0.0,2,2.5,0,0,0,0,-1.57,Not Placed,0
8.39,0,EEE,0,0,2,4.21,6,4.44,958,27,255,1775,41.15,Mass Recruiter,1
6.72,0,CS,2,4,5,6.28,3,6.0,905,23,0,0,51.53,Mass Recruiter,1
7.54,2,CS,0,0,3,3.39,2,5.14,554,26,373,1778,36.61,Mass Recruiter,1
6.8,0,EEE,0,0,2,2.68,1,3.39,0,0,194,1260,35.28,Mass Recruiter,1
7.46,0,ECE,0,0,6,5.1,2,5.58,0,0,287,1354,48.33,Mass Recruiter,1
7.3,0,Civil,2,4,2,3.21,2,2.76,0,0,67,1262,39.07,Mass Recruiter,1
7.81,0,CS,0,0,4,3.06,5,5.31,522,24,192,1206,37.34,Mass Recruiter,1
7.15,0,Biotech,0,0,2,3.8,1,2.18,0,0,0,1162,27.96,Not Placed,0
5.64,2,EEE,0,0,5,2.31,0,4.56,0,0,0,0,14.12,Not Placed,0
5.38,2,Chemical,0,0,2,0.3,3,2.61,0,0,0,0,4.97,Not Placed,0
6.6,0,IT,0,0,4,2.0,3,5.11,868,20,19,1554,26.36,Not Placed,0
6.53,1,CS,0,0,2,2.71,2,4.72,311,12,196,1542,33.19,Not Placed,0
7.73,0,EEE,0,0,0,0.0,2,2.34,20,8,95,1325,20.73,Not Placed,0
6.41,4,Biotech,3,10,1,1.88,0,2.2,611,23,0,0,33.92,Not Placed,0
7.73,0,IT,1,3,2,3.31,1,4.32,501,31,301,1339,60.06,Mid-tier,1
5.48,2,ECE,1,3,3,0.79,0,3.73,435,37,0,0,26.7,Not Placed,0
8.17,0,IT,3,10,4,2.73,5,6.15,912,4,285,1645,64.71,Mid-tier,1
6.68,1,ECE,2,8,3,5.0,4,4.56,405,27,98,1356,49.79,Mass Recruiter,1
5.98,3,CS,4,8,5,4.75,2,5.87,935,17,153,1544,49.96,Mass Recruiter,1
7.74,0,Civil,0,0,2,3.06,1,3.39,153,11,0,0,24.81,Not Placed,0
6.74,0,IT,1,3,6,3.16,4,6.03,466,41,197,1232,42.26,Mass Recruiter,1
6.59,0,Chemical,0,0,0,0.0,0,1.0,10,2,0,0,4.48,Not Placed,0
6.58,0,Chemical,2,4,1,3.08,3,2.78,0,0,84,1301,34.22,Not Placed,0
6.06,1,Chemical,1,3,1,1.63,1,1.0,310,15,54,1717,33.36,Not Placed,0
6.51,2,ECE,2,4,2,3.93,1,5.38,598,12,245,1633,48.79,Mass Recruiter,1
6.28,0,Chemical,0,0,1,3.09,2,1.08,69,4,23,1253,15.55,Not Placed,0
7.78,0,IT,1,2,4,4.13,7,6.04,663,21,259,1794,60.04,Mid-tier,1
6.05,0,CS,1,2,6,5.5,3,6.76,609,33,108,1638,45.66,Mass Recruiter,1
6.8,0,Biotech,0,0,3,2.42,3,2.46,0,0,0,0,26.9,Not Placed,0
6.13,1,CS,1,4,5,3.02,3,6.36,298,19,157,1466,39.76,Mass Recruiter,1
6.16,1,CS,1,3,5,4.43,4,7.31,644,40,163,1693,54.01,Mass Recruiter,1
7.45,0,ECE,0,0,3,3.99,4,4.68,0,0,0,984,28.62,Not Placed,0
8.91,0,ECE,2,6,3,6.23,3,5.16,758,22,187,1917,58.13,Mid-tier,1
6.96,0,IT,1,6,3,2.7,2,5.21,0,0,301,1598,41.09,Mass Recruiter,1
7.93,0,ECE,0,0,6,4.23,2,5.56,349,40,0,0,36.57,Mass Recruiter,1
6.12,1,Civil,0,0,4,2.89,0,3.11,621,38,32,1255,27.19,Not Placed,0
7.01,0,ECE,0,0,3,2.41,4,4.79,0,0,98,1219,31.39,Not Placed,0
6.91,2,Civil,0,0,0,0.0,0,1.72,86,9,0,0,9.98,Not Placed,0
7.24,0,CS,0,0,4,4.07,1,5.71,0,0,373,1731,49.57,Mass Recruiter,1
5.66,5,IT,1,4,2,2.91,1,5.02,429,34,0,0,24.12,Not Placed,0
8.52,0,CS,1,3,4,3.69,6,5.53,454,25,0,0,51.09,Mass Recruiter,1
7.37,3,CS,3,8,2,4.4,8,7.2,551,38,262,1590,59.62,Mid-tier,1
7.4,0,Civil,0,0,0,0.0,1,1.17,0,0,0,0,11.28,Not Placed,0
5.95,2,IT,0,0,4,2.67,2,3.75,729,23,104,1402,35.84,Mass Recruiter,1
6.39,0,Mechanical,0,0,2,3.98,2,3.07,0,0,0,0,19.29,Not Placed,0
7.72,0,Civil,0,0,0,0.0,2,2.01,0,0,0,0,15.66,Not Placed,0
6.44,1,Mechanical,0,0,2,0.3,4,3.33,760,13,0,0,28.43,Not Placed,0
9.08,0,Mechanical,0,0,1,3.06,2,2.37,204,19,0,0,21.37,Not Placed,0
6.91,2,ECE,4,12,4,5.81,3,6.55,508,25,0,0,57.33,Mid-tier,1
7.33,0,Civil,2,10,3,4.96,3,3.5,492,29,76,1214,60.16,Mid-tier,1
6.12,2,Biotech,0,0,2,0.3,0,3.06,0,0,0,0,8.12,Not Placed,0
6.06,0,Mechanical,0,0,3,2.07,0,2.24,629,40,88,1256,15.8,Not Placed,0
6.75,2,CS,1,3,5,4.78,3,7.08,817,5,303,1449,48.71,Mass Recruiter,1
7.32,2,Biotech,1,6,1,1.52,1,1.57,0,0,71,1345,24.32,Not Placed,0
7.23,0,Mechanical,3,10,3,3.91,2,4.65,0,0,0,0,37.46,Mass Recruiter,1
6.79,3,ECE,0,0,2,2.56,1,3.55,555,38,0,0,25.19,Not Placed,0
7.74,0,Civil,2,4,3,4.51,0,2.28,335,18,0,0,35.78,Mass Recruiter,1
6.14,0,CS,0,0,3,2.54,4,7.01,0,0,88,1679,30.74,Not Placed,0
6.5,0,Civil,0,0,1,2.45,1,2.15,0,0,0,0,7.27,Not Placed,0
5.86,3,CS,1,8,4,3.28,0,4.63,311,30,196,1498,43.84,Mass Recruiter,1
7.6,1,Chemical,1,2,3,3.19,1,3.61,0,0,89,1374,27.44,Not Placed,0
7.19,0,IT,2,4,4,4.65,4,6.24,351,34,187,1439,60.88,Mid-tier,1
5.91,4,Mechanical,0,0,3,2.27,1,2.9,0,0,0,0,10.27,Not Placed,0
7.35,0,IT,4,10,5,6.02,2,6.8,544,29,0,0,57.44,Mid-tier,1
7.26,0,EEE,1,8,2,1.17,3,4.92,0,0,0,0,25.39,Not Placed,0
6.43,0,IT,1,3,1,3.37,2,3.71,502,41,92,1420,32.5,Not Placed,0
7.73,0,CS,1,4,3,3.15,5,5.61,0,0,255,1253,36.53,Mass Recruiter,1
6.75,2,IT,0,0,4,2.59,2,4.96,493,38,175,1743,43.45,Mass Recruiter,1
5.45,2,CS,1,3,3,2.14,2,5.16,424,5,79,1943,25.14,Not Placed,0
7.21,0,Mechanical,0,0,1,0.98,2,4.09,0,0,105,1468,14.37,Not Placed,0
8.41,0,ECE,1,1,4,4.54,1,3.63,777,9,171,1870,51.01,Mass Recruiter,1
6.96,3,Mechanical,1,2,4,2.72,2,3.64,405,29,77,1203,29.61,Not Placed,0
7.51,0,ECE,2,3,5,6.27,1,5.91,535,16,179,1464,58.86,Mid-tier,1
8.15,0,Mechanical,1,3,2,5.02,3,3.27,516,39,0,0,46.35,Mass Recruiter,1
7.89,0,ECE,0,0,1,3.92,7,5.51,344,9,0,0,18.2,Not Placed,0
7.37,0,IT,0,0,2,4.26,5,3.98,85,7,214,1555,39.32,Mass Recruiter,1
6.15,3,CS,0,0,2,0.3,3,6.74,107,18,232,1637,21.42,Not Placed,0
5.91,2,CS,0,0,6,3.32,3,6.63,775,42,316,1440,47.0,Mass Recruiter,1
5.73,4,CS,2,10,4,4.91,0,5.19,728,15,179,1369,36.93,Mass Recruiter,1
6.66,1,CS,0,0,1,3.53,3,3.92,30,2,0,0,18.12,Not Placed,0
7.23,0,ECE,2,4,4,4.54,2,5.31,701,31,128,1409,63.98,Mid-tier,1
5.97,2,Mechanical,0,0,4,2.18,1,2.72,181,19,94,1308,26.34,Not Placed,0
9.01,0,CS,3,8,7,7.76,3,6.72,576,42,207,1473,79.01,FAANG,1
7.27,0,EEE,0,0,1,2.98,2,2.85,91,1,0,0,13.29,Not Placed,0
7.0,3,IT,0,0,3,2.59,3,5.24,543,29,86,1265,31.54,Not Placed,0
5.86,3,CS,1,2,4,3.08,4,4.68,527,13,93,1323,33.71,Not Placed,0
7.54,0,ECE,1,3,1,2.6,2,5.1,556,26,202,1232,41.36,Mass Recruiter,1
7.6,0,CS,0,0,5,3.58,3,5.73,328,27,116,1545,49.33,Mass Recruiter,1
7.1,0,Chemical,0,0,2,2.74,3,2.41,0,0,0,0,18.1,Not Placed,0
8.93,0,EEE,1,1,5,6.3,2,4.85,524,17,0,0,44.96,Mass Recruiter,1
7.22,1,ECE,1,2,1,2.83,2,3.77,0,0,0,0,23.46,Not Placed,0
7.87,1,CS,1,4,2,4.93,3,5.0,459,0,617,1684,53.73,Mass Recruiter,1
7.74,0,EEE,1,4,3,4.51,1,3.67,0,0,202,1529,46.37,Mass Recruiter,1
7.0,0,IT,0,0,5,4.64,3,6.48,567,16,159,1537,41.15,Mass Recruiter,1
7.92,0,CS,0,0,5,5.36,5,6.45,539,19,180,1539,50.28,Mass Recruiter,1
8.17,0,IT,0,0,6,5.59,6,7.06,634,16,0,0,45.88,Mass Recruiter,1
6.47,3,IT,0,0,3,1.96,3,6.17,27,28,259,1853,23.28,Not Placed,0
7.25,0,Mechanical,3,10,2,4.3,2,4.08,387,40,0,0,49.5,Mass Recruiter,1
6.97,3,EEE,0,0,2,2.23,5,4.8,0,0,245,1465,28.95,Not Placed,0
6.65,0,CS,0,0,4,2.22,0,5.81,396,26,203,1396,46.88,Mass Recruiter,1
6.93,1,EEE,1,3,2,3.24,3,3.06,615,45,84,1201,37.56,Mass Recruiter,1
7.38,0,CS,1,1,4,5.58,2,5.95,639,35,0,0,45.39,Mass Recruiter,1
5.95,6,Mechanical,0,0,3,1.31,2,2.74,791,28,0,0,15.85,Not Placed,0
8.8,1,Mechanical,1,8,0,0.0,1,1.71,0,0,182,1587,39.04,Mass Recruiter,1
7.97,0,ECE,1,4,2,5.65,3,2.78,0,0,250,1712,39.96,Mass Recruiter,1
6.46,0,EEE,0,0,4,3.86,4,4.49,413,36,174,1301,32.75,Not Placed,0
6.7,2,Biotech,1,2,3,2.59,2,3.65,0,0,0,0,21.79,Not Placed,0
5.28,3,CS,0,0,3,1.71,3,4.59,637,15,0,0,15.59,Not Placed,0
9.13,0,Chemical,0,0,3,5.89,2,2.87,0,0,0,0,27.39,Not Placed,0
6.74,1,Mechanical,0,0,2,1.38,1,1.27,140,15,87,1341,30.06,Not Placed,0
7.23,0,ECE,0,0,6,4.49,1,4.74,218,35,137,1393,40.2,Mass Recruiter,1
5.84,6,Civil,2,3,0,0.0,5,2.68,0,0,0,0,10.13,Not Placed,0
8.81,0,ECE,1,4,4,4.27,3,4.59,0,0,0,0,38.37,Mass Recruiter,1
7.39,2,Mechanical,0,0,0,0.0,2,1.02,73,4,0,0,8.44,Not Placed,0
5.28,4,IT,0,0,3,0.3,5,6.77,0,0,53,1465,15.87,Not Placed,0
6.93,2,IT,3,12,4,6.05,6,6.43,569,35,133,1778,66.54,Mid-tier,1
7.7,0,Mechanical,0,0,3,4.4,5,2.53,907,17,0,0,28.16,Not Placed,0
5.94,4,CS,0,0,1,1.8,0,3.73,49,3,137,1179,11.42,Not Placed,0
6.34,0,IT,0,0,2,2.77,2,3.63,0,0,0,0,28.77,Not Placed,0
7.94,3,Mechanical,0,0,4,4.16,1,3.56,710,35,0,0,21.05,Not Placed,0
6.23,0,CS,2,4,4,3.38,2,5.54,695,19,170,1530,63.14,Mid-tier,1
8.05,0,ECE,2,8,4,4.57,3,5.34,441,34,0,0,55.34,Mid-tier,1
8.75,0,CS,0,0,2,4.77,4,6.14,474,18,550,1691,47.06,Mass Recruiter,1
7.06,0,Civil,1,6,3,3.6,3,3.81,588,28,14,1360,45.32,Mass Recruiter,1
6.95,0,IT,2,8,4,6.19,3,7.66,321,38,257,1132,61.71,Mid-tier,1
7.82,0,ECE,2,3,3,4.78,0,4.22,522,18,271,1201,61.25,Mid-tier,1
7.62,2,CS,2,8,5,4.4,1,6.71,552,47,119,1736,52.7,Mass Recruiter,1
8.1,0,IT,0,0,3,5.7,2,5.0,786,16,204,1516,39.88,Mass Recruiter,1
8.63,0,IT,3,10,2,5.77,5,5.79,123,31,240,1372,65.24,Mid-tier,1
7.83,0,EEE,1,3,3,4.19,1,4.48,0,0,220,1474,46.67,Mass Recruiter,1
8.08,0,Biotech,0,0,0,0.0,0,1.78,0,0,22,1417,20.37,Not Placed,0
7.6,0,ECE,1,8,0,0.0,4,4.15,169,15,209,1440,41.76,Mass Recruiter,1
5.69,2,EEE,0,0,0,0.0,4,2.85,0,0,86,1341,14.92,Not Placed,0
7.67,0,CS,1,3,4,4.31,0,5.38,319,17,307,1835,49.77,Mass Recruiter,1
6.28,2,EEE,0,0,1,2.88,3,2.91,146,12,0,0,6.69,Not Placed,0
5.87,1,ECE,0,0,1,1.42,1,4.0,66,12,0,0,17.44,Not Placed,0
6.7,0,EEE,2,6,3,1.55,2,4.0,1095,29,0,0,43.46,Mass Recruiter,1
8.28,0,Mechanical,3,12,0,0.0,0,3.14,620,15,0,0,48.64,Mass Recruiter,1
5.0,0,ECE,0,0,0,0.0,1,3.24,0,0,0,0,2.36,Not Placed,0
7.61,0,Mechanical,2,6,4,3.27,2,4.69,308,63,0,0,32.53,Not Placed,0
7.01,0,Mechanical,0,0,2,2.31,4,4.02,0,0,0,0,13.53,Not Placed,0
6.67,0,IT,2,6,5,3.23,2,5.35,638,22,194,1410,64.77,Mid-tier,1
7.13,2,IT,2,6,1,2.52,4,6.01,471,44,275,1569,49.55,Mass Recruiter,1
7.58,0,IT,1,3,4,5.0,3,5.68,323,33,264,1461,49.43,Mass Recruiter,1
6.57,0,EEE,0,0,2,2.52,4,3.73,0,0,121,1535,26.88,Not Placed,0
6.8,3,ECE,0,0,2,3.35,3,3.73,269,14,102,1579,27.73,Not Placed,0
7.17,0,ECE,2,8,3,3.38,2,4.95,768,38,232,1370,69.44,Mid-tier,1
9.26,0,CS,3,10,3,5.78,2,5.94,741,8,262,1399,74.49,FAANG,1
6.4,2,ECE,0,0,2,1.03,1,4.43,103,6,0,0,18.0,Not Placed,0
6.91,1,CS,1,3,5,3.85,3,6.96,0,0,189,1642,45.05,Mass Recruiter,1
6.42,1,CS,0,0,2,2.38,0,5.39,256,13,146,1861,20.07,Not Placed,0
6.21,0,Biotech,1,2,3,2.77,2,2.73,160,34,0,0,35.4,Mass Recruiter,1
8.44,0,Biotech,0,0,1,3.25,2,2.16,0,0,0,0,18.36,Not Placed,0
8.31,0,Chemical,0,0,2,4.35,2,1.0,0,0,0,0,22.33,Not Placed,0
6.73,1,EEE,1,1,2,2.94,1,3.66,0,0,0,0,21.24,Not Placed,0
5.76,4,CS,0,0,5,0.59,1,4.83,441,33,84,1511,27.87,Not Placed,0
6.48,0,EEE,0,0,3,1.44,1,3.05,0,0,78,1410,35.97,Mass Recruiter,1
8.63,0,CS,0,0,5,4.65,3,6.39,440,15,0,0,31.06,Not Placed,0
5.0,0,CS,0,0,3,1.21,3,5.11,565,36,215,1523,39.42,Mass Recruiter,1
6.93,4,CS,2,6,2,3.62,3,4.75,373,12,141,1804,38.41,Mass Recruiter,1
5.87,1,IT,0,0,2,1.76,2,4.29,182,14,0,0,22.81,Not Placed,0
6.2,0,EEE,1,4,4,3.3,0,1.74,512,35,397,1663,51.6,Mass Recruiter,1
5.68,5,IT,0,0,4,0.3,2,5.57,0,0,0,0,11.1,Not Placed,0
5.91,4,CS,0,0,3,1.57,2,6.76,392,16,275,1586,26.78,Not Placed,0
5.18,3,ECE,0,0,2,0.3,3,2.78,117,10,0,0,6.16,Not Placed,0
5.96,3,ECE,1,2,2,2.0,0,3.36,421,16,66,1314,26.98,Not Placed,0
6.49,4,CS,3,8,7,4.5,4,7.29,670,26,276,1646,63.52,Mid-tier,1
7.65,0,ECE,2,6,1,4.31,3,3.46,0,0,289,1383,54.33,Mass Recruiter,1
6.6,0,CS,0,0,6,3.87,4,6.37,468,12,0,0,33.57,Not Placed,0
7.22,2,CS,2,6,2,4.43,4,4.31,652,22,162,1397,66.44,Mid-tier,1
6.5,3,ECE,0,0,3,2.27,0,5.57,0,0,0,0,12.12,Not Placed,0
8.78,0,EEE,0,0,1,3.45,3,2.98,0,0,100,1396,31.48,Not Placed,0
5.43,5,CS,0,0,4,1.67,4,6.63,0,0,130,1337,13.7,Not Placed,0
8.7,0,ECE,0,0,1,3.05,0,3.89,52,7,252,1327,28.53,Not Placed,0
7.62,1,IT,2,6,6,3.43,3,7.25,0,0,0,0,41.23,Mass Recruiter,1
7.91,1,Mechanical,1,4,3,5.22,4,4.24,359,32,0,0,26.71,Not Placed,0
7.18,0,ECE,1,3,3,2.92,3,5.5,784,23,0,0,27.18,Not Placed,0
8.17,0,Civil,1,6,3,3.85,1,3.2,0,0,0,0,27.37,Not Placed,0
6.89,3,CS,1,2,4,3.3,1,7.52,543,39,0,0,27.5,Not Placed,0
6.6,0,Mechanical,0,0,2,1.85,0,2.09,261,11,0,0,17.43,Not Placed,0
8.59,2,CS,0,0,5,3.73,4,6.09,710,32,756,2025,49.36,Mass Recruiter,1
6.47,0,IT,3,10,3,4.0,3,6.63,698,30,212,1590,64.69,Mid-tier,1
9.32,0,Chemical,2,4,2,4.64,1,3.47,441,36,53,1376,54.79,Mass Recruiter,1
7.28,0,IT,0,0,5,3.38,3,6.52,623,36,252,1602,58.03,Mid-tier,1
5.62,1,ECE,0,0,4,1.67,2,3.85,730,35,0,0,26.64,Not Placed,0
6.73,1,Mechanical,0,0,1,1.86,2,1.82,83,7,100,1390,30.49,Not Placed,0
6.28,2,Biotech,0,0,1,1.19,1,1.1,0,0,0,0,2.53,Not Placed,0
5.95,0,ECE,0,0,2,1.83,3,4.28,235,11,0,0,12.4,Not Placed,0
7.27,0,CS,2,6,5,2.8,2,5.96,566,35,269,1731,66.06,Mid-tier,1
6.26,0,CS,2,4,3,2.03,5,6.36,495,24,226,1247,53.24,Mass Recruiter,1
5.26,2,ECE,4,12,3,3.29,4,5.19,0,0,81,1394,50.04,Mass Recruiter,1
5.99,2,Biotech,0,0,0,0.0,0,1.0,0,0,0,0,-1.67,Not Placed,0
6.27,3,Chemical,0,0,5,3.41,2,4.24,0,0,158,1245,13.9,Not Placed,0
6.05,1,ECE,0,0,4,0.46,2,5.04,0,0,0,0,10.58,Not Placed,0
6.29,4,EEE,0,0,2,1.82,0,3.51,155,8,0,0,0.32,Not Placed,0
6.57,3,Mechanical,0,0,1,0.3,3,2.05,0,0,82,1434,14.02,Not Placed,0
7.08,0,EEE,0,0,3,1.8,2,4.11,729,24,84,1347,27.51,Not Placed,0
5.77,3,EEE,2,6,5,5.42,1,4.39,301,30,96,1212,54.26,Mass Recruiter,1
8.84,0,IT,3,18,1,4.64,2,5.83,0,0,159,1574,59.71,Mid-tier,1
5.78,4,CS,0,0,5,2.63,2,4.97,386,22,152,1671,37.98,Mass Recruiter,1
7.54,0,EEE,0,0,1,3.48,3,3.38,123,8,251,1607,35.39,Mass Recruiter,1
5.67,1,Biotech,0,0,2,2.64,2,3.37,250,8,0,0,12.84,Not Placed,0
6.82,2,CS,1,4,1,5.05,1,3.6,617,27,0,0,32.44,Not Placed,0
7.29,0,IT,0,0,5,2.44,1,4.58,529,15,0,0,28.67,Not Placed,0
7.73,0,Mechanical,0,0,6,3.92,1,3.68,0,0,118,1229,35.32,Mass Recruiter,1
7.43,0,EEE,0,0,2,4.15,1,2.24,139,9,175,1490,37.36,Mass Recruiter,1
8.6,0,Civil,0,0,1,3.75,0,2.24,251,15,0,0,30.41,Not Placed,0
6.88,0,CS,1,4,3,0.97,1,5.35,864,26,26,1473,32.7,Not Placed,0
6.98,0,IT,0,0,3,3.02,0,5.09,499,41,166,1739,40.08,Mass Recruiter,1
6.54,1,EEE,0,0,1,0.3,4,3.97,114,5,0,0,12.76,Not Placed,0
6.28,2,IT,1,4,6,3.79,6,6.8,0,0,160,1545,29.48,Not Placed,0
7.09,0,CS,0,0,4,5.45,4,5.4,546,26,208,1660,46.42,Mass Recruiter,1
9.15,0,Mechanical,0,0,3,4.24,2,3.66,532,25,0,0,30.59,Not Placed,0
5.85,3,Chemical,0,0,2,0.74,6,3.59,0,0,0,0,11.11,Not Placed,0
6.23,0,CS,1,2,2,2.52,4,5.09,476,28,0,0,24.99,Not Placed,0
7.21,0,CS,1,3,3,2.83,1,5.19,735,19,251,1751,52.37,Mass Recruiter,1
6.28,0,CS,0,0,5,3.65,2,5.97,590,3,207,1508,45.1,Mass Recruiter,1
7.35,1,CS,0,0,6,4.64,4,7.52,535,43,152,1926,44.9,Mass Recruiter,1
8.03,0,EEE,0,0,4,4.22,3,4.55,742,29,193,1546,40.28,Mass Recruiter,1
8.27,0,IT,1,3,3,5.82,5,6.53,575,30,326,1525,60.17,Mid-tier,1
5.65,3,Mechanical,0,0,2,1.93,2,2.37,69,10,0,0,16.17,Not Placed,0
7.73,0,ECE,2,4,2,3.28,2,4.93,541,13,272,1533,54.59,Mass Recruiter,1
6.76,0,Biotech,2,8,1,1.96,0,3.3,0,0,43,1604,29.76,Not Placed,0
8.7,0,CS,0,0,4,4.27,3,4.79,802,1,105,1080,45.43,Mass Recruiter,1
7.32,0,CS,0,0,3,1.75,4,5.12,358,28,513,2215,44.44,Mass Recruiter,1
6.31,2,CS,0,0,2,1.41,3,5.38,0,0,99,1535,11.55,Not Placed,0
6.12,0,CS,0,0,3,0.3,2,4.89,141,30,106,1553,30.91,Not Placed,0
6.17,0,EEE,3,12,0,0.0,0,1.7,414,25,73,1368,54.33,Mass Recruiter,1
5.0,2,CS,0,0,4,0.4,3,4.62,0,0,116,1818,24.85,Not Placed,0
6.19,1,CS,0,0,3,2.19,2,5.53,318,24,116,1658,33.0,Not Placed,0
6.29,2,IT,2,8,5,2.4,3,6.64,211,43,226,1560,48.54,Mass Recruiter,1
5.64,2,IT,1,6,6,3.29,2,7.15,177,23,65,1151,38.49,Mass Recruiter,1
6.59,1,IT,0,0,6,2.91,1,5.82,712,28,285,1817,44.1,Mass Recruiter,1
8.82,0,IT,2,4,4,6.41,5,6.11,479,32,503,1964,83.44,FAANG,1
6.21,0,Mechanical,0,0,1,0.62,3,2.76,0,0,0,0,9.24,Not Placed,0
6.81,0,Civil,1,2,4,2.18,2,4.2,0,0,0,0,27.84,Not Placed,0
6.6,0,IT,2,6,6,5.47,5,6.81,416,28,232,1324,63.48,Mid-tier,1
7.14,0,CS,0,0,2,2.95,3,5.11,261,0,525,1534,54.42,Mass Recruiter,1
6.77,0,CS,1,4,4,4.27,3,7.12,241,24,61,1631,50.52,Mass Recruiter,1
8.77,0,IT,3,10,3,5.63,2,4.97,356,32,190,1508,69.66,Mid-tier,1
7.55,0,CS,2,4,4,3.88,2,5.33,550,23,139,1765,59.32,Mid-tier,1
7.52,3,ECE,0,0,4,2.63,2,4.79,1031,40,0,0,29.38,Not Placed,0
5.82,2,ECE,3,10,4,3.22,1,4.64,0,0,241,1704,58.93,Mid-tier,1
9.18,0,Civil,0,0,1,4.24,2,1.27,259,16,155,1351,37.48,Mass Recruiter,1
6.31,2,CS,1,3,2,4.85,3,5.26,464,39,0,0,19.19,Not Placed,0
5.49,4,ECE,0,0,5,3.99,2,5.69,0,0,192,1259,15.51,Not Placed,0
6.22,0,Biotech,0,0,2,4.03,0,1.22,166,11,0,0,24.09,Not Placed,0
6.01,1,ECE,0,0,0,0.0,2,3.06,24,2,85,1570,24.21,Not Placed,0
7.42,0,ECE,2,10,3,5.1,2,3.62,0,0,0,0,45.25,Mass Recruiter,1
7.05,0,CS,0,0,2,1.11,3,3.68,285,30,0,0,23.07,Not Placed,0
5.24,3,Mechanical,0,0,1,0.92,0,2.12,0,0,0,0,-3.87,Not Placed,0
6.09,2,EEE,1,3,2,1.44,4,3.74,0,0,0,0,26.86,Not Placed,0
7.25,0,CS,0,0,5,2.5,1,4.9,353,20,346,1561,47.96,Mass Recruiter,1
5.62,2,IT,1,3,3,1.45,1,4.81,550,15,0,0,13.12,Not Placed,0
7.86,0,Mechanical,0,0,2,2.73,2,2.0,0,0,123,1456,20.7,Not Placed,0
7.91,0,ECE,1,1,0,0.0,4,4.93,19,9,0,0,28.97,Not Placed,0
6.09,4,ECE,2,6,3,5.44,1,5.74,0,0,164,1432,39.16,Mass Recruiter,1
7.14,0,Chemical,1,2,2,3.68,2,3.72,0,0,0,0,22.36,Not Placed,0
7.76,0,CS,1,3,1,2.81,9,6.31,0,0,606,1624,53.33,Mass Recruiter,1
5.52,3,CS,2,8,4,2.62,1,5.37,740,36,0,0,43.64,Mass Recruiter,1
6.56,0,ECE,0,0,1,2.2,0,3.3,0,0,180,1357,19.53,Not Placed,0
7.67,0,IT,3,12,4,5.85,4,7.12,580,20,192,1530,74.37,FAANG,1
6.27,0,CS,0,0,5,2.82,2,5.29,634,36,0,0,21.44,Not Placed,0
6.95,0,Mechanical,0,0,1,2.77,0,1.64,0,0,81,1326,18.71,Not Placed,0
8.85,0,CS,0,0,2,4.69,3,5.02,683,17,0,0,28.2,Not Placed,0
8.34,0,Chemical,1,8,0,0.0,2,1.99,0,0,0,0,24.12,Not Placed,0
7.54,2,CS,2,4,4,5.04,3,6.23,0,0,357,1833,54.13,Mass Recruiter,1
5.0,3,IT,4,10,3,3.13,1,6.25,0,0,0,0,34.19,Not Placed,0
8.05,0,CS,1,6,4,4.15,3,6.66,673,37,584,1913,75.31,FAANG,1
5.0,2,CS,1,3,3,2.14,4,6.73,709,23,105,1507,44.25,Mass Recruiter,1
7.85,0,CS,2,4,4,6.61,4,6.94,580,9,228,1490,69.7,Mid-tier,1
8.79,0,CS,2,8,2,6.14,8,6.68,0,0,45,1719,54.4,Mass Recruiter,1
6.16,0,CS,0,0,4,2.89,5,6.21,378,35,0,0,29.2,Not Placed,0
7.83,0,CS,3,8,6,7.14,2,6.81,796,34,310,1825,71.8,Mid-tier,1
5.59,3,ECE,1,3,2,1.46,2,4.22,652,8,0,0,29.44,Not Placed,0
6.84,4,CS,0,0,5,4.29,4,6.89,261,24,161,1497,42.22,Mass Recruiter,1
9.42,0,Chemical,2,4,3,6.84,3,3.62,0,0,56,1172,55.64,Mid-tier,1
5.99,3,CS,1,3,2,2.85,3,6.07,581,17,208,1480,39.83,Mass Recruiter,1
7.26,3,ECE,1,3,4,4.09,4,5.84,393,41,99,1810,43.13,Mass Recruiter,1
5.56,2,IT,0,0,3,2.91,2,5.5,0,0,0,0,14.07,Not Placed,0
8.57,0,IT,1,2,4,4.35,4,6.2,705,18,189,1796,54.63,Mass Recruiter,1
8.99,1,IT,2,3,4,6.36,3,7.24,0,0,155,1548,53.79,Mass Recruiter,1
6.35,2,CS,2,6,3,3.53,4,5.46,669,10,248,1515,62.4,Mid-tier,1
8.43,1,IT,3,6,5,5.26,2,6.7,786,26,187,1429,63.05,Mid-tier,1
6.28,1,Chemical,0,0,2,1.12,3,2.9,0,0,132,1614,13.05,Not Placed,0
6.26,1,CS,1,4,4,1.49,2,4.87,598,48,214,1579,49.46,Mass Recruiter,1
7.64,0,IT,1,3,3,2.63,7,6.4,0,0,0,0,30.3,Not Placed,0
8.82,0,ECE,0,0,1,5.12,3,3.99,233,6,0,0,22.37,Not Placed,0
7.15,2,ECE,0,0,2,3.03,2,3.34,0,0,106,1564,23.72,Not Placed,0
8.49,0,IT,0,0,4,4.52,2,4.86,942,22,0,0,41.18,Mass Recruiter,1
5.79,2,CS,1,3,2,4.15,1,4.77,561,33,0,0,35.65,Mass Recruiter,1
7.05,0,IT,3,10,3,3.85,4,7.44,526,16,0,0,55.81,Mid-tier,1
7.97,0,Chemical,0,0,3,2.5,2,3.59,0,0,81,1437,33.2,Not Placed,0
6.61,4,IT,0,0,4,3.22,1,5.24,688,30,151,1603,42.66,Mass Recruiter,1
7.61,0,IT,2,10,3,5.08,2,5.6,585,20,173,1426,63.96,Mid-tier,1
7.9,0,Biotech,2,6,2,5.04,1,4.86,384,39,0,0,41.39,Mass Recruiter,1
5.85,0,ECE,1,4,3,2.12,6,4.92,469,30,0,0,24.37,Not Placed,0
6.92,0,IT,1,1,6,4.43,2,6.96,687,34,168,1541,57.33,Mid-tier,1
6.61,0,IT,1,2,6,4.32,5,6.29,378,22,181,1413,48.71,Mass Recruiter,1
7.32,1,IT,1,3,4,3.22,3,5.42,858,12,0,0,39.43,Mass Recruiter,1
6.4,0,IT,0,0,3,3.34,1,4.63,636,31,197,1267,41.75,Mass Recruiter,1
6.66,1,IT,1,6,3,3.42,0,3.83,448,23,226,1591,48.84,Mass Recruiter,1
5.1,3,IT,0,0,2,1.31,1,3.95,302,11,114,1275,17.64,Not Placed,0
7.23,0,IT,2,8,3,4.74,5,6.2,381,8,191,1846,59.06,Mid-tier,1
7.65,0,CS,2,10,4,5.53,3,6.13,498,54,148,1692,63.56,Mid-tier,1
6.78,1,Mechanical,0,0,0,0.0,2,2.4,0,0,68,1335,17.8,Not Placed,0
7.38,0,Civil,0,0,1,3.22,1,2.59,0,0,0,0,7.05,Not Placed,0
6.17,1,CS,2,10,5,4.28,2,5.87,673,29,288,1698,67.78,Mid-tier,1
6.12,1,CS,1,3,2,0.44,5,5.85,506,27,122,1558,39.56,Mass Recruiter,1
7.78,0,Mechanical,0,0,0,0.0,4,1.83,0,0,0,0,12.5,Not Placed,0
8.62,1,CS,2,8,5,7.01,3,5.9,922,36,567,1197,83.84,FAANG,1
6.25,0,IT,3,10,6,6.05,4,6.7,387,37,128,1770,72.89,Mid-tier,1
7.99,0,Chemical,0,0,1,1.32,5,3.78,0,0,101,1263,35.66,Mass Recruiter,1
5.26,0,IT,0,0,2,1.67,1,4.94,172,7,239,1585,31.05,Not Placed,0
6.3,1,CS,2,4,3,2.95,3,6.67,247,48,0,0,44.0,Mass Recruiter,1
8.33,0,CS,3,14,5,5.98,3,7.86,414,43,569,1589,90.49,FAANG,1
8.62,0,IT,4,14,0,0.0,3,4.69,461,34,557,2136,73.81,Mid-tier,1
6.52,1,Chemical,0,0,1,2.23,0,1.32,0,0,81,1436,14.32,Not Placed,0
6.59,1,CS,1,8,3,1.0,0,4.01,472,36,87,1801,36.08,Mass Recruiter,1
8.52,2,CS,0,0,4,4.71,2,5.42,449,14,0,0,35.48,Mass Recruiter,1
5.41,3,CS,0,0,5,1.47,4,5.93,550,10,0,0,24.27,Not Placed,0
5.62,2,IT,0,0,4,0.66,1,5.1,198,36,282,1378,36.08,Mass Recruiter,1
7.58,0,CS,1,2,4,5.57,2,5.83,0,0,0,0,38.81,Mass Recruiter,1
5.81,4,ECE,1,4,4,3.38,4,5.36,0,0,0,0,17.7,Not Placed,0
7.02,1,IT,1,3,5,2.91,4,6.41,515,24,247,1654,56.02,Mid-tier,1
7.21,0,Mechanical,0,0,1,4.08,4,2.21,0,0,89,1359,20.87,Not Placed,0
6.52,1,ECE,1,2,3,2.66,3,5.45,157,38,149,1260,33.99,Not Placed,0
7.44,0,IT,0,0,4,2.5,6,6.8,0,0,0,0,23.15,Not Placed,0
8.36,0,EEE,0,0,4,7.68,6,3.48,437,26,0,0,34.83,Not Placed,0
5.96,1,Chemical,0,0,0,0.0,2,1.95,0,0,0,0,5.89,Not Placed,0
7.33,0,CS,1,4,2,3.27,3,5.0,412,28,114,1647,47.17,Mass Recruiter,1
7.35,0,IT,0,0,4,3.61,5,5.52,327,16,103,1433,45.14,Mass Recruiter,1
6.59,3,CS,2,10,7,4.89,3,6.5,220,27,217,1597,62.33,Mid-tier,1
7.92,0,Mechanical,0,0,5,3.75,5,5.03,0,0,75,1275,32.13,Not Placed,0
6.29,1,IT,2,3,3,1.93,4,5.35,0,0,197,1344,56.46,Mid-tier,1
8.68,2,IT,2,8,3,6.09,2,6.53,0,0,512,1600,57.77,Mid-tier,1
7.8,0,Mechanical,3,8,0,0.0,1,3.03,675,39,0,0,41.45,Mass Recruiter,1
6.61,1,CS,2,8,6,6.83,4,6.66,0,0,122,1448,58.81,Mid-tier,1
7.22,1,CS,1,4,2,4.38,3,3.94,0,0,334,1337,51.7,Mass Recruiter,1
6.51,3,IT,0,0,3,2.05,6,5.07,699,28,124,1645,35.06,Mass Recruiter,1
6.46,1,Mechanical,0,0,3,0.3,0,3.28,0,0,0,0,9.57,Not Placed,0
7.75,1,ECE,0,0,2,3.8,6,4.78,36,10,0,0,21.16,Not Placed,0
7.3,3,EEE,0,0,1,1.48,1,1.49,313,10,236,1496,33.82,Not Placed,0
5.55,2,Civil,0,0,1,1.37,1,2.94,29,6,10,1066,-1.98,Not Placed,0
8.18,1,CS,0,0,2,5.61,4,5.74,132,6,278,1449,45.54,Mass Recruiter,1
6.2,0,ECE,0,0,3,2.37,1,4.99,483,21,40,1389,22.19,Not Placed,0
5.99,3,Mechanical,1,2,1,0.38,2,3.37,257,16,62,1383,25.39,Not Placed,0
7.47,2,Civil,1,3,1,3.83,1,3.38,368,39,0,0,22.0,Not Placed,0
7.53,0,Mechanical,0,0,0,0.0,2,1.42,2,2,0,0,6.31,Not Placed,0
5.55,1,IT,1,2,5,3.05,2,4.53,858,41,228,1427,41.0,Mass Recruiter,1
6.39,1,ECE,1,4,1,1.23,1,3.96,775,38,196,1462,36.75,Mass Recruiter,1
8.71,0,Chemical,0,0,2,3.57,0,1.78,254,20,71,1297,37.56,Mass Recruiter,1
9.16,0,IT,0,0,6,6.48,6,5.39,0,0,408,2077,58.0,Mid-tier,1
6.93,2,CS,0,0,3,3.47,2,5.17,647,30,62,1587,34.64,Not Placed,0
6.58,0,Civil,1,2,1,2.78,0,2.0,399,34,0,0,27.12,Not Placed,0
5.84,2,ECE,0,0,1,0.3,0,2.74,74,7,9,1235,13.66,Not Placed,0
6.93,0,Chemical,0,0,0,0.0,1,1.0,0,0,0,0,4.38,Not Placed,0
8.97,0,CS,1,4,6,6.64,7,7.46,471,34,0,0,66.34,Mid-tier,1
5.88,4,IT,1,6,2,2.72,2,3.95,640,8,50,1449,25.31,Not Placed,0
7.92,0,Chemical,1,4,0,0.0,1,2.66,0,0,83,1189,27.44,Not Placed,0
7.64,0,Civil,2,10,2,4.24,2,4.45,492,8,86,1151,53.82,Mass Recruiter,1
6.52,1,ECE,0,0,2,1.41,2,3.76,243,11,0,0,21.19,Not Placed,0
5.82,3,CS,0,0,1,0.65,3,5.07,59,10,299,1481,21.18,Not Placed,0
6.62,1,CS,0,0,5,2.35,5,6.22,358,29,111,1421,33.7,Not Placed,0
6.44,2,CS,0,0,6,2.42,1,5.32,582,28,200,1366,32.34,Not Placed,0
6.01,0,Biotech,0,0,3,3.62,4,3.75,0,0,46,1072,17.78,Not Placed,0
7.27,1,CS,1,3,5,4.52,3,5.82,445,33,0,0,40.62,Mass Recruiter,1
5.82,0,IT,1,2,2,1.27,3,6.24,768,15,0,0,23.27,Not Placed,0
7.3,0,ECE,2,8,1,3.91,3,3.45,483,44,123,1316,54.29,Mass Recruiter,1
6.17,0,IT,1,3,2,2.65,1,2.41,593,18,184,1490,45.35,Mass Recruiter,1
7.55,3,Mechanical,0,0,1,2.1,4,1.72,0,0,0,0,2.75,Not Placed,0
8.25,0,Civil,2,4,1,3.81,3,3.5,0,0,0,0,30.06,Not Placed,0
7.38,0,EEE,1,3,0,0.0,3,2.01,207,9,221,1224,37.68,Mass Recruiter,1
6.73,2,CS,0,0,3,3.87,4,4.08,0,0,160,1353,30.24,Not Placed,0
7.74,1,ECE,0,0,2,1.56,6,4.97,309,12,0,0,20.28,Not Placed,0
6.59,2,CS,1,3,3,3.58,1,4.23,635,27,0,0,31.09,Not Placed,0
7.93,0,Mechanical,0,0,2,3.62,3,3.06,0,0,206,1473,29.73,Not Placed,0
6.56,4,CS,2,10,2,3.61,2,4.71,0,0,150,1321,48.97,Mass Recruiter,1
7.73,0,ECE,1,4,5,4.59,3,4.88,710,20,101,1578,50.89,Mass Recruiter,1
6.59,1,CS,0,0,6,3.57,0,6.23,250,20,0,0,25.34,Not Placed,0
6.61,3,Chemical,0,0,1,1.31,4,3.11,0,0,0,0,7.54,Not Placed,0
6.07,3,CS,1,6,1,1.62,4,5.78,308,4,0,0,21.78,Not Placed,0
5.54,2,IT,2,4,1,2.88,2,4.61,695,32,241,1505,42.86,Mass Recruiter,1
8.77,0,CS,0,0,1,3.13,6,4.19,61,3,809,1600,54.6,Mass Recruiter,1
6.99,3,IT,2,4,3,3.22,3,5.34,613,41,242,1528,49.75,Mass Recruiter,1
7.93,0,CS,3,12,4,6.68,2,5.91,544,33,757,1824,74.98,FAANG,1
7.2,1,CS,2,4,4,3.75,3,7.45,595,54,0,0,59.34,Mid-tier,1
7.74,0,CS,2,8,4,5.2,2,5.22,196,6,0,0,40.11,Mass Recruiter,1
6.22,1,CS,1,2,5,3.62,1,5.66,385,45,0,0,37.19,Mass Recruiter,1
6.63,2,Chemical,0,0,1,1.35,1,2.36,0,0,41,1395,19.6,Not Placed,0
5.36,2,EEE,1,2,2,2.08,0,4.95,0,0,0,0,12.22,Not Placed,0
7.63,1,CS,2,4,3,5.13,1,7.52,848,37,66,1446,59.5,Mid-tier,1
5.68,2,IT,1,2,2,1.32,1,3.98,336,20,0,0,14.35,Not Placed,0
7.05,1,Biotech,0,0,3,2.69,2,3.62,655,17,111,1408,21.39,Not Placed,0
5.71,0,IT,1,1,3,2.35,4,5.93,693,22,0,0,33.5,Not Placed,0
5.95,3,ECE,1,3,2,2.81,2,3.77,716,31,224,1610,49.45,Mass Recruiter,1
7.48,0,IT,0,0,2,1.81,6,7.66,150,7,186,1664,40.28,Mass Recruiter,1
6.35,0,IT,0,0,2,1.6,2,4.17,0,0,113,1442,15.57,Not Placed,0
7.24,0,CS,0,0,6,5.08,4,5.51,765,9,121,1297,43.41,Mass Recruiter,1
7.98,2,CS,1,2,4,4.77,3,6.77,607,13,87,1447,44.25,Mass Recruiter,1
7.61,0,IT,1,3,3,4.76,3,5.45,368,29,216,1636,45.29,Mass Recruiter,1
5.17,1,IT,3,8,3,1.54,1,6.2,522,24,18,1313,49.13,Mass Recruiter,1
6.12,4,IT,0,0,1,1.89,2,3.84,89,4,120,1854,14.07,Not Placed,0
7.19,0,Mechanical,2,8,2,5.59,2,2.94,0,0,0,0,38.2,Mass Recruiter,1
8.77,1,IT,1,2,2,3.41,5,6.52,245,12,352,1898,51.87,Mass Recruiter,1
8.46,0,IT,0,0,3,3.4,0,3.74,0,0,139,1618,33.02,Not Placed,0
7.78,0,Chemical,3,14,1,6.56,2,3.16,0,0,60,1245,60.62,Mid-tier,1
7.95,0,Civil,2,6,3,5.15,2,4.12,0,0,116,1419,36.56,Mass Recruiter,1
5.75,0,ECE,0,0,2,0.3,4,3.79,0,0,169,1375,20.97,Not Placed,0
6.94,0,Mechanical,2,8,2,2.06,1,2.59,413,37,0,0,36.69,Mass Recruiter,1
5.5,5,IT,0,0,6,2.98,3,6.85,420,37,209,1692,29.77,Not Placed,0
6.46,1,CS,1,6,3,1.15,6,6.05,505,47,244,1500,59.09,Mid-tier,1
5.77,1,Chemical,0,0,1,1.44,2,1.19,0,0,0,0,3.79,Not Placed,0
5.68,0,CS,1,3,4,4.27,3,7.68,282,36,0,0,29.79,Not Placed,0
6.66,1,Civil,1,2,3,3.65,0,2.6,759,31,154,1248,30.77,Not Placed,0
8.47,0,EEE,2,6,0,0.0,1,3.46,383,4,0,0,30.72,Not Placed,0
6.79,1,CS,2,6,5,3.43,4,6.43,478,27,0,0,54.4,Mass Recruiter,1
9.32,0,Chemical,2,6,0,0.0,4,3.54,0,0,241,1598,52.43,Mass Recruiter,1
7.32,0,CS,0,0,5,5.97,5,6.08,506,28,255,1560,55.38,Mid-tier,1
5.44,0,CS,2,4,3,1.59,8,7.44,0,0,44,1140,41.31,Mass Recruiter,1
5.84,6,CS,1,8,4,2.81,2,5.4,550,14,282,1372,42.26,Mass Recruiter,1
7.86,0,CS,2,4,3,3.47,3,7.37,140,29,0,0,49.69,Mass Recruiter,1
7.66,0,IT,0,0,2,1.52,0,3.66,193,12,106,1313,43.08,Mass Recruiter,1
8.54,0,ECE,0,0,5,4.29,8,5.7,831,17,151,1274,53.94,Mass Recruiter,1
7.52,3,CS,1,2,4,4.53,6,7.21,333,47,578,1966,56.64,Mid-tier,1
7.14,0,IT,1,2,2,1.8,0,3.65,767,37,318,1461,45.89,Mass Recruiter,1
8.41,0,EEE,0,0,0,0.0,5,3.11,0,0,0,0,21.77,Not Placed,0
6.53,0,Mechanical,3,10,2,3.69,0,3.27,501,16,119,1434,49.48,Mass Recruiter,1
8.02,0,IT,1,1,3,4.4,4,5.46,0,0,218,1646,37.35,Mass Recruiter,1
6.1,0,IT,0,0,4,0.95,3,5.23,0,0,251,1727,24.82,Not Placed,0
6.96,0,ECE,1,3,1,3.49,2,4.99,0,0,0,0,19.87,Not Placed,0
6.17,2,Civil,2,4,3,2.98,4,5.55,0,0,0,0,30.58,Not Placed,0
5.87,3,EEE,1,3,2,1.3,2,3.5,0,0,81,1129,23.39,Not Placed,0
5.65,2,IT,0,0,5,3.1,2,5.11,0,0,28,1398,28.49,Not Placed,0
7.16,2,CS,0,0,3,1.89,2,4.63,365,30,0,0,25.2,Not Placed,0
5.87,2,EEE,2,4,2,1.74,3,4.74,516,43,136,1452,41.95,Mass Recruiter,1
7.89,0,ECE,3,8,3,4.79,4,5.94,430,47,122,1203,75.86,FAANG,1
5.96,6,CS,0,0,2,0.3,3,3.61,150,11,0,0,8.03,Not Placed,0
8.9,0,Mechanical,0,0,3,5.24,2,2.26,0,0,0,0,17.42,Not Placed,0
6.1,0,CS,0,0,2,1.45,1,4.87,89,1,60,1548,21.07,Not Placed,0
6.72,4,Mechanical,2,3,2,4.22,0,3.33,461,31,113,1579,39.87,Mass Recruiter,1
6.34,0,EEE,0,0,3,2.88,1,3.49,0,0,84,1283,26.15,Not Placed,0
6.91,0,EEE,1,3,2,3.44,2,3.29,0,0,0,0,24.59,Not Placed,0
6.44,0,ECE,0,0,2,0.95,7,4.86,0,0,209,1873,43.22,Mass Recruiter,1
5.48,2,CS,1,3,5,2.23,3,6.65,673,32,91,1616,40.82,Mass Recruiter,1
7.86,0,CS,3,12,5,5.86,3,6.86,437,4,178,1707,64.77,Mid-tier,1
7.57,1,ECE,1,8,3,3.9,0,4.46,0,0,140,1608,35.77,Mass Recruiter,1
8.76,0,CS,2,3,5,6.22,6,6.55,447,42,382,1503,64.03,Mid-tier,1
5.61,2,Biotech,0,0,4,2.86,0,3.2,0,0,0,0,3.06,Not Placed,0
5.96,3,ECE,1,4,3,2.79,1,3.26,435,22,0,0,24.76,Not Placed,0
8.26,0,Civil,0,0,4,3.92,2,3.16,549,40,0,0,33.45,Not Placed,0
7.41,0,Mechanical,1,6,2,1.03,2,3.71,0,0,0,0,32.86,Not Placed,0
5.2,3,ECE,0,0,3,1.22,1,3.43,509,34,58,1561,19.01,Not Placed,0
7.8,2,Civil,0,0,1,2.04,1,1.15,0,0,0,0,8.5,Not Placed,0
7.52,1,IT,0,0,1,2.22,3,2.67,127,2,0,0,24.35,Not Placed,0
7.91,2,IT,1,3,3,3.98,5,5.2,404,50,147,1411,47.76,Mass Recruiter,1
7.48,1,Mechanical,0,0,1,1.64,2,2.89,0,7,0,0,21.38,Not Placed,0
7.11,0,IT,1,1,2,1.92,2,4.38,436,39,189,1406,44.99,Mass Recruiter,1
6.55,0,ECE,0,0,3,2.45,6,5.9,453,28,263,1613,53.38,Mass Recruiter,1
6.58,0,IT,2,8,5,4.16,2,5.31,473,16,222,1530,70.57,Mid-tier,1
5.7,3,Chemical,0,0,2,0.86,1,1.58,0,0,75,1499,23.52,Not Placed,0
6.74,1,CS,1,2,2,4.13,5,4.95,681,28,262,1740,49.13,Mass Recruiter,1
6.69,0,EEE,0,0,1,1.66,5,4.01,76,10,0,0,23.17,Not Placed,0
5.03,3,IT,0,0,4,0.57,2,5.06,511,25,0,0,17.89,Not Placed,0
6.88,2,ECE,3,18,1,3.61,1,4.18,0,0,0,0,35.96,Mass Recruiter,1
6.33,0,ECE,2,10,1,2.56,1,2.92,0,0,125,1242,32.88,Not Placed,0
7.04,1,CS,1,3,1,1.68,3,4.36,154,16,302,1295,44.75,Mass Recruiter,1
7.9,0,Mechanical,0,0,0,0.0,2,1.84,0,0,267,1232,23.59,Not Placed,0
5.97,1,CS,1,2,5,3.58,2,6.83,506,26,137,1765,43.04,Mass Recruiter,1
6.5,1,Civil,0,0,5,1.75,1,3.72,0,0,0,0,13.26,Not Placed,0
7.21,0,IT,0,0,4,2.82,1,3.99,466,16,148,1845,42.17,Mass Recruiter,1
5.69,5,ECE,0,0,3,2.47,1,4.15,0,0,79,1593,6.72,Not Placed,0
7.38,2,Mechanical,0,0,1,1.76,1,1.69,23,3,0,0,13.75,Not Placed,0
5.3,2,ECE,2,4,2,2.44,0,4.47,492,29,52,1424,36.83,Mass Recruiter,1
6.97,3,Mechanical,0,0,1,3.18,2,1.41,65,3,17,1411,8.75,Not Placed,0
7.23,0,EEE,1,3,2,2.92,1,3.07,743,48,0,0,26.57,Not Placed,0
7.99,0,CS,2,6,4,5.58,0,5.52,312,14,341,1177,62.49,Mid-tier,1
7.14,0,EEE,0,0,2,1.96,1,4.63,664,25,0,0,23.33,Not Placed,0
6.81,0,Civil,0,0,3,2.83,1,1.86,258,32,44,1469,23.91,Not Placed,0
6.22,2,Mechanical,0,0,2,1.98,2,3.2,202,9,116,1358,36.37,Mass Recruiter,1
8.04,0,CS,2,8,5,6.15,3,7.21,712,29,170,1635,65.45,Mid-tier,1
6.17,2,EEE,2,6,2,1.83,1,4.33,515,48,0,0,41.95,Mass Recruiter,1
5.59,3,IT,0,0,4,1.22,4,5.03,473,24,48,1130,30.27,Not Placed,0
9.29,0,CS,4,8,3,7.17,4,5.59,281,52,363,2103,77.77,FAANG,1
7.18,0,CS,1,4,4,3.7,4,5.62,140,36,0,0,32.51,Not Placed,0
7.31,0,Mechanical,0,0,5,5.05,1,4.44,0,0,0,0,27.35,Not Placed,0
6.01,1,EEE,1,1,3,4.31,2,4.32,921,34,115,1142,33.31,Not Placed,0
8.39,0,Civil,0,0,2,4.25,3,3.03,0,0,0,0,15.76,Not Placed,0
8.37,0,ECE,0,0,3,4.05,10,4.71,0,0,81,1664,24.99,Not Placed,0
6.0,4,CS,1,2,3,4.32,4,4.6,256,28,261,1432,44.81,Mass Recruiter,1
6.28,2,IT,1,1,4,2.53,5,6.14,0,0,89,1798,39.02,Mass Recruiter,1
7.65,2,EEE,0,0,0,0.0,1,3.37,63,5,268,1437,28.83,Not Placed,0
6.11,1,Mechanical,0,0,4,4.1,0,3.96,0,0,22,1298,26.99,Not Placed,0
6.0,2,IT,0,0,4,2.89,1,5.25,441,34,280,1336,43.14,Mass Recruiter,1
6.09,0,Biotech,0,0,2,0.3,1,1.12,0,0,0,0,13.8,Not Placed,0
8.1,0,ECE,1,3,3,5.15,3,4.71,475,20,173,1413,56.26,Mid-tier,1
6.47,0,CS,1,2,5,3.91,2,5.95,0,0,139,1489,45.64,Mass Recruiter,1
7.51,0,CS,0,0,4,3.81,3,6.08,0,0,178,1873,33.12,Not Placed,0
7.23,0,EEE,1,4,0,0.0,4,3.39,272,16,278,1770,33.96,Not Placed,0
5.47,1,EEE,1,4,0,0.0,3,3.58,75,14,104,1343,28.25,Not Placed,0
7.43,0,EEE,0,0,1,1.12,2,1.87,20,2,0,0,22.54,Not Placed,0
5.91,2,Civil,2,6,2,3.14,1,3.29,0,0,0,0,22.69,Not Placed,0
6.34,0,EEE,0,0,2,2.89,1,2.91,0,0,50,1259,25.93,Not Placed,0
5.88,3,ECE,0,0,4,2.31,4,3.55,0,0,128,1460,19.83,Not Placed,0
7.32,0,CS,0,0,1,2.57,3,4.04,210,15,99,1568,27.46,Not Placed,0
5.71,3,ECE,0,0,2,2.74,6,4.19,0,0,132,1129,15.06,Not Placed,0
6.65,2,Civil,0,0,2,1.78,0,3.47,0,0,107,1381,15.92,Not Placed,0
7.04,0,Mechanical,2,4,5,4.35,4,4.96,507,31,0,0,46.21,Mass Recruiter,1
7.58,3,CS,1,3,1,2.58,3,4.49,232,22,175,1689,26.45,Not Placed,0
7.09,0,Civil,0,0,2,2.97,3,3.99,679,30,81,1607,36.56,Mass Recruiter,1
6.11,0,IT,1,3,4,3.34,3,5.8,368,26,99,1140,53.07,Mass Recruiter,1
6.66,1,ECE,0,0,2,2.41,3,4.02,70,13,129,1430,27.7,Not Placed,0
8.98,0,Civil,1,3,3,4.32,2,3.8,0,0,0,0,36.31,Mass Recruiter,1
9.07,0,Chemical,0,0,4,4.15,2,2.49,670,17,0,0,29.45,Not Placed,0
7.95,0,EEE,3,10,1,5.34,4,4.81,557,32,0,0,58.17,Mid-tier,1
7.11,0,CS,0,0,2,1.87,1,4.69,197,18,215,1579,33.9,Not Placed,0
7.67,0,CS,1,6,3,4.04,1,5.3,0,0,171,1822,35.39,Mass Recruiter,1
8.8,0,IT,0,0,5,5.48,3,5.46,495,35,182,1620,55.96,Mid-tier,1
8.44,0,IT,2,4,4,6.78,4,6.05,0,0,392,1905,63.74,Mid-tier,1
6.36,2,IT,3,14,2,2.16,0,5.51,458,25,127,1624,60.04,Mid-tier,1
6.05,1,CS,2,8,0,0.0,2,4.25,212,14,234,1369,44.92,Mass Recruiter,1
6.57,2,Mechanical,1,8,0,0.0,3,3.39,0,0,0,0,5.06,Not Placed,0
6.75,0,IT,0,0,3,2.32,1,5.08,690,32,217,1491,42.36,Mass Recruiter,1
7.25,0,EEE,0,0,0,0.0,1,1.91,58,9,0,0,5.56,Not Placed,0
6.99,2,ECE,2,6,2,3.91,5,4.2,0,0,226,1470,51.34,Mass Recruiter,1
6.94,1,EEE,0,0,1,0.3,2,2.51,0,0,94,1354,21.81,Not Placed,0
7.97,1,CS,0,0,5,5.64,5,6.19,624,31,494,1627,58.68,Mid-tier,1
5.98,2,ECE,0,0,5,1.72,1,5.81,719,38,72,1414,37.2,Mass Recruiter,1
6.4,0,Civil,0,0,2,1.38,0,3.13,0,0,0,0,11.46,Not Placed,0
5.61,3,IT,0,0,2,0.71,3,5.21,196,16,0,0,9.94,Not Placed,0
7.55,0,IT,1,3,1,3.48,5,6.31,169,21,225,1425,37.11,Mass Recruiter,1
6.8,2,CS,0,0,3,2.57,5,6.9,229,35,105,1636,28.17,Not Placed,0
7.07,0,EEE,0,0,2,0.94,5,4.76,0,0,40,1401,23.74,Not Placed,0
6.29,3,IT,3,6,3,3.93,4,6.0,0,0,252,1664,59.28,Mid-tier,1
5.66,3,CS,1,8,4,3.74,3,6.08,631,25,243,1203,33.38,Not Placed,0
6.4,1,IT,1,4,4,2.22,1,5.0,480,44,52,1740,42.25,Mass Recruiter,1
6.42,0,IT,2,8,2,5.37,1,5.0,559,36,0,0,42.84,Mass Recruiter,1
8.77,0,ECE,0,0,7,2.86,2,5.22,250,16,130,1337,44.89,Mass Recruiter,1
5.06,0,CS,1,3,0,0.0,0,3.59,0,0,181,1633,19.84,Not Placed,0
6.8,2,CS,1,3,4,3.27,6,7.1,622,49,0,0,45.29,Mass Recruiter,1
8.25,0,EEE,2,6,1,6.99,3,3.27,371,16,89,1361,45.21,Mass Recruiter,1
8.88,0,IT,0,0,2,3.13,4,5.98,152,9,418,1972,33.64,Not Placed,0
7.02,2,CS,1,4,5,4.63,3,5.22,735,21,504,1958,53.47,Mass Recruiter,1
5.21,2,Mechanical,0,0,1,0.67,1,2.02,0,0,19,1009,4.17,Not Placed,0
7.19,0,Chemical,0,0,5,5.82,4,3.32,0,0,0,0,35.02,Mass Recruiter,1
5.99,3,IT,3,12,3,4.68,4,6.35,418,41,77,1574,55.77,Mid-tier,1
7.16,0,Civil,0,0,1,2.13,2,2.12,0,9,76,1540,18.1,Not Placed,0
6.69,0,CS,1,3,2,1.6,1,5.04,850,25,99,1431,41.09,Mass Recruiter,1
6.35,2,CS,1,2,3,2.68,5,6.35,630,31,213,1473,52.86,Mass Recruiter,1
8.31,0,CS,3,14,2,5.7,4,6.44,441,19,549,2087,81.18,FAANG,1
9.46,0,IT,0,0,3,4.13,9,5.2,521,43,411,1685,59.92,Mid-tier,1
6.37,1,ECE,0,0,3,1.94,4,3.95,699,38,97,1337,31.74,Not Placed,0
6.93,0,CS,0,0,3,2.25,4,5.33,516,18,175,1225,35.09,Mass Recruiter,1
9.36,0,ECE,1,4,0,0.0,2,3.39,54,22,753,1647,55.56,Mid-tier,1
7.41,0,CS,1,2,6,4.17,3,5.69,478,23,456,2008,63.41,Mid-tier,1
6.53,3,CS,0,0,2,2.22,1,3.04,228,6,0,0,14.06,Not Placed,0
7.28,0,IT,0,0,5,5.71,3,5.93,221,19,30,1560,36.27,Mass Recruiter,1
6.09,1,CS,0,0,5,3.3,1,5.74,1014,30,231,1509,41.88,Mass Recruiter,1
8.14,0,Mechanical,2,8,1,3.7,4,3.65,515,32,242,1461,53.64,Mass Recruiter,1
5.58,5,Chemical,1,3,2,2.16,1,2.45,0,0,0,0,5.5,Not Placed,0
6.57,1,Civil,1,6,1,2.16,4,3.45,155,10,27,1115,34.45,Not Placed,0
7.95,0,CS,0,0,4,4.57,5,6.11,684,24,176,1349,50.15,Mass Recruiter,1
8.37,0,Mechanical,0,0,0,0.0,4,2.68,0,0,20,1447,26.69,Not Placed,0
5.92,1,ECE,2,8,3,2.95,3,5.25,112,48,0,0,34.27,Not Placed,0
9.3,0,CS,4,8,4,7.76,1,5.9,512,29,329,1927,88.46,FAANG,1
6.93,3,Biotech,0,0,1,1.08,1,2.11,0,0,0,0,4.84,Not Placed,0
7.98,1,ECE,1,6,5,6.27,3,5.21,0,0,0,0,41.67,Mass Recruiter,1
5.38,4,Mechanical,0,0,1,0.46,2,1.52,0,0,0,0,4.45,Not Placed,0
6.52,0,ECE,1,3,3,2.38,2,4.48,529,31,121,1476,35.11,Mass Recruiter,1
7.36,0,ECE,2,6,3,4.43,3,5.03,484,13,0,0,45.34,Mass Recruiter,1
7.65,1,Mechanical,0,0,4,4.01,4,4.77,0,0,131,1241,32.91,Not Placed,0
7.9,0,CS,1,3,4,3.74,4,5.92,574,32,276,1792,65.02,Mid-tier,1
7.74,0,CS,0,0,4,5.84,1,5.57,333,21,232,1678,47.79,Mass Recruiter,1
6.69,2,IT,0,0,3,2.51,2,4.63,676,22,107,1684,37.44,Mass Recruiter,1
6.98,2,CS,0,0,2,2.31,3,4.57,294,4,178,1657,32.4,Not Placed,0
7.97,0,CS,0,0,3,5.92,3,5.25,589,0,316,1514,47.37,Mass Recruiter,1
6.18,4,IT,0,0,3,0.79,4,3.65,413,22,270,1552,25.69,Not Placed,0
6.98,1,CS,0,0,3,0.57,2,4.3,143,29,309,1667,34.46,Not Placed,0
6.09,1,IT,1,8,5,3.35,2,7.16,675,28,49,1378,46.14,Mass Recruiter,1
8.77,0,ECE,1,4,2,4.76,4,5.72,431,17,132,1764,56.72,Mid-tier,1
7.11,3,IT,0,0,2,2.76,1,3.62,142,17,263,1492,27.48,Not Placed,0
5.73,0,IT,0,0,3,2.67,3,4.84,492,22,0,0,27.79,Not Placed,0
9.15,0,ECE,2,10,4,6.74,6,4.63,575,31,163,1685,66.89,Mid-tier,1
6.3,1,CS,1,4,3,3.78,3,5.3,665,31,335,1665,59.19,Mid-tier,1
7.92,0,Mechanical,0,0,4,3.21,1,4.85,0,0,0,0,30.94,Not Placed,0
5.96,3,CS,2,6,4,4.26,3,6.43,779,9,273,1525,54.29,Mass Recruiter,1
6.79,0,CS,1,2,1,0.65,4,4.54,353,13,86,1581,29.69,Not Placed,0
6.22,0,ECE,1,6,2,1.32,2,4.64,615,16,172,1187,40.67,Mass Recruiter,1
6.97,0,Civil,1,4,4,4.08,2,4.61,0,0,0,0,28.44,Not Placed,0
6.85,0,Biotech,0,0,2,2.06,3,2.98,0,0,0,0,20.88,Not Placed,0
6.97,0,Biotech,0,0,5,3.99,2,3.5,0,0,65,1303,25.34,Not Placed,0
7.01,1,ECE,3,10,5,6.01,2,6.38,399,30,130,1268,63.39,Mid-tier,1
6.9,1,Mechanical,2,8,0,0.0,4,2.84,0,0,0,0,31.14,Not Placed,0
6.43,2,Civil,0,0,0,0.0,5,1.9,24,3,0,0,-4.95,Not Placed,0
7.87,1,EEE,1,3,2,4.83,1,4.64,588,23,265,1794,40.12,Mass Recruiter,1
5.94,5,ECE,2,6,4,3.95,2,4.51,432,29,0,0,39.04,Mass Recruiter,1
7.03,0,EEE,0,0,2,1.53,6,3.57,169,12,43,1376,26.18,Not Placed,0
6.44,2,ECE,0,0,1,0.42,2,2.25,0,0,240,1282,22.1,Not Placed,0
5.39,1,ECE,2,4,2,0.33,5,5.85,707,35,67,1295,32.85,Not Placed,0
7.59,0,ECE,1,2,3,5.62,3,3.88,522,19,0,0,38.23,Mass Recruiter,1
7.91,0,Chemical,0,0,3,3.68,0,3.49,0,0,0,0,16.78,Not Placed,0
6.41,0,EEE,0,0,2,2.55,3,3.74,135,10,0,0,17.93,Not Placed,0
6.04,1,ECE,1,3,1,3.69,3,3.6,265,17,148,1447,26.38,Not Placed,0
6.12,0,CS,0,0,1,1.79,2,3.03,232,12,0,0,19.54,Not Placed,0
7.82,3,ECE,1,2,4,4.68,1,4.24,0,0,211,1689,36.41,Mass Recruiter,1
5.98,3,CS,1,3,3,1.34,3,6.2,472,15,221,1530,45.12,Mass Recruiter,1
7.56,1,CS,1,4,2,4.57,2,4.5,535,37,220,1364,42.44,Mass Recruiter,1
6.96,0,Chemical,0,0,2,0.89,2,3.46,0,0,0,0,14.39,Not Placed,0
7.38,0,Civil,0,0,1,3.84,2,1.41,167,6,0,0,15.94,Not Placed,0
7.5,1,Mechanical,1,3,1,4.79,1,3.4,0,0,241,1508,31.0,Not Placed,0
7.18,0,ECE,1,4,2,4.21,0,3.15,0,0,0,0,22.13,Not Placed,0
5.0,1,ECE,2,6,4,2.8,3,4.57,0,0,0,0,27.68,Not Placed,0
9.24,0,IT,1,3,4,4.04,3,5.21,422,41,164,1365,58.37,Mid-tier,1
7.15,0,Mechanical,0,0,3,3.6,3,4.61,282,16,0,0,28.93,Not Placed,0
6.0,2,Mechanical,2,6,1,2.34,2,3.32,0,0,40,1612,38.23,Mass Recruiter,1
6.66,2,ECE,3,8,2,4.0,2,4.48,592,34,155,1518,60.14,Mid-tier,1
6.47,1,Civil,0,0,2,1.25,1,2.68,564,29,0,0,26.44,Not Placed,0
7.53,0,ECE,1,6,3,3.5,1,3.79,252,25,161,1353,39.53,Mass Recruiter,1
8.6,0,ECE,0,0,5,4.91,3,6.24,0,0,0,0,36.24,Mass Recruiter,1
7.15,1,Chemical,0,0,0,0.0,3,2.62,0,0,0,0,1.18,Not Placed,0
5.84,2,ECE,2,3,4,3.13,2,5.82,0,0,45,1336,26.69,Not Placed,0
7.18,0,CS,3,10,2,4.91,5,6.5,434,20,636,1829,67.96,Mid-tier,1
6.62,0,CS,1,3,3,3.54,3,5.62,419,10,105,1367,38.02,Mass Recruiter,1
6.72,4,Civil,0,0,0,0.0,0,2.56,0,0,0,0,4.3,Not Placed,0
7.44,0,EEE,0,0,3,2.61,4,3.61,597,34,0,0,24.09,Not Placed,0
8.24,0,ECE,1,4,3,4.88,4,3.91,0,0,63,1878,43.85,Mass Recruiter,1
9.14,0,CS,3,12,1,7.12,3,5.04,825,34,378,1873,82.08,FAANG,1
5.95,1,IT,2,6,3,3.61,3,5.07,740,33,0,0,40.12,Mass Recruiter,1
8.71,0,ECE,2,8,5,8.4,8,6.1,0,0,181,1731,52.56,Mass Recruiter,1
6.87,0,CS,0,0,3,1.71,3,5.09,0,0,0,0,19.12,Not Placed,0
7.39,1,ECE,0,0,1,1.79,1,3.11,47,6,74,1188,11.73,Not Placed,0
5.92,3,ECE,3,8,0,0.0,0,3.68,415,12,98,1352,40.06,Mass Recruiter,1
6.11,0,CS,1,3,4,2.07,3,5.55,701,23,245,1857,54.35,Mass Recruiter,1
5.6,3,Mechanical,1,2,2,2.74,1,2.97,457,30,106,1315,22.03,Not Placed,0
7.01,0,CS,0,0,4,3.39,3,5.98,800,34,0,0,30.43,Not Placed,0
6.13,2,ECE,0,0,5,3.46,4,4.76,0,0,33,1560,30.05,Not Placed,0
6.33,0,ECE,0,0,3,2.22,2,4.6,535,41,62,1415,28.48,Not Placed,0
7.08,0,ECE,1,2,3,3.27,7,5.59,764,31,140,1558,51.3,Mass Recruiter,1
7.45,0,IT,1,6,3,2.92,2,5.12,695,10,207,1165,51.33,Mass Recruiter,1
7.31,0,CS,0,0,2,3.41,2,3.97,324,24,376,1499,45.36,Mass Recruiter,1
7.17,1,EEE,0,0,1,1.7,0,2.91,74,4,0,0,5.65,Not Placed,0
6.63,0,CS,1,3,5,2.51,2,6.6,319,17,193,1586,51.37,Mass Recruiter,1
5.16,2,Civil,0,0,0,0.0,1,2.23,0,0,0,0,7.76,Not Placed,0
7.71,0,Civil,0,0,0,0.0,2,1.0,0,0,102,1420,18.85,Not Placed,0
6.13,1,CS,2,4,5,6.11,2,6.18,670,42,140,1654,55.4,Mid-tier,1
5.4,0,IT,0,0,5,1.32,5,5.68,567,6,83,1733,51.05,Mass Recruiter,1
7.41,0,IT,1,3,2,2.51,2,4.64,323,36,140,1427,44.18,Mass Recruiter,1
6.52,2,IT,0,0,3,2.16,4,4.81,382,18,164,1698,35.99,Mass Recruiter,1
7.14,0,Mechanical,1,6,0,0.0,0,2.33,80,4,74,1457,27.91,Not Placed,0
6.36,2,CS,2,6,3,3.85,3,5.19,724,43,158,1611,50.86,Mass Recruiter,1
6.12,1,Biotech,0,0,0,0.0,1,2.44,0,0,0,0,-5.5,Not Placed,0
6.72,1,ECE,0,0,4,2.57,3,3.47,512,38,240,1461,33.3,Not Placed,0
6.87,1,CS,1,3,2,5.12,4,6.4,674,20,0,0,32.26,Not Placed,0
7.55,0,Chemical,0,0,2,3.4,1,2.56,98,14,0,0,22.99,Not Placed,0
7.41,1,ECE,1,3,0,0.0,1,4.02,234,10,0,0,23.31,Not Placed,0
8.42,0,CS,2,6,1,2.88,2,5.7,0,0,0,0,35.86,Mass Recruiter,1
9.11,0,CS,2,6,5,6.06,0,5.68,514,41,641,1820,80.47,FAANG,1
8.56,0,Biotech,1,3,1,5.68,5,3.87,356,56,0,0,29.68,Not Placed,0
6.91,1,IT,1,3,4,4.63,4,5.68,504,40,141,1585,50.13,Mass Recruiter,1
7.6,1,CS,1,4,4,2.79,0,5.89,0,0,425,2135,49.77,Mass Recruiter,1
8.36,0,CS,2,6,6,5.92,3,7.47,427,43,272,1760,69.5,Mid-tier,1
7.65,0,CS,1,3,3,3.77,5,7.01,775,42,208,1518,45.41,Mass Recruiter,1
7.98,0,IT,0,0,6,5.55,5,6.72,0,0,25,1656,41.19,Mass Recruiter,1
8.35,0,IT,2,6,3,4.67,5,5.7,484,26,289,1686,69.28,Mid-tier,1
9.13,0,CS,1,2,4,5.09,4,6.99,535,19,82,1614,56.32,Mid-tier,1
7.39,1,IT,0,0,3,4.43,3,4.56,687,12,180,1596,49.75,Mass Recruiter,1
6.64,0,CS,1,4,2,1.82,2,4.88,581,17,0,0,26.46,Not Placed,0
9.64,0,IT,1,6,4,5.91,3,5.71,549,22,251,1585,69.63,Mid-tier,1
8.36,0,IT,2,4,4,4.26,1,5.12,374,23,317,1495,53.24,Mass Recruiter,1
7.01,1,Civil,0,0,2,3.35,0,1.38,0,0,0,0,22.72,Not Placed,0
8.62,0,IT,0,0,4,5.45,4,5.25,0,0,153,1611,45.6,Mass Recruiter,1
7.43,0,ECE,3,8,1,4.81,2,3.23,388,28,0,0,44.74,Mass Recruiter,1
8.23,0,IT,1,2,6,6.35,3,6.67,392,25,0,0,56.34,Mid-tier,1
5.29,3,Mechanical,0,0,4,1.77,2,4.14,157,42,0,0,11.22,Not Placed,0
5.09,1,ECE,0,0,2,0.3,2,3.14,259,7,77,1632,23.92,Not Placed,0
6.44,1,Mechanical,0,0,4,2.84,2,3.87,569,14,139,1421,28.71,Not Placed,0
8.17,0,Chemical,0,0,0,0.0,0,2.19,0,0,0,0,16.06,Not Placed,0
7.65,0,IT,1,3,5,4.91,3,5.64,595,31,47,1153,52.03,Mass Recruiter,1
7.22,1,Mechanical,0,0,1,2.53,1,2.45,0,0,0,0,6.08,Not Placed,0
7.22,0,Mechanical,0,0,1,2.89,2,1.87,0,0,0,0,14.27,Not Placed,0
8.09,0,Biotech,0,0,1,4.09,2,1.82,0,0,0,0,22.36,Not Placed,0
5.15,2,EEE,0,0,3,2.23,1,2.59,0,0,0,0,14.54,Not Placed,0
7.09,1,CS,0,0,3,3.78,3,5.44,631,42,227,1574,37.46,Mass Recruiter,1
6.1,2,CS,1,3,2,2.41,1,4.11,0,0,0,0,15.68,Not Placed,0
6.39,0,ECE,0,0,2,1.4,1,4.62,0,0,0,0,15.39,Not Placed,0
6.11,2,Mechanical,0,0,1,2.57,2,3.48,52,0,0,0,10.92,Not Placed,0
6.57,0,ECE,1,4,4,3.47,2,4.41,693,34,15,1430,35.93,Mass Recruiter,1
5.83,3,Mechanical,0,0,3,2.78,1,3.38,0,0,0,0,10.56,Not Placed,0
5.8,0,CS,0,0,2,1.42,5,5.81,220,5,0,0,13.63,Not Placed,0
6.27,2,EEE,0,0,1,1.17,2,3.84,0,0,35,1429,12.7,Not Placed,0
5.64,1,IT,1,3,2,2.52,4,6.22,50,37,89,1092,44.32,Mass Recruiter,1
8.03,0,IT,1,6,2,2.55,2,5.62,508,29,326,1338,61.91,Mid-tier,1
7.96,0,Chemical,0,0,3,5.0,1,1.54,694,16,77,1279,24.28,Not Placed,0
8.27,0,ECE,1,4,3,4.32,4,5.3,503,39,0,0,54.09,Mass Recruiter,1
8.83,0,ECE,1,6,2,4.14,0,2.73,381,12,0,0,35.84,Mass Recruiter,1
6.04,0,IT,2,4,3,2.53,4,6.32,0,0,172,1472,38.02,Mass Recruiter,1
5.34,2,Civil,0,0,4,2.03,0,3.67,0,0,0,0,8.73,Not Placed,0
6.38,2,Mechanical,0,0,2,2.77,2,3.1,0,0,0,0,9.52,Not Placed,0
7.22,2,ECE,0,0,4,2.38,2,3.46,534,17,57,1488,38.17,Mass Recruiter,1
7.42,2,ECE,0,0,3,2.42,2,3.58,343,20,168,1733,35.59,Mass Recruiter,1
5.63,3,CS,1,3,4,2.11,0,5.53,0,0,241,1371,32.23,Not Placed,0
7.05,0,ECE,1,4,0,0.0,3,3.79,37,10,211,1644,33.81,Not Placed,0
6.83,4,CS,0,0,3,3.94,3,5.53,374,24,113,1591,27.78,Not Placed,0
7.07,0,Biotech,0,0,0,0.0,2,2.09,0,0,0,0,10.29,Not Placed,0
7.25,0,ECE,0,0,3,2.78,0,4.16,633,37,0,0,23.2,Not Placed,0
6.53,2,ECE,0,0,5,2.86,3,4.76,437,37,0,0,15.06,Not Placed,0
7.9,0,Biotech,0,0,1,5.45,1,2.29,71,9,52,1434,30.4,Not Placed,0
6.54,1,CS,1,4,2,3.38,4,3.68,563,35,112,1710,45.32,Mass Recruiter,1
7.42,1,IT,4,12,3,3.62,2,6.73,280,28,225,1784,64.53,Mid-tier,1
8.85,0,Civil,0,0,3,5.08,0,3.02,0,0,150,1564,38.14,Mass Recruiter,1
6.56,2,Mechanical,1,1,5,4.34,2,4.87,0,0,0,0,19.45,Not Placed,0
5.55,1,CS,1,3,5,1.95,1,6.1,384,24,224,1616,37.23,Mass Recruiter,1
5.48,0,CS,0,0,6,4.47,4,6.39,799,29,165,1406,35.52,Mass Recruiter,1
8.53,0,IT,2,10,4,6.13,1,4.86,463,26,194,1293,65.33,Mid-tier,1
9.25,0,ECE,1,2,3,6.57,2,3.59,131,34,307,1632,60.64,Mid-tier,1
5.99,1,Mechanical,1,4,0,0.0,3,3.5,0,0,75,1290,12.68,Not Placed,0
7.8,2,EEE,1,2,1,2.23,2,2.84,295,27,0,0,31.25,Not Placed,0
5.97,2,IT,1,2,3,1.85,2,4.18,640,31,109,1523,37.98,Mass Recruiter,1
6.43,1,IT,0,0,3,1.93,4,5.18,763,35,244,1381,41.88,Mass Recruiter,1
6.37,0,CS,3,10,3,4.37,2,5.42,671,32,0,0,59.45,Mid-tier,1
7.48,0,EEE,3,12,1,4.7,4,3.83,0,0,191,1680,48.72,Mass Recruiter,1
7.6,0,Mechanical,0,0,1,2.15,3,4.15,194,15,0,0,13.81,Not Placed,0
6.31,2,EEE,0,0,0,0.0,1,1.19,0,0,71,1390,2.17,Not Placed,0
6.17,0,Civil,0,0,3,2.86,3,1.19,0,0,120,1528,13.09,Not Placed,0
5.43,2,CS,0,0,4,2.46,2,5.84,740,32,79,1555,30.59,Not Placed,0
8.84,0,CS,2,3,5,4.76,3,6.6,693,7,242,1813,66.49,Mid-tier,1
7.8,0,CS,1,3,7,6.13,3,7.27,510,29,188,1634,61.31,Mid-tier,1
6.5,0,IT,0,0,5,3.04,2,4.94,508,34,0,0,32.8,Not Placed,0
6.3,0,CS,1,2,4,2.32,6,8.33,0,0,205,1624,33.52,Not Placed,0
5.52,4,Mechanical,0,0,1,2.49,3,1.75,44,5,0,0,6.28,Not Placed,0
8.34,0,IT,0,0,3,4.15,3,4.18,0,0,199,1528,33.98,Not Placed,0
7.48,1,Chemical,0,0,1,1.69,3,2.81,176,12,0,1083,20.54,Not Placed,0
7.09,0,CS,1,4,1,2.37,6,6.65,74,20,303,1988,50.63,Mass Recruiter,1
6.14,0,Chemical,0,0,3,3.72,0,2.67,634,25,0,0,18.8,Not Placed,0
7.13,0,ECE,3,8,3,5.57,0,4.21,442,26,56,1420,60.29,Mid-tier,1
8.94,1,IT,0,0,2,3.45,3,3.58,714,25,383,1457,38.16,Mass Recruiter,1
7.75,0,CS,1,2,5,5.23,4,6.31,472,29,0,0,32.55,Not Placed,0
8.99,0,ECE,0,0,6,5.89,3,4.66,396,19,249,1262,50.25,Mass Recruiter,1
5.37,3,IT,1,1,3,1.22,2,5.75,490,15,80,1354,36.31,Mass Recruiter,1
5.79,5,CS,1,4,3,0.66,4,5.09,449,7,0,0,18.1,Not Placed,0
6.26,1,Mechanical,0,0,0,0.0,0,1.0,22,2,0,0,1.45,Not Placed,0
7.12,0,Chemical,1,2,1,5.94,2,2.04,0,0,85,1558,42.79,Mass Recruiter,1
6.68,1,IT,0,0,7,4.62,3,5.2,632,35,176,1462,43.93,Mass Recruiter,1
5.9,0,Mechanical,1,6,2,4.79,2,3.66,0,0,61,1437,32.68,Not Placed,0
8.28,1,ECE,2,6,2,5.8,2,4.1,0,0,244,1399,45.21,Mass Recruiter,1
7.18,0,CS,2,4,4,4.93,4,5.87,880,31,568,1733,63.36,Mid-tier,1
7.35,0,ECE,2,8,1,2.29,2,3.58,479,36,83,1541,40.92,Mass Recruiter,1
6.94,2,IT,2,4,1,4.66,6,4.8,0,0,184,1463,37.89,Mass Recruiter,1
7.45,0,CS,0,0,3,1.99,1,5.19,0,0,332,2134,34.72,Not Placed,0
6.58,2,ECE,0,0,2,2.17,0,3.8,366,14,0,0,20.99,Not Placed,0
5.74,3,IT,1,4,4,4.47,3,5.56,494,41,56,1542,39.01,Mass Recruiter,1
5.16,2,EEE,0,0,1,0.3,2,1.82,153,15,26,1378,2.41,Not Placed,0
8.43,2,Chemical,1,6,3,5.0,0,3.13,349,45,31,1383,43.17,Mass Recruiter,1
6.66,0,IT,0,0,3,0.37,4,5.54,648,32,104,1356,34.11,Not Placed,0
6.15,4,Mechanical,1,1,1,1.51,0,2.87,0,0,0,0,6.02,Not Placed,0
7.6,0,ECE,1,2,3,6.26,3,4.81,364,42,237,1607,49.99,Mass Recruiter,1
8.39,0,CS,0,0,6,4.53,1,5.01,260,29,0,0,43.11,Mass Recruiter,1
6.99,3,IT,1,1,5,5.66,2,6.0,296,24,85,1722,50.88,Mass Recruiter,1
7.06,0,IT,1,4,3,2.49,5,5.95,461,18,141,1639,47.01,Mass Recruiter,1
6.04,1,IT,1,8,5,2.49,2,6.69,386,41,99,1678,54.55,Mass Recruiter,1
7.36,1,CS,0,0,3,3.14,4,5.4,559,23,79,1604,34.09,Not Placed,0
6.28,2,CS,2,4,5,3.84,3,7.31,464,44,153,1527,55.31,Mid-tier,1
9.07,0,EEE,0,0,0,0.0,6,1.81,0,0,0,0,14.8,Not Placed,0
8.04,0,EEE,1,3,1,3.85,2,3.1,202,9,61,1321,31.73,Not Placed,0
8.16,0,Chemical,0,0,3,3.69,1,1.11,0,0,0,0,15.89,Not Placed,0
7.7,0,Mechanical,1,4,1,1.59,5,2.49,226,36,75,1216,32.83,Not Placed,0
5.6,6,Biotech,1,2,1,3.09,1,2.96,0,0,0,0,8.71,Not Placed,0
8.76,0,IT,1,3,3,2.36,2,5.22,447,30,0,0,37.0,Mass Recruiter,1
7.88,1,Civil,1,6,1,1.76,4,1.95,261,21,131,1311,49.8,Mass Recruiter,1
6.54,2,ECE,1,3,4,4.81,0,4.42,536,16,94,1690,32.88,Not Placed,0
5.79,4,IT,2,4,3,2.34,3,6.33,500,40,130,1340,35.38,Mass Recruiter,1
7.85,1,IT,2,8,0,0.0,9,6.69,552,33,473,2071,61.06,Mid-tier,1
7.43,1,CS,0,0,2,2.09,5,5.91,640,39,417,2028,44.15,Mass Recruiter,1
8.35,0,ECE,1,4,0,0.0,4,4.18,163,15,206,1759,38.27,Mass Recruiter,1
5.92,2,Civil,0,0,3,1.47,0,2.21,0,0,0,0,8.88,Not Placed,0
5.01,3,CS,0,0,4,0.93,2,4.51,0,0,293,1257,12.48,Not Placed,0
5.48,4,IT,0,0,4,2.21,2,4.38,503,22,0,0,18.57,Not Placed,0
9.11,0,IT,1,4,4,6.34,5,5.68,344,18,303,1591,56.17,Mid-tier,1
8.68,0,Mechanical,2,4,0,0.0,2,1.95,748,24,131,1687,48.52,Mass Recruiter,1
8.91,0,Biotech,2,10,3,5.19,2,3.9,737,28,0,0,56.91,Mid-tier,1
6.87,1,IT,2,8,5,5.69,10,5.56,0,0,291,1286,62.68,Mid-tier,1
5.32,3,IT,0,0,5,0.9,1,5.1,482,29,43,1090,31.66,Not Placed,0
7.56,0,CS,2,6,3,3.36,3,5.87,496,43,281,1967,66.11,Mid-tier,1
6.14,0,Civil,1,3,2,3.26,0,3.29,0,0,29,1622,31.69,Not Placed,0
8.14,0,IT,1,4,5,5.94,3,6.82,279,37,259,1696,67.39,Mid-tier,1
6.37,1,CS,3,10,3,4.18,3,6.81,0,0,107,1770,46.14,Mass Recruiter,1
8.44,0,ECE,2,4,4,8.93,2,5.81,429,29,187,1660,71.37,Mid-tier,1
5.58,1,EEE,0,0,4,3.29,5,5.57,0,0,92,1402,19.43,Not Placed,0
7.52,0,Civil,0,0,2,2.04,0,1.38,0,0,0,0,14.43,Not Placed,0
7.19,0,ECE,0,0,3,3.79,3,4.3,584,29,0,0,27.13,Not Placed,0
6.93,1,ECE,1,4,3,4.19,2,4.39,805,24,71,1317,38.57,Mass Recruiter,1
8.71,0,CS,1,4,4,4.91,1,5.98,591,16,509,1811,65.26,Mid-tier,1
7.02,0,Biotech,0,0,2,1.98,5,3.11,732,18,40,1257,32.18,Not Placed,0
6.47,1,IT,0,0,2,1.84,3,4.08,146,12,0,0,17.21,Not Placed,0
7.64,0,ECE,3,14,2,5.16,0,2.91,0,0,171,1437,59.78,Mid-tier,1
7.92,1,ECE,0,0,2,4.19,2,2.89,0,0,0,0,20.27,Not Placed,0
6.41,0,EEE,0,0,2,1.6,0,2.13,264,15,19,1410,23.39,Not Placed,0
8.92,0,CS,1,2,4,4.77,4,6.73,149,25,422,1716,58.17,Mid-tier,1
6.34,1,CS,2,6,1,2.37,4,4.34,742,36,275,1614,47.35,Mass Recruiter,1
5.42,4,IT,0,0,4,3.82,0,3.87,358,49,111,1337,27.13,Not Placed,0
6.99,0,Chemical,0,0,3,3.14,0,1.48,532,35,39,1462,35.36,Mass Recruiter,1
6.52,1,EEE,1,4,2,1.82,4,3.76,699,46,0,0,33.21,Not Placed,0
6.83,0,CS,0,0,3,2.28,4,6.66,717,18,312,1457,49.92,Mass Recruiter,1
5.7,1,CS,0,0,3,1.65,0,4.82,752,35,186,1367,31.74,Not Placed,0
6.38,0,IT,1,3,1,0.3,3,4.5,0,0,0,0,19.68,Not Placed,0
6.64,4,EEE,2,6,3,3.14,2,4.15,0,0,59,1478,31.0,Not Placed,0
6.5,2,IT,1,3,5,4.86,2,5.32,493,20,108,1411,43.88,Mass Recruiter,1
6.17,2,CS,1,3,0,0.0,3,4.75,292,16,231,1480,18.21,Not Placed,0
5.68,3,Chemical,1,4,3,3.45,3,3.43,0,0,0,0,23.58,Not Placed,0
8.55,0,Chemical,1,6,1,4.03,2,1.67,0,0,0,0,21.35,Not Placed,0
6.16,1,CS,1,8,7,4.98,1,6.01,577,20,264,1693,51.83,Mass Recruiter,1
6.61,2,EEE,1,4,2,2.16,1,2.85,0,0,0,0,18.22,Not Placed,0
8.41,0,CS,1,3,5,6.11,3,6.63,321,27,269,1883,60.72,Mid-tier,1
5.92,2,IT,0,0,2,1.86,5,4.58,146,21,155,1432,19.45,Not Placed,0
6.94,1,EEE,1,6,0,0.0,2,3.12,0,0,0,0,17.79,Not Placed,0
7.6,0,IT,2,4,4,5.38,3,5.64,393,41,0,0,43.53,Mass Recruiter,1
5.34,0,Biotech,0,0,1,1.96,2,3.05,325,8,34,1193,8.51,Not Placed,0
7.26,0,IT,1,4,3,3.14,5,5.38,414,14,170,1150,54.71,Mass Recruiter,1
8.37,0,EEE,1,3,1,1.85,4,5.19,0,0,159,1816,39.44,Mass Recruiter,1
7.16,0,ECE,0,0,4,4.68,1,3.55,472,23,99,1472,33.42,Not Placed,0
7.24,0,CS,2,6,1,4.32,4,6.25,554,32,340,2139,60.26,Mid-tier,1
6.86,2,ECE,0,0,2,4.23,3,5.2,0,0,217,1684,30.86,Not Placed,0
7.26,0,Mechanical,0,0,1,2.83,2,3.06,293,17,0,0,18.82,Not Placed,0
7.23,1,ECE,1,3,3,2.79,3,4.04,440,34,65,1401,41.79,Mass Recruiter,1
6.27,1,Chemical,0,0,0,0.0,1,1.69,0,0,0,0,6.6,Not Placed,0
6.17,0,IT,1,6,4,3.6,5,5.3,665,27,231,1398,50.16,Mass Recruiter,1
7.87,0,IT,1,2,4,4.81,4,4.67,270,6,142,1849,51.85,Mass Recruiter,1
5.98,2,ECE,3,10,2,3.99,2,5.47,0,0,0,0,37.96,Mass Recruiter,1
6.58,0,CS,1,2,4,5.41,4,6.47,637,36,0,0,51.49,Mass Recruiter,1
8.55,2,CS,2,4,4,6.53,4,7.62,353,40,423,1865,67.55,Mid-tier,1
8.28,0,IT,2,6,3,4.27,0,5.31,0,0,0,0,46.11,Mass Recruiter,1
7.57,0,Biotech,2,3,1,4.08,1,1.54,0,0,50,1183,30.75,Not Placed,0
9.38,0,IT,0,0,2,5.63,4,5.47,53,38,483,1709,52.57,Mass Recruiter,1
6.99,2,ECE,0,0,2,1.95,4,3.67,120,4,154,1567,23.06,Not Placed,0
6.51,0,ECE,2,6,2,3.22,2,5.21,274,30,205,1260,59.49,Mid-tier,1
5.52,0,ECE,0,0,2,2.01,0,3.46,0,0,166,1271,21.47,Not Placed,0
7.43,1,IT,3,14,3,7.16,5,6.16,470,38,0,0,51.41,Mass Recruiter,1
7.12,1,ECE,2,6,4,2.95,1,3.82,40,31,80,1369,42.77,Mass Recruiter,1
5.96,4,Biotech,1,3,4,3.32,0,3.78,0,0,0,0,14.52,Not Placed,0
6.53,2,CS,0,0,2,1.12,5,4.6,180,8,0,0,11.72,Not Placed,0
7.34,1,IT,3,10,2,5.33,2,4.59,700,31,230,1491,63.68,Mid-tier,1
8.75,0,IT,3,8,3,7.52,2,6.09,474,23,0,0,70.33,Mid-tier,1
7.22,3,EEE,1,8,0,0.0,1,3.38,55,10,154,1583,26.66,Not Placed,0
6.64,2,IT,0,0,2,1.67,3,4.19,281,0,122,1461,30.07,Not Placed,0
6.21,0,ECE,0,0,3,2.38,0,4.34,0,0,107,1322,19.42,Not Placed,0
6.66,1,CS,0,0,6,4.26,6,7.3,755,27,58,1628,40.11,Mass Recruiter,1
7.06,0,CS,0,0,1,1.29,3,5.12,100,5,223,1421,35.7,Mass Recruiter,1
6.64,2,IT,1,6,4,3.37,1,4.6,0,0,242,1603,35.0,Mass Recruiter,1
6.03,0,CS,0,0,2,1.81,3,4.33,0,0,77,1388,17.97,Not Placed,0
6.24,2,Mechanical,0,0,3,2.55,5,2.52,754,28,0,0,21.53,Not Placed,0
6.27,0,CS,2,4,5,4.61,3,7.16,530,32,371,1672,72.84,Mid-tier,1
7.43,0,Civil,0,0,4,2.06,0,3.75,0,0,88,1295,27.84,Not Placed,0
8.19,1,CS,1,2,5,4.5,4,6.42,712,13,149,1376,57.28,Mid-tier,1
7.29,2,CS,2,10,4,5.96,3,6.73,588,22,0,0,36.33,Mass Recruiter,1
7.56,0,ECE,0,0,3,5.56,2,4.44,705,23,0,0,38.04,Mass Recruiter,1
6.15,0,IT,1,4,2,1.54,4,5.12,0,0,0,0,23.77,Not Placed,0
6.87,0,CS,1,3,2,2.83,2,3.95,472,44,106,1637,49.17,Mass Recruiter,1
6.71,2,ECE,2,8,3,2.71,4,5.11,539,19,67,1365,53.45,Mass Recruiter,1
8.48,0,CS,2,8,3,2.83,2,3.76,0,0,390,2127,65.84,Mid-tier,1
5.86,2,Mechanical,0,0,2,2.53,3,3.52,160,12,0,0,10.18,Not Placed,0
9.35,0,CS,0,0,5,6.65,8,5.31,346,33,224,1791,51.39,Mass Recruiter,1
8.72,0,Civil,0,0,3,4.01,1,3.87,370,24,202,1382,45.6,Mass Recruiter,1
7.61,0,CS,0,0,2,3.36,4,4.15,870,24,163,1505,38.71,Mass Recruiter,1
7.31,0,ECE,0,0,3,1.57,4,4.61,418,21,81,1625,28.14,Not Placed,0
6.29,2,Mechanical,2,4,2,3.86,1,3.76,469,16,126,1186,39.92,Mass Recruiter,1
8.1,0,CS,0,0,3,4.07,6,5.16,521,27,494,1953,64.28,Mid-tier,1
5.85,1,IT,0,0,5,2.52,3,3.9,467,21,90,1386,37.82,Mass Recruiter,1
6.81,0,Mechanical,1,1,0,0.0,3,2.97,102,4,140,1281,30.79,Not Placed,0
7.08,0,Chemical,0,0,2,2.93,1,3.15,0,0,70,1457,22.39,Not Placed,0
8.47,0,CS,0,0,0,0.0,3,2.79,150,3,325,1939,33.77,Not Placed,0
5.89,2,CS,2,3,2,1.71,1,5.41,558,44,231,1644,48.86,Mass Recruiter,1
6.69,0,Mechanical,0,0,0,0.0,2,2.55,0,0,0,0,0.62,Not Placed,0
8.24,0,CS,1,4,4,5.07,2,5.68,673,18,319,1380,57.06,Mid-tier,1
7.83,1,EEE,1,2,0,0.0,3,4.01,199,4,197,1393,42.02,Mass Recruiter,1
7.4,0,Mechanical,0,0,2,1.94,1,2.74,45,3,0,0,9.17,Not Placed,0
7.41,0,IT,0,0,4,5.45,4,6.02,428,24,182,1373,51.03,Mass Recruiter,1
6.56,2,ECE,2,4,2,4.46,3,4.29,434,39,66,1372,41.61,Mass Recruiter,1
7.54,0,CS,0,0,5,3.64,2,6.11,833,26,236,1606,47.64,Mass Recruiter,1
7.61,0,Mechanical,1,4,0,0.0,2,2.61,0,0,0,0,31.09,Not Placed,0
5.19,2,CS,2,3,5,2.38,2,6.65,0,0,216,1447,45.13,Mass Recruiter,1
6.39,0,IT,0,0,4,3.86,3,6.56,32,21,178,1375,35.34,Mass Recruiter,1
7.6,0,Mechanical,0,0,1,2.52,4,2.08,215,12,240,1895,32.05,Not Placed,0
7.89,0,IT,0,0,1,1.75,4,3.92,105,11,153,1538,39.47,Mass Recruiter,1
7.86,0,EEE,0,0,0,0.0,3,2.42,0,0,171,1733,34.01,Not Placed,0
6.61,0,ECE,0,0,1,2.16,1,2.06,0,5,220,1525,23.26,Not Placed,0
8.42,0,CS,0,0,1,4.4,3,3.51,270,12,175,1411,45.03,Mass Recruiter,1
7.81,0,IT,1,4,2,3.62,3,5.08,504,26,320,1599,61.46,Mid-tier,1
7.91,0,Biotech,0,0,2,3.93,1,1.39,0,0,0,0,21.87,Not Placed,0
6.88,1,Civil,0,0,0,0.0,3,1.0,0,0,0,0,-1.18,Not Placed,0
6.09,0,EEE,1,4,2,2.1,2,3.84,0,0,111,1176,33.52,Not Placed,0
6.87,1,CS,2,4,3,4.01,4,5.82,0,0,0,0,31.4,Not Placed,0
7.08,2,CS,1,8,3,4.81,5,7.19,0,0,0,0,44.32,Mass Recruiter,1
6.83,3,ECE,2,8,2,2.11,3,4.96,0,0,312,1757,49.0,Mass Recruiter,1
5.69,1,Mechanical,0,0,1,1.24,1,2.61,0,0,46,1237,11.08,Not Placed,0
6.4,3,CS,0,0,2,2.23,3,4.42,240,13,4,1303,11.92,Not Placed,0
5.51,2,ECE,0,0,4,2.91,1,3.89,0,0,26,1394,17.44,Not Placed,0
8.14,0,IT,0,0,3,2.36,1,5.47,704,27,0,0,28.11,Not Placed,0
8.65,0,IT,2,4,2,5.55,5,6.02,0,0,263,1960,58.63,Mid-tier,1
8.21,0,IT,1,4,2,4.9,4,5.8,0,0,0,0,29.15,Not Placed,0
6.2,0,CS,0,0,5,2.34,2,6.56,790,39,111,1387,38.91,Mass Recruiter,1
8.84,0,CS,0,0,3,2.85,6,5.55,525,27,228,1475,40.84,Mass Recruiter,1
5.87,0,CS,0,0,2,1.74,5,3.84,234,4,0,0,15.13,Not Placed,0
6.65,3,Mechanical,2,10,4,4.79,0,3.65,0,0,0,0,23.98,Not Placed,0
7.94,0,ECE,0,0,2,4.12,2,3.49,748,20,0,0,35.28,Mass Recruiter,1
5.58,4,CS,0,0,5,0.3,1,4.92,0,0,71,1957,21.75,Not Placed,0
7.42,0,ECE,1,3,4,4.29,2,5.47,415,20,5,1433,44.89,Mass Recruiter,1
7.67,0,IT,0,0,5,3.58,1,4.27,557,25,0,0,37.94,Mass Recruiter,1
8.54,0,EEE,0,0,2,1.9,2,3.9,262,8,73,1117,29.78,Not Placed,0
6.2,2,ECE,0,0,3,3.46,3,3.8,747,30,0,0,35.95,Mass Recruiter,1
5.83,4,ECE,3,10,4,5.31,3,6.96,478,39,0,0,41.23,Mass Recruiter,1
5.93,2,CS,1,4,5,3.5,7,6.94,477,35,174,1308,45.19,Mass Recruiter,1
8.44,0,IT,0,0,2,3.79,2,4.43,108,9,198,1463,31.55,Not Placed,0
8.1,2,EEE,1,4,5,5.32,2,4.94,0,0,0,0,37.4,Mass Recruiter,1
7.79,2,ECE,0,0,4,3.68,2,4.98,617,26,174,1488,41.79,Mass Recruiter,1
7.0,0,ECE,1,8,1,2.29,0,3.58,143,29,0,0,25.25,Not Placed,0
7.42,0,CS,0,0,3,4.37,1,4.53,529,2,119,1446,38.8,Mass Recruiter,1
6.66,1,Chemical,0,0,0,0.0,0,2.08,0,0,0,0,0.46,Not Placed,0
6.49,2,ECE,1,4,5,2.9,0,4.75,832,28,104,1497,39.51,Mass Recruiter,1
9.33,0,ECE,0,0,3,4.3,4,4.03,475,20,143,1526,55.88,Mid-tier,1
6.25,0,EEE,0,0,2,0.61,1,3.28,175,24,81,1099,20.31,Not Placed,0
6.79,1,IT,0,0,3,4.12,5,4.44,399,6,329,1768,39.09,Mass Recruiter,1
6.96,3,IT,2,4,3,3.53,1,4.35,578,37,289,1676,52.49,Mass Recruiter,1
7.79,1,Mechanical,2,3,4,5.58,1,4.13,503,26,6,1472,44.42,Mass Recruiter,1
7.39,0,IT,0,0,4,2.91,3,4.17,649,19,0,0,38.51,Mass Recruiter,1
7.02,0,ECE,1,4,3,3.69,1,4.52,856,18,28,1336,40.12,Mass Recruiter,1
9.11,0,IT,2,4,6,7.56,4,7.89,584,19,168,1602,83.08,FAANG,1
8.37,0,Chemical,1,4,5,4.19,3,4.55,0,0,49,1277,39.54,Mass Recruiter,1
5.76,3,Chemical,1,3,1,2.33,2,4.22,0,0,25,1233,13.39,Not Placed,0
6.27,4,CS,1,3,6,3.97,4,6.87,593,32,239,1588,45.53,Mass Recruiter,1
8.21,2,CS,1,2,5,4.52,6,6.48,591,25,173,1377,55.2,Mid-tier,1
5.89,2,IT,1,2,1,2.32,4,4.44,0,0,0,0,22.83,Not Placed,0
6.19,2,IT,1,2,2,0.91,1,5.85,361,25,75,1537,26.02,Not Placed,0
7.96,0,Mechanical,2,10,1,4.32,2,3.33,0,0,0,0,33.62,Not Placed,0
7.6,0,ECE,0,0,3,4.14,4,4.81,0,0,164,1423,29.11,Not Placed,0
7.07,0,CS,2,8,5,5.21,3,6.66,781,40,264,1557,62.5,Mid-tier,1
7.62,0,IT,2,4,4,2.11,3,4.54,464,32,167,1794,48.58,Mass Recruiter,1
7.85,0,IT,0,0,1,4.74,4,3.51,0,0,325,1877,36.67,Mass Recruiter,1
7.16,0,CS,1,3,4,5.76,6,6.35,310,26,0,0,39.09,Mass Recruiter,1
8.76,0,CS,2,6,2,5.25,4,5.61,521,39,603,1800,59.33,Mid-tier,1
7.28,0,ECE,1,6,3,3.57,5,6.45,0,0,148,1511,51.67,Mass Recruiter,1
6.16,1,EEE,0,0,3,1.16,1,3.39,0,0,154,1634,26.94,Not Placed,0
7.42,0,ECE,1,2,3,3.34,1,4.63,0,0,0,0,29.19,Not Placed,0
5.64,2,IT,0,0,3,2.31,1,5.05,682,26,353,1564,42.67,Mass Recruiter,1
5.69,2,IT,1,3,5,2.71,4,5.38,659,34,0,0,37.37,Mass Recruiter,1
8.26,0,ECE,2,6,1,5.45,7,6.25,264,22,0,0,44.14,Mass Recruiter,1
8.17,0,Biotech,0,0,3,4.72,2,2.46,0,0,121,1379,39.29,Mass Recruiter,1
7.33,0,ECE,0,0,4,3.22,2,5.6,495,22,0,0,29.35,Not Placed,0
6.99,3,CS,1,6,5,5.28,0,7.16,408,41,164,1579,54.21,Mass Recruiter,1
6.29,3,Mechanical,0,0,3,1.73,4,3.88,226,22,17,1480,17.65,Not Placed,0
8.16,0,CS,1,3,4,6.19,2,6.25,264,18,131,1520,52.52,Mass Recruiter,1
7.55,0,Civil,0,0,1,2.55,0,2.77,0,0,132,1318,27.38,Not Placed,0
8.22,0,CS,4,14,1,5.13,4,6.31,621,37,219,1294,78.68,FAANG,1
8.26,0,CS,1,8,3,3.71,6,5.16,656,48,298,1466,63.5,Mid-tier,1
7.04,0,IT,1,1,2,3.83,2,5.03,453,22,206,1542,50.46,Mass Recruiter,1
7.6,1,Civil,0,0,0,0.0,1,1.69,25,0,127,1344,18.32,Not Placed,0
7.39,0,ECE,2,4,2,2.82,1,4.93,186,14,0,0,37.24,Mass Recruiter,1
6.38,0,IT,0,0,1,1.44,3,3.54,236,7,151,1667,21.01,Not Placed,0
5.71,4,ECE,3,12,2,3.5,2,4.05,353,12,93,1210,39.27,Mass Recruiter,1
6.19,1,Civil,0,0,1,0.34,1,1.79,0,0,0,0,16.23,Not Placed,0
7.9,0,ECE,4,14,6,6.31,3,8.03,691,33,289,1493,81.56,FAANG,1
8.37,0,ECE,3,12,3,7.06,1,4.72,575,22,238,1385,69.86,Mid-tier,1
7.53,0,ECE,2,6,2,2.19,3,4.43,500,19,0,0,39.38,Mass Recruiter,1
7.43,0,IT,0,0,2,1.95,1,3.27,297,13,0,0,28.92,Not Placed,0
7.17,0,ECE,2,8,2,3.26,3,4.15,411,22,0,0,40.87,Mass Recruiter,1
5.0,0,Mechanical,0,0,2,0.67,1,2.63,0,0,25,1183,8.8,Not Placed,0
8.62,1,CS,1,6,5,4.72,3,6.61,514,26,236,1493,59.86,Mid-tier,1
6.06,2,IT,2,4,3,4.0,4,6.57,0,0,119,1691,47.92,Mass Recruiter,1
5.42,3,ECE,0,0,1,1.09,1,2.42,164,17,0,0,3.22,Not Placed,0
6.06,0,IT,2,6,1,2.19,2,4.17,622,24,0,0,38.48,Mass Recruiter,1
6.37,0,Civil,0,0,3,2.68,3,1.65,0,0,0,0,21.01,Not Placed,0
6.06,3,IT,2,6,3,3.21,1,5.1,825,35,202,1465,48.63,Mass Recruiter,1
6.38,0,Civil,1,1,1,7.28,1,2.58,140,21,0,0,23.82,Not Placed,0
8.23,0,ECE,0,0,3,3.89,2,3.19,166,35,236,1421,40.93,Mass Recruiter,1
8.57,0,ECE,1,3,3,4.85,2,5.1,495,25,375,1405,49.46,Mass Recruiter,1
5.09,4,Civil,0,0,1,0.88,1,1.91,201,5,0,0,-0.09,Not Placed,0
7.31,0,Civil,1,2,2,4.53,2,1.96,778,32,0,0,28.8,Not Placed,0
6.26,2,CS,0,0,5,2.37,4,5.56,753,14,0,0,18.74,Not Placed,0
9.0,0,Civil,0,0,2,3.28,3,3.34,0,0,142,1852,38.28,Mass Recruiter,1
6.93,2,IT,1,1,4,5.44,3,5.83,590,15,0,0,32.01,Not Placed,0
5.73,0,IT,1,4,7,3.57,3,6.65,604,28,243,1610,55.13,Mid-tier,1
6.14,0,CS,0,0,4,2.05,1,6.07,0,0,0,0,22.53,Not Placed,0
7.18,1,CS,1,3,4,3.38,2,5.44,462,30,123,1560,52.89,Mass Recruiter,1
6.91,1,IT,2,4,5,6.22,6,6.78,591,35,223,1820,62.57,Mid-tier,1
6.96,0,IT,0,0,5,3.31,1,6.28,222,28,195,1862,35.59,Mass Recruiter,1
7.53,0,CS,0,0,1,4.24,0,4.34,232,15,163,1560,37.67,Mass Recruiter,1
7.95,1,Civil,1,3,0,0.0,0,1.67,0,0,113,1304,20.4,Not Placed,0
8.96,0,CS,3,12,1,7.04,3,4.79,627,20,439,1669,74.99,FAANG,1
7.02,1,ECE,4,10,3,5.44,5,6.03,672,24,54,1412,57.11,Mid-tier,1
8.91,0,CS,1,2,4,5.42,4,5.28,1006,26,0,0,55.53,Mid-tier,1
8.35,0,EEE,1,3,2,4.67,1,4.04,426,13,0,0,35.36,Mass Recruiter,1
7.44,0,IT,1,3,4,3.76,3,5.71,810,3,173,1612,48.04,Mass Recruiter,1
8.09,0,Mechanical,0,0,2,4.97,1,1.95,174,10,0,0,28.95,Not Placed,0
8.6,0,EEE,1,1,4,5.17,2,3.46,0,0,0,0,30.6,Not Placed,0
6.21,0,Mechanical,0,0,3,1.13,1,3.21,0,0,0,0,23.36,Not Placed,0
6.69,3,CS,0,0,4,2.12,4,5.98,0,0,0,0,21.54,Not Placed,0
9.08,0,Mechanical,1,6,3,3.83,6,4.36,670,18,230,1655,46.21,Mass Recruiter,1
8.15,0,CS,1,6,3,5.06,4,6.55,614,55,255,1431,57.96,Mid-tier,1
6.12,3,Mechanical,0,0,4,1.89,3,4.51,443,13,73,1439,15.27,Not Placed,0
9.04,1,IT,1,3,3,5.81,2,4.31,578,43,424,2123,65.67,Mid-tier,1
6.72,2,CS,1,6,3,3.85,4,6.37,709,24,235,1538,50.28,Mass Recruiter,1
8.96,0,Biotech,1,4,1,4.94,4,2.61,0,0,0,0,22.33,Not Placed,0
7.43,1,ECE,2,8,3,5.98,1,4.74,713,30,0,0,55.31,Mid-tier,1
6.33,3,CS,0,0,2,3.61,6,5.64,709,24,285,1892,32.96,Not Placed,0
8.25,0,ECE,0,0,2,0.99,1,3.29,242,15,26,1446,24.86,Not Placed,0
7.98,2,IT,0,0,5,4.05,3,6.58,0,0,0,0,27.11,Not Placed,0
7.56,0,IT,1,8,0,0.0,1,3.56,139,6,277,1475,39.14,Mass Recruiter,1
5.07,3,Mechanical,0,0,3,0.48,2,3.49,659,34,21,1603,22.76,Not Placed,0
8.95,0,Mechanical,1,2,0,0.0,5,2.26,166,22,0,0,29.77,Not Placed,0
8.21,0,Mechanical,1,2,5,4.94,2,5.37,454,27,0,0,42.59,Mass Recruiter,1
7.28,0,IT,1,8,3,3.5,3,4.95,0,0,267,1890,45.23,Mass Recruiter,1
7.65,0,EEE,3,8,0,0.0,1,4.27,490,49,0,0,37.54,Mass Recruiter,1
5.73,3,ECE,0,0,2,1.54,3,2.47,0,0,63,1461,13.73,Not Placed,0
7.95,0,EEE,3,10,1,5.16,0,3.59,0,0,186,1427,45.83,Mass Recruiter,1
6.88,1,Mechanical,1,3,3,3.65,2,2.66,0,0,55,1634,33.83,Not Placed,0
7.78,0,CS,3,8,4,6.32,4,6.73,357,29,299,1416,81.87,FAANG,1
6.61,2,IT,0,0,2,2.45,2,4.81,0,0,138,1856,17.69,Not Placed,0
7.28,1,Biotech,0,0,1,1.72,1,2.6,30,16,0,0,20.97,Not Placed,0
7.85,1,ECE,1,4,4,4.12,2,6.04,0,0,0,0,27.36,Not Placed,0
6.32,1,IT,0,0,3,2.48,5,4.89,434,26,253,1605,32.58,Not Placed,0
7.68,1,IT,3,10,3,6.33,3,5.31,619,32,296,1234,69.75,Mid-tier,1
6.24,3,IT,0,0,2,1.92,3,4.31,154,8,141,1490,18.81,Not Placed,0
6.75,4,CS,0,0,3,1.3,7,6.82,581,36,141,1528,33.18,Not Placed,0
5.0,1,Mechanical,0,0,2,1.6,2,3.65,0,0,31,1197,17.11,Not Placed,0
7.08,0,Chemical,3,14,1,4.06,1,2.97,0,0,0,0,42.95,Mass Recruiter,1
8.81,0,EEE,1,1,1,5.41,2,4.91,234,15,124,1413,38.11,Mass Recruiter,1
7.52,0,CS,1,6,5,5.4,4,6.7,489,36,588,1334,62.36,Mid-tier,1
5.77,2,CS,1,4,5,3.6,6,6.08,572,20,129,1919,41.98,Mass Recruiter,1
8.31,0,Mechanical,0,0,1,5.13,5,1.93,0,0,0,0,16.18,Not Placed,0
6.65,2,Mechanical,2,4,2,4.09,3,3.19,419,22,0,0,31.92,Not Placed,0
6.92,2,IT,0,0,3,2.72,7,4.87,0,0,197,1429,27.17,Not Placed,0
6.21,2,Mechanical,1,2,3,0.96,0,2.84,243,17,37,1165,24.25,Not Placed,0
6.15,1,ECE,2,8,1,3.31,5,5.97,0,0,0,0,34.03,Not Placed,0
7.25,0,ECE,1,2,1,3.77,3,3.25,685,40,0,0,28.98,Not Placed,0
6.49,0,CS,2,4,7,4.78,4,6.52,556,45,185,1575,66.97,Mid-tier,1
8.32,0,IT,0,0,3,5.75,3,4.44,436,33,256,1479,46.35,Mass Recruiter,1
7.44,0,CS,1,3,3,3.87,1,4.31,558,13,97,1281,43.02,Mass Recruiter,1
6.17,3,Mechanical,0,0,2,0.3,0,3.37,0,0,0,0,-3.14,Not Placed,0
7.35,0,CS,2,8,3,3.88,1,5.53,319,48,248,1524,65.97,Mid-tier,1
7.51,2,CS,0,0,3,2.43,2,5.27,737,8,585,1876,38.74,Mass Recruiter,1
7.0,0,ECE,1,6,2,2.26,3,5.28,0,0,68,1431,31.12,Not Placed,0
7.73,0,CS,4,8,5,6.29,1,6.43,536,20,194,1667,75.04,FAANG,1
6.73,4,CS,3,12,6,4.3,6,8.22,600,24,203,1327,59.57,Mid-tier,1
6.26,0,IT,0,0,3,2.59,2,3.59,0,0,291,1375,24.28,Not Placed,0
6.81,2,IT,1,2,5,2.47,3,6.6,491,40,317,1514,58.99,Mid-tier,1
8.41,0,CS,3,8,2,6.42,3,6.06,381,28,555,1923,90.4,FAANG,1
9.17,0,CS,4,12,3,6.9,4,6.88,338,21,506,2042,84.7,FAANG,1
7.43,0,ECE,1,3,2,2.36,1,4.61,845,37,0,0,38.57,Mass Recruiter,1
5.0,1,ECE,0,0,1,0.3,4,4.08,0,0,162,1132,2.63,Not Placed,0
6.37,0,ECE,1,6,1,0.82,4,4.09,0,0,174,1368,31.15,Not Placed,0
7.39,2,Biotech,0,0,2,3.53,2,2.71,0,0,0,0,21.51,Not Placed,0
6.59,0,ECE,0,0,3,3.0,1,3.59,759,29,20,1560,23.49,Not Placed,0
7.15,0,EEE,2,6,1,4.71,1,3.41,520,22,100,1217,42.43,Mass Recruiter,1
7.16,0,ECE,1,2,6,3.68,1,5.24,0,0,163,1288,56.53,Mid-tier,1
6.14,1,Civil,1,8,2,1.7,1,2.84,0,0,0,0,17.87,Not Placed,0
7.72,3,IT,0,0,3,3.48,1,5.41,467,22,223,1406,26.69,Not Placed,0
9.45,0,ECE,0,0,4,5.85,2,3.67,324,30,247,1718,49.71,Mass Recruiter,1
6.49,3,ECE,0,0,5,3.16,0,3.88,0,0,131,1753,25.92,Not Placed,0
6.29,2,EEE,1,4,1,1.31,0,3.83,610,24,0,0,17.12,Not Placed,0
5.19,5,EEE,1,3,1,1.18,1,1.71,506,16,123,1121,12.59,Not Placed,0
5.88,0,ECE,0,0,2,0.83,2,3.38,295,15,0,0,12.33,Not Placed,0
8.62,0,Mechanical,1,6,2,5.58,1,2.15,535,42,0,0,37.0,Mass Recruiter,1
5.63,6,Mechanical,0,0,1,0.92,2,3.15,0,0,0,0,-1.05,Not Placed,0
6.78,1,CS,1,8,0,0.0,1,5.07,211,10,157,1732,27.25,Not Placed,0
6.41,3,CS,1,2,3,2.53,4,6.09,576,27,229,1935,32.57,Not Placed,0
5.78,2,ECE,0,0,3,2.33,0,4.35,0,0,42,1469,10.05,Not Placed,0
6.52,0,ECE,0,0,5,3.22,4,5.62,588,15,274,1681,49.05,Mass Recruiter,1
6.28,0,Mechanical,1,4,1,3.6,1,2.69,442,20,33,1057,31.58,Not Placed,0
7.45,1,CS,0,0,3,3.96,5,6.62,693,34,71,1868,41.23,Mass Recruiter,1
8.5,0,IT,0,0,4,3.55,2,3.52,334,21,348,2062,54.97,Mass Recruiter,1
7.82,0,Civil,1,8,0,0.0,3,2.08,264,11,0,0,31.33,Not Placed,0
6.34,2,ECE,0,0,3,2.0,3,3.95,450,23,323,1627,37.07,Mass Recruiter,1
6.54,0,ECE,0,0,1,0.3,2,3.53,0,0,35,1292,16.11,Not Placed,0
6.49,1,IT,2,8,3,3.51,3,4.77,0,0,0,0,39.94,Mass Recruiter,1
8.77,0,CS,3,8,5,7.06,7,7.9,531,22,329,1500,87.85,FAANG,1
5.38,4,IT,2,4,5,2.62,4,5.5,245,22,133,1619,42.98,Mass Recruiter,1
6.33,1,ECE,1,8,2,2.39,2,3.75,302,46,0,0,32.98,Not Placed,0
6.27,0,ECE,0,0,2,0.3,1,3.93,103,10,12,1231,25.19,Not Placed,0
6.83,0,CS,1,4,4,3.68,5,7.06,417,33,198,1569,52.16,Mass Recruiter,1
6.26,1,ECE,1,3,2,4.78,1,3.0,554,30,160,1373,31.51,Not Placed,0
7.2,1,Biotech,0,0,0,0.0,2,2.08,53,2,68,1309,28.13,Not Placed,0
6.86,1,Civil,0,0,0,0.0,2,1.66,0,0,0,0,9.46,Not Placed,0
6.8,0,ECE,0,0,2,2.1,4,5.22,178,7,34,1462,21.46,Not Placed,0
6.54,0,ECE,0,0,2,0.82,5,4.38,1054,29,0,0,16.85,Not Placed,0
8.66,1,Mechanical,0,0,1,4.88,4,2.35,0,0,135,1275,26.29,Not Placed,0
7.29,0,IT,0,0,4,5.22,3,5.26,668,26,0,0,37.67,Mass Recruiter,1
6.2,1,IT,1,1,2,1.36,3,4.29,633,43,0,0,29.88,Not Placed,0
7.68,0,Chemical,0,0,0,0.0,1,1.0,0,0,102,1394,23.72,Not Placed,0
7.04,0,IT,2,4,5,3.75,2,6.41,465,16,160,1594,66.28,Mid-tier,1
6.16,0,Mechanical,0,0,4,1.93,2,4.33,0,0,167,1591,37.34,Mass Recruiter,1
8.06,0,IT,1,2,4,4.95,3,5.42,0,0,140,1263,43.37,Mass Recruiter,1
7.45,0,EEE,0,0,2,3.07,1,3.25,109,9,192,1699,33.52,Not Placed,0
7.73,1,IT,4,6,2,5.39,2,5.46,395,12,165,1887,68.04,Mid-tier,1
7.35,0,ECE,1,4,1,5.75,3,4.69,124,2,176,1821,42.56,Mass Recruiter,1
8.01,1,Biotech,0,0,1,3.76,2,1.69,0,0,173,1266,26.01,Not Placed,0
6.49,0,EEE,0,0,4,3.6,1,3.48,0,0,0,0,21.98,Not Placed,0
7.49,3,CS,1,3,6,4.63,2,6.77,479,13,180,1798,48.31,Mass Recruiter,1
6.84,1,IT,1,6,2,3.31,2,5.39,687,25,246,1892,43.91,Mass Recruiter,1
7.7,0,ECE,0,0,3,4.13,0,4.53,380,31,210,1389,35.24,Mass Recruiter,1
5.51,1,Mechanical,0,0,1,1.19,1,2.58,0,0,0,0,7.77,Not Placed,0
7.96,1,CS,0,0,5,2.44,2,5.0,385,10,267,1643,40.06,Mass Recruiter,1
8.84,0,IT,0,0,4,3.6,2,4.84,661,30,0,0,43.94,Mass Recruiter,1
6.89,1,Biotech,0,0,2,1.9,0,1.02,156,17,0,0,20.49,Not Placed,0
7.65,0,Biotech,1,3,1,2.56,1,2.13,127,15,29,1340,28.35,Not Placed,0
7.54,0,EEE,1,3,1,1.97,3,5.09,0,0,82,1323,25.94,Not Placed,0
7.11,1,ECE,0,0,0,0.0,2,3.43,73,4,0,0,6.6,Not Placed,0
6.1,3,ECE,1,4,2,1.24,2,3.96,564,28,115,1035,21.64,Not Placed,0
8.04,0,ECE,0,0,1,3.25,5,5.19,0,0,0,0,11.04,Not Placed,0
7.94,1,CS,1,3,4,5.53,4,7.25,215,43,170,1641,48.96,Mass Recruiter,1
6.14,1,CS,0,0,3,1.48,1,4.37,342,35,264,1517,32.61,Not Placed,0
7.5,0,Civil,0,0,3,2.93,1,2.3,0,0,24,1302,29.35,Not Placed,0
7.21,1,EEE,0,0,1,3.06,2,1.73,180,7,0,0,20.37,Not Placed,0
6.1,1,ECE,0,0,1,0.41,6,5.32,105,5,163,1547,29.49,Not Placed,0
7.98,0,ECE,0,0,3,4.19,4,4.87,0,0,0,0,24.07,Not Placed,0
9.28,0,CS,0,0,3,5.3,3,5.05,735,21,362,1467,63.88,Mid-tier,1
6.7,4,CS,0,0,4,1.52,5,5.11,431,23,169,1855,34.48,Not Placed,0
6.6,1,Mechanical,0,0,5,4.53,2,4.59,0,0,0,0,17.05,Not Placed,0
5.46,3,Mechanical,0,0,2,0.3,5,3.32,0,0,0,0,3.4,Not Placed,0
8.14,0,Mechanical,0,0,1,3.62,4,1.64,15,20,0,0,17.92,Not Placed,0
6.35,2,ECE,0,0,2,1.96,4,3.28,88,12,0,0,18.51,Not Placed,0
6.69,0,ECE,1,8,3,2.1,2,4.07,647,20,49,1241,45.27,Mass Recruiter,1
6.27,0,Civil,3,10,5,3.96,1,4.19,851,31,0,0,49.58,Mass Recruiter,1
8.66,0,Chemical,1,4,1,3.81,0,3.39,190,15,0,1154,38.46,Mass Recruiter,1
6.35,0,ECE,1,6,2,3.45,5,4.71,0,0,191,1633,53.48,Mass Recruiter,1
8.23,0,IT,2,3,3,4.68,6,6.18,645,25,157,1528,63.76,Mid-tier,1
6.41,0,CS,0,0,5,2.37,5,6.46,709,30,173,1520,36.85,Mass Recruiter,1
8.63,0,ECE,1,4,2,5.31,3,4.12,527,26,0,0,40.56,Mass Recruiter,1
8.16,0,Mechanical,0,0,3,5.05,2,3.47,0,0,0,0,21.9,Not Placed,0
6.28,0,Mechanical,2,3,4,4.65,3,3.65,0,0,0,0,41.33,Mass Recruiter,1
7.38,1,IT,1,2,5,4.14,5,6.12,426,37,209,1407,55.78,Mid-tier,1
7.14,0,Biotech,0,0,1,3.49,0,1.0,0,0,0,0,13.48,Not Placed,0
8.18,0,ECE,2,4,2,4.78,6,5.96,0,0,0,0,41.91,Mass Recruiter,1
6.34,3,IT,1,4,4,4.96,2,6.96,407,37,0,0,28.89,Not Placed,0
6.16,2,ECE,1,6,2,3.22,2,2.47,426,23,117,1434,45.19,Mass Recruiter,1
6.72,1,Chemical,1,4,3,3.51,1,2.69,473,8,0,1496,26.24,Not Placed,0
7.82,0,Mechanical,1,3,1,1.66,3,2.35,0,0,0,0,15.44,Not Placed,0
8.09,0,IT,2,6,3,4.73,1,5.2,713,29,93,1404,57.65,Mid-tier,1
5.79,2,Civil,0,0,2,0.3,1,1.56,0,0,0,0,13.57,Not Placed,0
7.12,2,CS,0,0,2,2.37,4,5.63,0,0,248,1345,26.08,Not Placed,0
7.92,1,Chemical,1,8,1,3.82,0,1.0,0,0,0,0,29.12,Not Placed,0
6.59,1,IT,1,3,5,4.63,1,6.45,611,35,0,0,40.68,Mass Recruiter,1
5.17,6,Chemical,0,0,1,0.3,3,2.97,0,0,0,0,0.77,Not Placed,0
7.55,0,Chemical,0,0,2,2.64,1,1.18,0,0,26,1394,27.17,Not Placed,0
9.51,0,Mechanical,0,0,1,3.24,3,1.88,0,0,0,0,17.89,Not Placed,0
8.67,0,CS,2,3,1,4.04,2,4.91,447,19,655,2457,57.23,Mid-tier,1
7.03,1,ECE,0,0,2,2.36,0,4.29,106,13,0,0,21.79,Not Placed,0
8.65,0,Mechanical,2,8,1,6.77,2,2.76,0,0,22,1453,43.06,Mass Recruiter,1
5.22,3,ECE,0,0,2,0.3,3,3.2,0,0,46,1426,6.55,Not Placed,0
8.52,0,CS,2,6,4,6.74,3,7.07,684,42,559,2116,75.12,FAANG,1
7.5,0,IT,0,0,5,5.75,1,5.22,412,20,164,1706,45.66,Mass Recruiter,1
5.33,2,Civil,0,0,0,0.0,1,1.47,0,0,0,0,1.74,Not Placed,0
6.08,0,Chemical,2,6,3,2.47,1,3.26,0,0,16,1100,32.44,Not Placed,0
8.62,0,CS,2,3,3,4.71,6,6.84,532,23,297,1534,61.51,Mid-tier,1
6.53,2,ECE,0,0,3,1.95,4,4.27,0,0,125,1394,24.14,Not Placed,0
5.68,0,IT,0,0,2,2.57,3,5.29,239,17,133,1400,34.91,Not Placed,0
7.58,0,Mechanical,0,0,2,2.9,2,1.91,196,12,175,1252,33.61,Not Placed,0
6.06,3,CS,1,4,4,3.08,2,4.4,575,26,289,1661,38.72,Mass Recruiter,1
7.93,3,CS,0,0,3,2.82,2,4.8,531,24,341,1794,38.94,Mass Recruiter,1
7.89,3,ECE,1,2,2,4.62,2,3.75,0,0,0,0,26.04,Not Placed,0
7.25,0,ECE,4,14,1,4.3,0,2.71,0,0,0,0,44.22,Mass Recruiter,1
8.47,1,Mechanical,1,4,2,5.56,2,2.76,431,36,0,0,36.41,Mass Recruiter,1
9.04,0,Biotech,1,2,2,4.83,3,3.15,0,0,0,0,28.6,Not Placed,0
5.58,1,Biotech,0,0,1,1.7,1,2.0,0,0,0,0,-2.89,Not Placed,0
7.23,3,Civil,0,0,1,3.09,2,1.92,0,0,126,1605,25.48,Not Placed,0
7.56,1,IT,2,3,3,3.33,4,7.05,515,40,404,1894,65.92,Mid-tier,1
7.57,1,EEE,1,8,5,4.69,4,4.5,550,25,25,1607,56.51,Mid-tier,1
7.48,0,IT,1,4,1,5.08,3,5.13,95,10,165,1323,37.64,Mass Recruiter,1
7.75,0,Mechanical,0,0,3,3.02,3,3.23,0,0,112,1475,28.26,Not Placed,0
6.42,2,CS,2,4,5,2.75,2,5.37,498,36,88,1588,53.99,Mass Recruiter,1
8.39,1,IT,0,0,4,3.59,7,6.72,333,24,417,1586,44.75,Mass Recruiter,1
6.54,0,IT,2,4,3,4.37,1,5.64,525,24,250,1352,57.24,Mid-tier,1
6.73,2,EEE,4,6,1,2.86,2,3.72,678,26,0,0,46.36,Mass Recruiter,1
6.38,1,Mechanical,0,0,2,1.89,2,2.96,208,13,0,0,14.1,Not Placed,0
8.52,0,Civil,0,0,1,4.23,1,1.53,79,4,0,0,22.92,Not Placed,0
6.45,2,Civil,1,6,0,0.0,2,3.72,0,0,22,1151,23.62,Not Placed,0
7.9,0,EEE,0,0,2,4.87,1,3.51,217,9,121,1354,37.67,Mass Recruiter,1
9.18,0,CS,2,3,1,6.62,3,5.29,0,0,0,0,45.0,Mass Recruiter,1
8.02,0,ECE,0,0,3,6.23,3,3.83,531,17,137,1566,52.03,Mass Recruiter,1
8.9,0,EEE,3,8,2,4.56,2,5.19,329,17,227,1524,64.2,Mid-tier,1
6.01,2,CS,0,0,3,0.37,3,5.55,397,41,374,1550,34.33,Not Placed,0
6.01,4,CS,2,3,5,4.2,1,6.21,648,29,78,1479,48.74,Mass Recruiter,1
8.79,0,IT,2,8,4,7.46,2,5.91,772,15,0,0,58.21,Mid-tier,1
8.02,0,CS,0,0,6,5.8,1,4.95,544,23,180,1857,49.42,Mass Recruiter,1
8.89,0,IT,1,6,1,5.12,2,3.07,12,31,372,1776,54.04,Mass Recruiter,1
7.25,0,CS,2,8,2,4.14,5,4.82,608,24,227,1423,54.23,Mass Recruiter,1
7.0,0,CS,0,0,3,3.14,3,5.38,679,30,220,1520,46.5,Mass Recruiter,1
6.83,0,ECE,0,0,3,3.54,3,4.24,571,25,0,0,38.0,Mass Recruiter,1
7.85,1,Biotech,0,0,2,3.8,1,1.0,0,0,65,1407,26.42,Not Placed,0
5.27,0,IT,0,0,4,0.3,4,5.62,808,24,16,1320,35.74,Mass Recruiter,1
6.3,1,Chemical,0,0,3,2.78,3,2.45,0,0,0,0,11.34,Not Placed,0
9.06,0,IT,0,0,3,5.67,4,4.92,223,26,0,0,36.66,Mass Recruiter,1
8.91,1,Biotech,0,0,3,5.78,3,3.69,0,0,0,0,17.45,Not Placed,0
9.24,0,Mechanical,2,4,1,3.71,2,3.67,315,19,101,1599,54.05,Mass Recruiter,1
8.72,0,IT,0,0,7,5.09,5,6.97,555,22,284,1276,49.56,Mass Recruiter,1
7.2,0,CS,1,3,4,3.1,3,6.04,414,28,0,0,35.82,Mass Recruiter,1
6.38,0,IT,0,0,4,2.13,1,5.69,595,31,135,1636,43.62,Mass Recruiter,1
6.93,3,Chemical,0,0,3,2.44,3,2.14,0,0,0,0,9.23,Not Placed,0
7.01,1,Biotech,1,2,3,3.85,0,2.3,633,30,0,0,29.55,Not Placed,0
6.92,1,IT,2,4,3,2.79,2,5.76,461,35,210,1706,55.27,Mid-tier,1
6.16,1,EEE,2,8,3,4.64,2,3.86,703,39,79,1275,45.88,Mass Recruiter,1
5.78,5,ECE,0,0,3,3.21,1,2.58,595,35,159,1238,9.81,Not Placed,0
6.52,1,Civil,0,0,2,2.37,1,1.77,0,0,0,0,9.16,Not Placed,0
5.69,2,CS,0,0,3,1.38,1,4.81,705,43,58,1419,28.08,Not Placed,0
7.04,0,ECE,2,3,2,3.61,3,6.1,350,26,172,1297,48.94,Mass Recruiter,1
7.43,0,Mechanical,0,0,4,5.15,0,3.43,0,0,0,0,26.55,Not Placed,0
9.23,0,IT,1,3,6,6.0,3,4.87,0,0,710,1879,67.01,Mid-tier,1
5.99,2,CS,1,4,5,4.32,5,6.21,816,29,163,1829,52.71,Mass Recruiter,1
6.46,0,IT,3,10,4,4.99,5,6.87,529,47,338,1929,70.28,Mid-tier,1
7.6,1,CS,2,8,3,2.65,4,5.27,813,17,210,1559,64.99,Mid-tier,1
8.75,0,CS,0,0,2,5.81,4,6.13,117,11,156,1855,43.15,Mass Recruiter,1
8.5,0,ECE,0,0,2,2.84,5,4.05,563,38,154,1530,35.62,Mass Recruiter,1
7.81,0,Mechanical,1,4,1,3.05,1,2.64,155,17,0,0,23.95,Not Placed,0
6.16,0,ECE,0,0,5,4.85,0,4.05,0,0,16,1412,26.61,Not Placed,0
5.66,2,CS,1,3,4,1.8,3,6.2,391,32,166,1908,31.14,Not Placed,0
6.51,1,Mechanical,0,0,2,1.48,2,2.54,191,12,0,0,2.84,Not Placed,0
7.42,0,IT,1,1,2,4.62,4,4.12,0,0,185,1358,44.61,Mass Recruiter,1
7.56,0,Mechanical,2,4,0,0.0,4,3.21,326,19,44,1356,36.13,Mass Recruiter,1
5.8,1,CS,4,8,4,4.13,4,6.25,451,46,141,1503,58.13,Mid-tier,1
7.62,0,ECE,1,6,3,5.92,3,5.02,721,32,146,1430,53.64,Mass Recruiter,1
6.26,2,IT,0,0,5,1.95,2,5.57,698,0,87,1403,32.34,Not Placed,0
8.39,0,Biotech,0,0,3,3.07,0,2.2,376,25,0,0,33.18,Not Placed,0
8.23,0,ECE,0,0,6,4.61,1,4.34,807,17,216,1555,50.39,Mass Recruiter,1
7.35,0,CS,1,6,3,6.04,3,6.05,375,36,488,1578,72.35,Mid-tier,1
9.42,0,ECE,3,12,5,7.7,5,5.81,779,30,0,0,71.65,Mid-tier,1
8.13,0,Chemical,0,0,0,0.0,0,1.04,0,0,0,0,4.78,Not Placed,0
7.61,1,CS,1,3,3,4.05,3,5.41,263,29,361,1575,38.18,Mass Recruiter,1
8.51,0,ECE,1,3,6,3.89,1,5.73,461,23,263,1403,53.12,Mass Recruiter,1
7.51,1,Civil,2,6,3,2.71,3,3.55,564,18,0,0,35.13,Mass Recruiter,1
6.79,0,EEE,2,6,2,2.14,3,5.52,678,49,0,0,47.46,Mass Recruiter,1
6.5,3,CS,1,3,7,3.68,2,6.32,680,24,0,0,35.82,Mass Recruiter,1
6.74,2,Chemical,0,0,4,3.18,2,4.66,351,32,47,1430,35.51,Mass Recruiter,1
6.46,0,Civil,0,0,1,1.45,0,1.32,0,0,28,1339,9.9,Not Placed,0
6.04,0,Mechanical,0,0,0,0.0,1,2.36,0,0,0,0,-1.7,Not Placed,0
6.92,1,Mechanical,0,0,2,2.88,2,3.13,0,0,0,0,14.83,Not Placed,0
6.17,1,CS,1,8,4,2.73,2,5.92,467,36,0,0,32.22,Not Placed,0
6.66,1,ECE,2,6,4,4.82,1,5.5,380,39,247,1102,59.68,Mid-tier,1
6.24,2,ECE,1,4,0,0.0,1,3.95,298,14,0,0,20.07,Not Placed,0
5.91,2,IT,1,4,5,2.53,1,4.51,357,17,0,0,28.44,Not Placed,0
8.58,0,EEE,3,8,1,4.79,3,5.4,272,38,0,0,60.9,Mid-tier,1
5.69,3,IT,1,4,6,2.99,3,6.17,212,14,46,1633,26.25,Not Placed,0
7.61,0,IT,2,4,2,4.68,4,6.03,736,43,180,1754,60.18,Mid-tier,1
7.1,3,CS,1,6,3,2.17,2,4.85,572,19,0,0,30.77,Not Placed,0
5.73,4,EEE,0,0,2,1.07,1,1.68,311,2,0,1384,15.33,Not Placed,0
6.12,2,IT,2,4,4,2.49,4,6.32,695,48,0,0,37.59,Mass Recruiter,1
6.21,1,IT,0,0,2,0.47,0,4.88,367,6,0,0,16.48,Not Placed,0
5.99,2,Chemical,0,0,1,0.48,2,2.28,0,0,0,0,6.3,Not Placed,0
5.89,3,Chemical,0,0,1,2.15,0,2.16,70,5,30,1148,11.88,Not Placed,0
8.08,0,CS,4,10,4,7.07,4,6.88,605,26,486,1957,89.77,FAANG,1
6.48,0,ECE,1,3,3,2.18,0,4.12,0,0,27,1450,31.89,Not Placed,0
5.62,0,CS,3,12,3,3.42,0,6.19,468,33,43,1626,64.24,Mid-tier,1
6.33,0,Civil,0,0,6,1.83,3,4.85,0,0,0,0,21.97,Not Placed,0
7.51,0,ECE,0,0,3,2.48,2,3.91,442,44,71,1326,33.13,Not Placed,0
8.26,2,Mechanical,2,6,2,5.61,2,3.97,0,0,0,0,36.61,Mass Recruiter,1
7.0,0,ECE,0,0,3,3.58,3,4.39,296,36,68,1421,35.35,Mass Recruiter,1
5.93,1,ECE,3,12,0,0.0,0,2.9,238,24,133,1304,42.79,Mass Recruiter,1
9.16,0,Mechanical,4,10,4,8.15,2,3.69,0,0,259,1620,70.74,Mid-tier,1
6.41,2,CS,3,10,3,4.05,6,6.78,937,49,173,1762,55.73,Mid-tier,1
7.27,0,CS,1,4,4,3.84,5,6.17,0,0,124,1775,41.81,Mass Recruiter,1
7.86,2,ECE,1,4,4,4.82,1,4.71,474,22,315,1530,42.45,Mass Recruiter,1
5.65,3,ECE,1,3,2,1.44,8,6.8,988,21,142,1442,27.18,Not Placed,0
6.26,1,ECE,1,4,3,1.97,2,3.81,810,17,151,1698,49.26,Mass Recruiter,1
6.27,0,CS,1,3,3,3.54,1,5.12,883,43,0,0,33.7,Not Placed,0
7.24,0,IT,0,0,3,1.6,5,4.45,0,0,0,0,32.81,Not Placed,0
5.8,2,ECE,0,0,1,0.79,3,2.6,38,4,0,0,14.79,Not Placed,0
5.43,2,CS,1,3,3,1.56,4,6.1,478,26,310,1661,43.98,Mass Recruiter,1
8.3,0,Civil,1,3,0,0.0,1,2.32,219,14,74,1519,36.98,Mass Recruiter,1
5.82,2,Civil,3,12,2,3.24,3,4.42,0,0,94,1327,38.43,Mass Recruiter,1
6.43,1,IT,0,0,4,1.36,0,4.93,0,0,0,0,23.12,Not Placed,0
5.91,2,IT,0,0,2,1.89,1,4.12,157,18,209,1728,30.19,Not Placed,0
6.23,2,Chemical,2,6,1,2.48,1,1.72,730,40,0,0,29.73,Not Placed,0
7.37,0,CS,2,4,3,3.04,3,6.03,331,33,225,1567,46.68,Mass Recruiter,1
6.12,1,ECE,1,4,4,3.43,1,5.43,0,0,47,1347,31.99,Not Placed,0
5.99,4,ECE,2,4,1,3.19,0,3.81,505,22,132,1337,34.52,Not Placed,0
6.27,1,Mechanical,0,0,2,2.24,0,1.23,174,12,0,0,12.15,Not Placed,0
7.71,3,ECE,1,3,1,2.21,4,5.63,0,0,0,0,20.28,Not Placed,0
7.59,3,CS,2,4,3,3.54,3,6.72,0,0,454,1835,60.92,Mid-tier,1
7.14,0,IT,2,3,4,6.01,6,5.46,487,29,127,1360,51.96,Mass Recruiter,1
7.26,0,Biotech,2,4,1,3.73,1,4.44,0,0,0,0,27.92,Not Placed,0
5.52,4,CS,1,3,5,3.22,4,5.99,562,14,193,1795,38.11,Mass Recruiter,1
6.69,0,CS,3,10,2,3.37,1,5.66,677,28,0,0,39.55,Mass Recruiter,1
6.99,1,IT,1,4,4,3.95,3,6.91,674,34,92,1598,42.19,Mass Recruiter,1
7.35,1,CS,0,0,4,3.82,5,7.24,447,27,309,1625,43.55,Mass Recruiter,1
5.8,3,ECE,0,0,1,0.44,3,2.83,0,0,0,0,12.51,Not Placed,0
7.94,0,IT,0,0,4,4.61,4,6.55,559,42,0,0,32.01,Not Placed,0
7.32,0,IT,0,0,3,2.85,1,5.7,619,22,306,1439,52.3,Mass Recruiter,1
6.4,1,CS,0,0,4,2.06,1,4.53,669,27,217,1729,38.56,Mass Recruiter,1
8.39,0,CS,2,4,1,4.04,1,3.25,634,26,0,0,40.17,Mass Recruiter,1
6.04,0,CS,0,0,4,3.08,4,5.78,601,21,0,0,31.07,Not Placed,0
7.51,0,CS,1,6,6,4.3,3,5.61,590,38,162,1889,58.21,Mid-tier,1
6.68,2,ECE,0,0,2,4.26,1,4.18,0,0,11,1344,6.95,Not Placed,0
7.79,0,CS,0,0,6,4.19,1,6.82,786,22,249,1395,55.69,Mid-tier,1
5.99,4,IT,2,3,4,5.42,1,5.89,605,10,0,0,37.43,Mass Recruiter,1
9.25,0,CS,2,6,0,0.0,4,5.01,973,14,528,1764,63.92,Mid-tier,1
6.69,0,Mechanical,0,0,2,2.01,1,2.97,0,0,97,1341,17.19,Not Placed,0
7.01,0,ECE,0,0,3,3.73,1,2.72,484,14,110,1249,30.13,Not Placed,0
6.67,0,Mechanical,2,6,0,0.0,3,1.34,0,0,123,1271,31.46,Not Placed,0
7.37,0,ECE,1,4,4,3.54,4,4.99,706,15,0,0,47.56,Mass Recruiter,1
6.92,0,IT,0,0,4,4.13,1,4.51,581,32,355,1373,39.84,Mass Recruiter,1
7.39,2,IT,1,3,6,4.29,1,4.08,793,34,139,1733,67.66,Mid-tier,1
6.78,4,IT,0,0,3,1.25,4,5.04,979,34,211,1557,32.64,Not Placed,0
7.91,1,EEE,1,6,3,4.26,5,4.29,0,0,83,1370,41.01,Mass Recruiter,1
6.21,1,IT,0,0,7,3.71,0,4.34,510,13,66,1377,20.62,Not Placed,0
7.03,0,IT,0,0,3,3.08,5,5.83,440,34,196,1195,49.05,Mass Recruiter,1
5.61,2,Civil,0,0,0,0.0,2,1.84,0,0,0,0,2.72,Not Placed,0
5.7,1,IT,1,3,3,1.26,4,5.77,0,0,83,1608,40.05,Mass Recruiter,1
7.88,0,ECE,0,0,3,3.79,3,4.18,554,45,164,1613,41.87,Mass Recruiter,1
5.72,1,IT,2,4,2,3.71,3,7.25,657,27,0,0,33.22,Not Placed,0
7.23,0,EEE,1,3,3,3.65,4,3.74,0,0,213,1672,45.32,Mass Recruiter,1
7.28,0,IT,0,0,4,3.21,0,4.72,708,10,216,1631,46.96,Mass Recruiter,1
7.65,1,ECE,2,6,1,4.52,3,5.85,0,0,355,1777,56.98,Mid-tier,1
7.63,0,IT,0,0,4,4.06,1,4.65,402,39,239,1314,52.88,Mass Recruiter,1
7.02,0,CS,2,3,3,3.23,3,5.46,391,28,151,1268,66.35,Mid-tier,1
6.98,0,Civil,1,4,1,1.11,0,2.77,59,16,0,0,23.56,Not Placed,0
5.68,1,ECE,0,0,4,4.11,5,5.45,488,24,46,1208,28.66,Not Placed,0
7.37,0,Mechanical,3,12,3,5.11,1,4.27,0,0,299,1929,64.53,Mid-tier,1
7.46,2,ECE,3,8,3,5.17,2,5.79,462,23,0,0,41.42,Mass Recruiter,1
8.74,0,ECE,2,4,4,7.03,2,5.91,309,36,0,0,55.1,Mid-tier,1
6.7,0,CS,0,0,4,2.91,3,4.96,491,36,335,1618,46.21,Mass Recruiter,1
6.97,2,IT,1,8,0,0.0,3,4.67,113,8,133,1402,39.16,Mass Recruiter,1
7.33,1,Mechanical,0,0,4,5.6,4,4.58,0,0,50,1471,33.21,Not Placed,0
8.28,0,CS,1,4,5,6.35,2,6.5,803,26,327,1620,64.07,Mid-tier,1
6.71,1,Chemical,0,0,1,2.13,0,3.21,212,13,0,0,24.43,Not Placed,0
7.58,1,Mechanical,2,6,1,3.01,2,3.4,0,0,0,0,27.81,Not Placed,0
8.58,0,CS,0,0,3,5.54,4,5.79,703,20,525,1876,67.2,Mid-tier,1
5.0,3,Chemical,0,0,3,1.68,1,3.51,441,28,0,0,8.08,Not Placed,0
7.15,1,CS,1,3,2,2.58,3,5.52,0,0,249,1501,42.08,Mass Recruiter,1
8.13,0,IT,1,1,1,2.36,1,4.59,351,11,251,1827,48.54,Mass Recruiter,1
7.08,0,IT,1,3,4,3.69,2,6.05,370,17,231,1672,61.01,Mid-tier,1
6.37,3,ECE,0,0,3,2.42,5,6.19,285,22,0,1650,27.37,Not Placed,0
7.86,0,Mechanical,1,3,0,0.0,3,3.11,47,8,0,0,35.91,Mass Recruiter,1
6.77,2,CS,2,10,5,7.11,5,6.67,703,33,0,0,57.82,Mid-tier,1
6.36,0,ECE,1,2,2,2.14,0,2.67,384,24,0,0,35.86,Mass Recruiter,1
6.88,0,EEE,0,0,1,2.64,0,2.86,64,5,50,1318,16.65,Not Placed,0
5.99,2,ECE,0,0,3,0.7,2,4.42,1008,22,0,0,18.55,Not Placed,0
6.42,2,CS,0,0,3,1.68,4,4.72,645,42,0,0,14.43,Not Placed,0
7.34,1,CS,1,2,4,2.64,7,8.33,419,24,232,1708,44.44,Mass Recruiter,1
7.66,1,ECE,0,0,3,3.21,6,4.42,535,26,192,1693,34.69,Not Placed,0
7.2,0,CS,0,0,1,3.23,2,3.98,81,3,171,1611,23.59,Not Placed,0
5.86,1,IT,0,0,2,1.65,3,4.81,0,0,317,1518,25.79,Not Placed,0
6.76,2,IT,2,4,4,2.91,2,5.96,252,22,90,1346,47.62,Mass Recruiter,1
6.79,0,Mechanical,0,0,2,1.71,0,1.16,0,0,0,0,6.12,Not Placed,0
5.95,0,CS,1,8,5,2.17,4,6.32,526,19,183,1727,43.24,Mass Recruiter,1
7.69,0,EEE,1,3,1,0.87,4,4.09,95,40,146,1236,23.01,Not Placed,0
6.22,0,Mechanical,2,6,2,4.84,3,5.2,0,0,221,1383,40.76,Mass Recruiter,1
6.11,0,EEE,2,3,1,2.18,4,4.6,620,17,0,0,32.44,Not Placed,0
7.59,0,IT,1,6,5,5.04,4,5.44,431,45,198,1581,65.52,Mid-tier,1
7.05,1,Civil,0,0,0,0.0,1,1.21,0,0,0,0,10.14,Not Placed,0
7.95,0,Mechanical,0,0,4,3.84,1,3.21,0,0,102,1491,33.15,Not Placed,0
7.43,1,Mechanical,3,8,1,2.02,0,2.95,285,27,0,0,35.98,Mass Recruiter,1
7.32,0,EEE,0,0,2,2.36,2,3.27,167,2,36,1358,27.57,Not Placed,0
8.68,0,CS,1,4,3,5.1,4,6.46,851,26,174,1596,56.37,Mid-tier,1
7.13,2,EEE,0,0,2,1.73,2,2.65,0,0,113,1380,19.06,Not Placed,0
6.25,1,CS,1,3,3,3.61,2,3.89,521,22,254,1703,47.59,Mass Recruiter,1
6.8,0,CS,2,8,1,2.92,6,6.31,352,40,237,1670,51.75,Mass Recruiter,1
6.15,4,IT,0,0,6,1.35,0,5.93,740,27,221,1567,34.77,Not Placed,0
5.39,1,IT,0,0,3,1.39,4,3.95,539,20,297,1698,35.27,Mass Recruiter,1
5.6,3,IT,0,0,4,2.15,3,5.29,0,0,0,0,10.04,Not Placed,0
7.49,2,CS,2,10,1,3.86,2,4.64,0,0,57,1381,50.44,Mass Recruiter,1
5.82,4,Mechanical,0,0,2,1.96,0,1.49,0,0,0,0,9.9,Not Placed,0
6.95,2,CS,0,0,4,2.98,3,5.65,680,20,365,1729,42.01,Mass Recruiter,1
6.79,0,CS,0,0,0,0.0,3,3.03,0,3,0,0,15.82,Not Placed,0
6.94,2,IT,0,0,4,4.08,0,5.05,321,18,273,1325,35.7,Mass Recruiter,1
5.64,1,ECE,0,0,1,2.1,2,3.25,0,0,226,1552,17.38,Not Placed,0
6.9,1,Mechanical,1,1,1,2.09,1,3.51,0,0,147,1284,34.37,Not Placed,0
7.29,1,IT,1,4,3,5.27,4,5.14,594,20,151,1462,46.22,Mass Recruiter,1
8.98,0,CS,2,6,2,6.98,3,5.11,430,38,133,1479,64.79,Mid-tier,1
9.3,0,IT,1,8,5,8.07,2,5.79,505,17,236,1493,63.33,Mid-tier,1
9.25,0,IT,4,10,2,6.46,3,5.48,353,21,124,1607,70.65,Mid-tier,1
5.74,2,IT,0,0,6,1.97,2,5.78,1038,15,0,0,23.56,Not Placed,0
7.02,1,CS,1,3,2,3.53,5,5.05,587,19,302,1367,46.42,Mass Recruiter,1
6.9,2,CS,1,3,2,2.71,3,6.71,598,21,185,1526,39.17,Mass Recruiter,1
6.46,0,Mechanical,0,0,2,3.36,2,2.43,0,0,0,0,13.01,Not Placed,0
6.09,0,Chemical,1,4,2,1.83,2,2.59,0,0,0,0,12.36,Not Placed,0
6.98,0,CS,2,6,4,6.66,5,8.06,656,42,121,1522,60.48,Mid-tier,1
8.78,0,CS,4,14,1,5.46,5,6.59,766,31,295,1763,82.44,FAANG,1
8.19,0,CS,0,0,3,3.54,3,5.96,430,21,320,1948,50.63,Mass Recruiter,1
8.16,0,IT,2,6,3,2.6,1,4.79,549,19,288,1850,67.6,Mid-tier,1
7.37,0,Chemical,0,0,1,2.78,3,1.18,133,8,54,1238,23.98,Not Placed,0
7.41,0,ECE,1,1,3,3.18,4,5.05,546,19,131,1469,43.97,Mass Recruiter,1
7.45,0,IT,3,8,3,7.0,5,6.63,772,24,207,1623,66.25,Mid-tier,1
6.16,3,CS,0,0,2,0.3,6,5.33,309,17,186,1300,28.83,Not Placed,0
6.39,2,ECE,2,8,3,3.87,0,5.09,428,25,52,1735,46.51,Mass Recruiter,1
6.36,3,IT,2,4,2,3.07,2,5.21,422,34,0,0,35.23,Mass Recruiter,1
5.72,2,IT,0,0,4,2.26,2,5.34,446,35,378,1557,35.9,Mass Recruiter,1
6.8,0,IT,0,0,3,2.43,3,4.97,0,0,304,1518,23.45,Not Placed,0
6.71,0,Biotech,0,0,1,1.67,2,1.26,0,0,48,1780,23.42,Not Placed,0
7.02,0,CS,1,3,3,3.58,3,5.2,497,40,237,1667,53.48,Mass Recruiter,1
8.4,0,Chemical,0,0,4,5.18,4,3.49,0,0,0,0,27.89,Not Placed,0
7.01,0,CS,1,3,3,4.58,4,5.39,0,0,178,1163,47.14,Mass Recruiter,1
5.76,2,Chemical,0,0,1,0.3,2,1.79,359,17,0,0,4.48,Not Placed,0
6.88,4,CS,2,4,2,4.1,1,6.1,477,29,27,1348,36.17,Mass Recruiter,1
6.12,4,CS,0,0,6,1.69,2,6.46,811,22,258,1865,46.1,Mass Recruiter,1
5.97,1,IT,2,4,7,5.38,2,6.77,962,26,0,0,44.19,Mass Recruiter,1
6.17,3,Civil,2,6,3,3.56,3,2.57,0,0,0,0,27.23,Not Placed,0
6.52,2,IT,0,0,7,1.61,2,4.85,215,44,0,0,20.47,Not Placed,0
7.51,0,Chemical,1,4,0,0.0,3,1.71,61,9,0,0,20.54,Not Placed,0
6.95,2,CS,1,3,3,5.63,3,5.15,467,33,71,1500,37.9,Mass Recruiter,1
7.87,2,CS,1,4,4,4.77,6,6.67,510,25,139,1729,53.79,Mass Recruiter,1
7.58,1,Chemical,0,0,2,3.38,2,3.14,0,0,0,0,14.54,Not Placed,0
6.11,2,EEE,2,10,2,2.66,1,4.51,589,25,82,1493,52.92,Mass Recruiter,1
8.02,0,IT,0,0,3,3.04,2,4.36,586,28,222,1449,47.52,Mass Recruiter,1
7.63,0,CS,0,0,2,4.41,5,5.87,421,22,106,1534,34.62,Not Placed,0
5.17,3,EEE,0,0,2,0.3,3,4.21,0,0,0,0,12.95,Not Placed,0
8.15,0,CS,0,0,4,4.52,5,7.34,533,34,436,1731,50.85,Mass Recruiter,1
6.67,0,Civil,0,0,0,0.0,1,1.0,0,0,0,0,11.86,Not Placed,0
6.57,0,CS,2,6,4,3.84,3,6.81,0,0,0,0,29.86,Not Placed,0
7.37,1,CS,1,4,4,4.18,5,5.96,591,25,0,0,44.55,Mass Recruiter,1
7.97,0,Civil,0,0,1,2.09,1,1.85,130,13,0,0,12.56,Not Placed,0
6.42,0,CS,1,3,2,2.22,3,4.54,804,25,90,1085,51.33,Mass Recruiter,1
6.49,3,CS,2,4,3,2.55,1,5.31,486,22,145,1529,40.84,Mass Recruiter,1
6.81,4,CS,1,4,2,3.56,7,5.02,723,20,133,1330,36.72,Mass Recruiter,1
7.21,0,ECE,2,6,2,3.85,2,4.88,0,0,0,0,32.09,Not Placed,0
7.22,0,ECE,2,8,2,2.68,2,3.64,616,14,0,0,39.08,Mass Recruiter,1
6.11,1,CS,0,0,2,1.22,3,5.06,248,16,144,1772,30.75,Not Placed,0
7.3,1,Chemical,0,0,1,3.1,1,1.19,142,16,0,0,8.12,Not Placed,0
6.31,0,Mechanical,1,2,1,3.0,1,1.88,572,5,139,1437,37.48,Mass Recruiter,1
7.48,2,Civil,0,0,1,2.3,5,1.69,108,7,167,1303,34.37,Not Placed,0
5.95,2,EEE,0,0,2,2.98,1,2.43,201,8,0,0,15.33,Not Placed,0
8.47,0,ECE,1,3,4,6.07,6,5.41,0,0,0,0,38.98,Mass Recruiter,1
6.46,4,IT,1,3,1,2.42,4,5.24,510,48,164,1625,33.23,Not Placed,0
8.63,0,Chemical,0,0,2,2.26,0,3.07,0,0,76,1524,29.06,Not Placed,0
6.26,3,EEE,0,0,0,0.0,1,3.08,61,4,0,0,5.0,Not Placed,0
5.9,5,IT,1,2,5,3.43,6,6.26,421,29,280,1877,55.33,Mid-tier,1
6.68,0,Chemical,1,2,0,0.0,1,1.85,33,10,0,0,13.26,Not Placed,0
9.16,0,ECE,2,6,3,4.12,1,4.98,408,36,261,1698,58.84,Mid-tier,1
6.13,2,IT,0,0,5,3.48,4,5.57,648,20,0,0,23.33,Not Placed,0
5.72,6,CS,1,4,3,2.21,1,5.16,805,19,98,1457,24.47,Not Placed,0
6.81,0,ECE,0,0,2,2.02,2,4.67,0,0,181,1451,27.09,Not Placed,0
7.14,0,Mechanical,0,0,2,3.64,1,1.75,247,10,0,0,18.98,Not Placed,0
6.5,0,IT,0,0,1,2.18,2,3.96,66,3,298,1513,30.93,Not Placed,0
7.39,2,ECE,0,0,2,3.01,1,3.71,237,16,110,1610,18.37,Not Placed,0
6.98,0,EEE,0,0,1,0.37,0,3.27,170,9,0,0,21.11,Not Placed,0
6.01,2,Biotech,0,0,2,1.93,1,1.98,0,0,0,0,4.75,Not Placed,0
5.53,2,IT,0,0,3,1.39,5,4.97,0,0,317,1530,24.73,Not Placed,0
7.62,1,Mechanical,0,0,1,4.53,2,1.81,196,20,0,0,21.43,Not Placed,0
5.0,5,CS,1,4,3,1.73,1,6.16,575,27,0,0,20.12,Not Placed,0
8.5,0,CS,3,6,5,5.92,4,6.52,525,29,375,1794,78.68,FAANG,1
5.94,4,CS,0,0,7,2.89,4,6.39,343,16,167,1807,38.07,Mass Recruiter,1
6.16,1,CS,1,3,6,3.76,1,6.1,667,26,247,1336,50.37,Mass Recruiter,1
9.11,0,CS,1,4,4,6.71,0,6.05,0,0,55,1711,44.54,Mass Recruiter,1
7.45,0,Mechanical,0,0,1,0.91,0,2.0,0,8,131,1313,21.97,Not Placed,0
8.51,0,ECE,2,6,2,5.72,3,3.53,605,13,0,0,37.39,Mass Recruiter,1
8.1,0,IT,2,4,4,5.4,2,6.48,597,30,0,0,43.52,Mass Recruiter,1
5.99,2,CS,1,6,1,2.54,1,5.11,0,0,249,1316,32.67,Not Placed,0
7.19,1,Chemical,1,4,1,3.92,3,2.47,256,14,0,0,16.53,Not Placed,0
6.39,2,CS,1,3,2,3.42,5,4.33,430,27,244,1634,41.94,Mass Recruiter,1
6.41,2,IT,0,0,5,4.85,3,5.59,773,17,0,0,32.78,Not Placed,0
6.07,1,ECE,3,10,5,4.09,2,6.68,360,9,0,0,54.86,Mass Recruiter,1
6.65,3,ECE,0,0,4,0.88,1,4.48,487,32,0,0,16.24,Not Placed,0
7.68,0,IT,0,0,5,4.31,1,3.13,385,19,239,1436,39.0,Mass Recruiter,1
7.0,0,IT,1,2,3,3.43,8,5.55,527,18,267,1279,40.56,Mass Recruiter,1
5.49,3,Mechanical,0,0,1,0.34,3,2.9,0,0,145,1474,-6.3,Not Placed,0
7.85,0,Mechanical,0,0,3,3.57,2,4.1,537,34,0,0,27.96,Not Placed,0
6.48,3,Chemical,1,3,0,0.0,4,1.61,0,0,0,0,25.94,Not Placed,0
6.08,3,CS,0,0,2,3.16,3,4.95,101,11,0,1246,17.04,Not Placed,0
7.75,0,CS,2,6,5,4.21,3,6.83,330,32,0,0,51.62,Mass Recruiter,1
7.0,0,Chemical,0,0,1,2.74,3,2.48,212,22,0,0,19.53,Not Placed,0
6.4,0,Mechanical,0,0,2,1.45,1,3.7,350,23,0,0,22.51,Not Placed,0
6.19,1,IT,0,0,6,2.86,4,6.63,0,0,0,0,27.66,Not Placed,0
6.81,0,CS,1,4,3,2.59,3,4.91,0,0,308,1747,43.94,Mass Recruiter,1
7.65,0,CS,2,4,4,5.54,2,6.08,361,24,0,0,53.19,Mass Recruiter,1
8.2,0,IT,1,4,3,6.12,3,5.62,950,8,0,0,33.53,Not Placed,0
6.65,0,ECE,0,0,3,4.38,1,4.11,0,0,246,1597,23.82,Not Placed,0
7.6,0,Mechanical,1,4,3,3.42,0,3.09,441,21,113,1208,35.13,Mass Recruiter,1
6.83,0,Chemical,1,2,1,1.61,1,2.51,286,14,0,0,22.22,Not Placed,0
8.67,0,IT,2,8,4,4.02,4,6.17,719,41,400,1558,74.35,FAANG,1
6.42,0,Chemical,0,0,0,0.0,2,1.32,18,1,0,0,11.55,Not Placed,0
5.61,5,Civil,0,0,1,0.3,2,3.48,101,6,0,0,3.58,Not Placed,0
8.65,0,EEE,1,3,4,5.39,6,4.87,0,0,0,0,43.7,Mass Recruiter,1
6.11,2,IT,0,0,3,0.52,5,4.89,330,31,342,1545,37.05,Mass Recruiter,1
6.3,0,CS,1,4,3,3.9,3,5.16,664,41,208,1516,53.68,Mass Recruiter,1
8.62,0,ECE,4,8,4,8.28,2,5.89,0,0,171,1492,78.14,FAANG,1
5.0,6,Civil,1,3,0,0.0,3,1.58,19,5,28,1229,3.14,Not Placed,0
5.0,2,CS,2,10,2,1.76,3,4.59,591,32,163,1135,52.23,Mass Recruiter,1
6.73,0,Biotech,0,0,4,3.22,1,3.84,0,0,0,0,21.92,Not Placed,0
5.53,3,ECE,0,0,3,1.43,4,5.47,362,29,40,1351,32.19,Not Placed,0
8.04,0,IT,3,10,0,0.0,5,6.1,446,0,189,1843,52.16,Mass Recruiter,1
7.06,1,CS,0,0,4,3.39,1,4.77,489,16,323,1894,48.13,Mass Recruiter,1
9.05,0,CS,0,0,4,4.0,5,6.04,0,0,648,2057,49.33,Mass Recruiter,1
7.87,0,CS,0,0,4,1.92,2,5.0,651,42,149,1478,37.4,Mass Recruiter,1
5.78,1,IT,1,4,4,3.13,6,7.26,432,25,0,0,39.01,Mass Recruiter,1
7.69,0,IT,1,4,3,3.94,4,6.18,345,27,167,1525,45.25,Mass Recruiter,1
7.07,0,ECE,1,3,5,4.0,1,4.46,274,14,0,0,44.47,Mass Recruiter,1
7.11,0,ECE,0,0,2,0.44,0,1.82,112,31,0,0,12.0,Not Placed,0
6.52,1,IT,1,4,3,2.08,3,3.09,466,32,211,1509,49.56,Mass Recruiter,1
7.55,0,CS,3,10,5,6.81,3,5.19,357,31,295,1449,75.49,FAANG,1
6.34,4,ECE,1,3,0,0.0,2,3.11,114,10,0,0,8.72,Not Placed,0
7.85,3,CS,3,10,4,8.04,4,6.07,259,19,493,1444,73.69,Mid-tier,1
6.59,0,Chemical,0,0,2,1.87,3,1.08,0,0,61,1105,21.29,Not Placed,0
8.83,0,ECE,0,0,3,4.1,3,3.52,259,28,162,1373,46.35,Mass Recruiter,1
7.9,0,Mechanical,0,0,0,0.0,2,2.52,0,0,98,1281,15.8,Not Placed,0
8.01,0,IT,1,2,2,2.68,3,5.95,368,42,0,0,35.07,Mass Recruiter,1
5.67,1,Mechanical,1,4,2,1.4,1,3.06,411,31,20,1162,34.47,Not Placed,0
8.39,2,IT,1,4,3,5.77,2,5.58,524,19,241,1622,52.62,Mass Recruiter,1
7.37,0,CS,1,2,3,4.18,2,5.99,361,36,157,1501,42.64,Mass Recruiter,1
8.62,0,IT,0,0,4,5.87,3,4.49,509,19,530,1951,52.13,Mass Recruiter,1
5.77,1,IT,0,0,3,0.98,5,7.02,0,0,0,0,18.11,Not Placed,0
6.34,1,CS,1,1,3,3.6,2,3.78,578,42,0,0,26.75,Not Placed,0
7.5,0,CS,2,6,2,3.94,5,5.65,694,41,343,1413,75.23,FAANG,1
5.05,0,CS,0,0,4,1.55,3,5.15,462,38,0,1490,28.67,Not Placed,0
7.74,0,CS,2,4,5,5.9,4,8.04,405,38,365,1629,75.27,FAANG,1
5.43,2,IT,0,0,7,2.69,2,5.06,661,25,0,0,18.65,Not Placed,0
5.92,0,CS,0,0,2,2.07,2,4.95,238,11,0,0,22.63,Not Placed,0
7.63,0,ECE,2,6,2,3.4,3,5.23,525,12,323,1467,57.18,Mid-tier,1
7.6,0,Chemical,0,0,1,1.97,0,1.0,0,0,0,0,11.63,Not Placed,0
6.24,1,CS,1,4,4,2.0,2,6.02,212,20,0,0,34.33,Not Placed,0
6.31,0,EEE,0,0,1,0.54,3,4.19,225,21,0,0,15.04,Not Placed,0
6.53,2,ECE,3,8,1,2.7,0,3.82,307,33,0,0,50.14,Mass Recruiter,1
5.95,1,CS,4,12,6,5.04,5,7.61,0,0,274,1466,72.24,Mid-tier,1
6.28,0,CS,2,8,4,5.99,4,6.75,1012,27,0,0,50.98,Mass Recruiter,1
7.93,0,CS,1,3,3,3.64,4,5.38,609,33,212,1644,57.28,Mid-tier,1
9.11,0,CS,1,6,1,4.9,4,3.72,0,0,436,1796,50.24,Mass Recruiter,1
6.76,2,CS,1,3,6,4.05,2,4.51,577,19,280,1753,48.92,Mass Recruiter,1
5.16,3,Chemical,0,0,1,0.3,1,1.08,0,0,0,0,6.38,Not Placed,0
7.57,1,ECE,0,0,2,2.56,2,3.32,0,0,220,1331,34.19,Not Placed,0
6.56,0,CS,1,2,4,1.71,0,4.13,398,40,322,1970,59.56,Mid-tier,1
7.81,0,Biotech,0,0,1,3.67,5,2.46,11,5,0,0,19.75,Not Placed,0
8.91,0,EEE,1,2,1,4.19,4,3.2,0,0,0,0,17.88,Not Placed,0
6.57,0,CS,1,2,3,3.38,2,5.46,259,35,172,1695,40.17,Mass Recruiter,1
6.88,3,CS,0,0,4,3.27,4,5.83,848,36,119,1757,34.16,Not Placed,0
7.38,0,Mechanical,0,0,0,0.0,0,1.61,0,0,0,0,9.61,Not Placed,0
8.01,0,ECE,0,0,4,3.1,4,4.5,292,31,0,0,36.32,Mass Recruiter,1
5.92,3,Mechanical,0,0,1,0.3,0,1.0,77,7,0,0,14.97,Not Placed,0
8.66,1,IT,2,3,4,5.52,6,6.26,322,47,536,1794,68.95,Mid-tier,1
7.51,0,ECE,2,4,4,6.16,3,5.28,570,29,187,1554,58.61,Mid-tier,1
9.82,0,IT,0,0,3,4.13,3,6.08,307,24,604,1254,57.4,Mid-tier,1
7.79,0,CS,0,0,3,3.93,3,5.33,242,22,370,1785,48.73,Mass Recruiter,1
7.21,0,CS,3,10,1,5.41,5,4.4,0,0,136,1626,55.78,Mid-tier,1
6.64,2,ECE,0,0,2,2.27,4,3.13,0,0,0,0,15.91,Not Placed,0
6.5,1,ECE,0,0,1,0.88,7,3.15,0,0,0,0,8.56,Not Placed,0
5.0,5,ECE,2,4,3,2.39,2,5.29,0,0,113,1191,29.24,Not Placed,0
7.44,0,ECE,1,4,7,4.85,6,6.61,1037,46,313,1537,65.18,Mid-tier,1
6.79,0,IT,1,3,6,4.16,5,5.95,0,0,190,1621,51.28,Mass Recruiter,1
7.77,0,Mechanical,3,12,3,4.85,1,4.34,0,0,69,1174,67.62,Mid-tier,1
8.29,0,Mechanical,2,10,4,6.54,3,4.04,0,0,86,1296,58.06,Mid-tier,1
6.83,0,CS,4,8,3,5.57,0,5.7,0,0,186,2183,61.57,Mid-tier,1
7.14,2,IT,1,3,6,5.34,2,6.38,780,34,0,0,36.72,Mass Recruiter,1
7.16,0,IT,1,4,3,3.3,3,6.26,0,0,213,1588,42.45,Mass Recruiter,1
8.79,0,Mechanical,0,0,3,4.19,4,3.42,0,0,51,1025,42.59,Mass Recruiter,1
6.63,0,ECE,0,0,2,4.54,3,3.48,517,26,91,1372,32.22,Not Placed,0
8.49,0,ECE,1,3,2,4.34,2,4.88,0,0,0,0,30.48,Not Placed,0
9.31,0,IT,4,10,4,8.82,4,7.49,499,21,188,2071,87.76,FAANG,1
5.59,2,Mechanical,0,0,0,0.0,0,2.06,0,0,40,1381,6.7,Not Placed,0
5.45,4,CS,2,4,5,3.75,3,5.58,547,25,252,1548,45.78,Mass Recruiter,1
5.43,1,CS,0,0,2,1.64,4,5.71,155,17,0,0,12.66,Not Placed,0
5.54,3,Chemical,0,0,4,2.24,0,3.3,0,0,15,1157,4.74,Not Placed,0
5.08,0,Civil,0,0,0,0.0,1,1.92,0,0,88,1378,7.52,Not Placed,0
6.08,3,Biotech,0,0,1,0.3,0,1.32,12,6,0,0,3.6,Not Placed,0
8.72,0,IT,2,6,3,4.94,1,5.33,716,31,256,1354,64.95,Mid-tier,1
8.62,0,Mechanical,1,3,4,3.98,4,3.96,431,33,298,1690,58.86,Mid-tier,1
5.94,2,Civil,1,2,1,2.19,5,4.01,0,0,0,0,11.29,Not Placed,0
7.12,0,ECE,1,2,3,0.92,4,5.16,575,31,17,1533,44.49,Mass Recruiter,1
6.38,0,ECE,0,0,1,1.09,1,2.72,100,4,0,0,6.62,Not Placed,0
6.61,1,ECE,1,6,2,3.41,4,3.39,0,0,101,1345,40.57,Mass Recruiter,1
6.44,0,CS,0,0,2,4.15,2,3.94,0,0,138,1257,22.47,Not Placed,0
5.45,1,IT,1,3,2,0.7,4,5.85,0,0,0,0,17.14,Not Placed,0
7.38,1,EEE,4,10,1,4.98,1,4.25,287,30,205,1750,60.79,Mid-tier,1
6.7,0,CS,1,3,3,4.33,7,6.02,573,40,180,1433,53.96,Mass Recruiter,1
8.17,0,ECE,0,0,2,2.89,2,3.97,223,9,56,1826,28.83,Not Placed,0
5.73,3,IT,2,6,3,3.97,2,5.63,0,0,274,1648,39.48,Mass Recruiter,1
6.71,1,Mechanical,0,0,3,1.33,0,2.13,0,0,74,1312,17.38,Not Placed,0
7.72,2,Mechanical,2,8,1,3.96,2,3.87,0,0,66,1280,46.83,Mass Recruiter,1
5.22,2,CS,0,0,2,1.57,2,3.78,233,6,0,0,10.2,Not Placed,0
7.27,0,EEE,0,0,1,2.91,1,2.58,203,11,0,0,26.22,Not Placed,0
6.91,1,CS,2,6,4,3.24,6,7.26,565,3,259,1482,72.01,Mid-tier,1
5.63,2,Mechanical,0,0,4,2.45,3,3.49,0,0,0,0,19.59,Not Placed,0
6.5,1,IT,0,0,3,3.93,5,3.88,683,13,169,1403,32.78,Not Placed,0
6.44,0,IT,0,0,3,1.1,3,4.04,205,35,147,1558,30.97,Not Placed,0
7.62,0,ECE,0,0,2,2.89,1,3.72,0,0,217,1556,34.67,Not Placed,0
6.61,1,CS,0,0,3,1.71,2,5.22,0,0,195,1576,31.01,Not Placed,0
8.69,1,IT,0,0,3,4.14,6,5.74,249,29,0,0,30.11,Not Placed,0
6.86,0,IT,2,4,0,0.0,3,5.55,183,13,236,1603,40.19,Mass Recruiter,1
8.93,1,CS,2,3,6,8.88,6,6.7,602,23,458,1744,72.63,Mid-tier,1
6.59,2,CS,1,4,1,2.57,2,3.67,382,30,233,1698,46.53,Mass Recruiter,1
7.11,2,Civil,1,2,0,0.0,4,3.68,261,10,71,1540,22.72,Not Placed,0
6.4,1,CS,3,12,4,5.04,1,5.07,634,30,141,1713,65.55,Mid-tier,1
7.04,0,IT,3,10,1,2.75,0,5.28,0,0,284,1392,46.87,Mass Recruiter,1
5.57,3,ECE,2,6,2,3.41,2,4.84,293,40,39,1448,33.63,Not Placed,0
6.3,3,CS,3,8,1,3.2,5,6.68,650,35,102,1692,57.74,Mid-tier,1
7.62,0,Civil,1,2,2,1.54,1,3.36,0,0,15,1398,28.01,Not Placed,0
5.94,0,ECE,2,8,4,4.44,3,5.8,0,0,191,1536,52.29,Mass Recruiter,1
7.52,1,EEE,0,0,0,0.0,5,2.56,17,3,69,1483,27.15,Not Placed,0
8.72,0,CS,0,0,2,4.7,5,5.35,79,9,229,1286,31.57,Not Placed,0
9.3,0,CS,0,0,3,5.75,3,4.95,462,13,344,1439,52.7,Mass Recruiter,1
6.52,1,CS,1,4,2,3.69,2,4.76,394,21,219,1496,59.22,Mid-tier,1
7.78,0,CS,1,4,5,3.79,3,6.84,687,37,0,0,50.17,Mass Recruiter,1
8.16,0,ECE,0,0,0,0.0,3,1.44,112,5,84,1274,19.9,Not Placed,0
7.05,1,EEE,0,0,1,2.12,1,3.83,0,0,0,0,21.25,Not Placed,0
6.86,2,Chemical,0,0,4,1.85,0,1.72,495,37,81,1497,19.83,Not Placed,0
7.29,1,Chemical,0,0,3,3.58,1,1.95,673,23,57,1662,25.28,Not Placed,0
5.67,2,Mechanical,0,0,4,1.2,1,2.33,0,0,0,0,6.78,Not Placed,0
8.21,0,CS,1,6,1,4.15,2,4.35,642,40,252,1467,56.71,Mid-tier,1
8.41,0,CS,3,8,4,6.94,1,6.54,771,22,212,1510,76.08,FAANG,1
8.55,0,Chemical,0,0,0,0.0,2,1.0,0,0,0,0,22.99,Not Placed,0
5.91,3,IT,0,0,2,1.97,2,3.92,0,0,27,1254,12.72,Not Placed,0
5.95,1,EEE,0,0,1,1.45,2,2.58,103,10,0,0,12.93,Not Placed,0
5.83,1,ECE,0,0,3,1.44,3,4.11,343,34,142,1421,23.61,Not Placed,0
7.5,0,IT,0,0,4,3.71,2,5.43,0,0,227,1515,48.44,Mass Recruiter,1
7.19,0,CS,0,0,2,1.67,3,4.98,533,30,430,2135,54.82,Mass Recruiter,1
5.39,2,EEE,0,0,0,0.0,1,2.07,0,0,4,1493,7.85,Not Placed,0
7.18,0,Mechanical,0,0,2,3.25,2,2.15,0,0,0,0,26.47,Not Placed,0
8.42,1,EEE,2,10,1,5.81,3,3.88,0,0,0,0,40.32,Mass Recruiter,1
6.41,0,ECE,1,2,0,0.0,4,3.31,0,0,43,1488,21.86,Not Placed,0
6.63,0,ECE,1,1,2,3.73,2,2.05,286,39,0,0,17.77,Not Placed,0
7.7,2,IT,0,0,3,3.67,3,4.78,501,27,226,1622,44.62,Mass Recruiter,1
7.54,0,ECE,0,0,4,3.87,1,3.4,595,23,188,1622,33.1,Not Placed,0
6.35,0,EEE,4,12,1,2.68,5,3.98,592,26,0,0,53.91,Mass Recruiter,1
6.77,0,Mechanical,1,6,2,3.55,1,5.01,675,32,0,0,33.68,Not Placed,0
8.73,0,Civil,2,8,3,4.61,7,4.59,0,0,0,0,45.31,Mass Recruiter,1
6.86,1,Mechanical,1,2,2,2.66,1,3.49,0,0,0,0,6.13,Not Placed,0
6.48,2,CS,0,0,4,3.43,3,4.93,473,25,266,1338,46.69,Mass Recruiter,1
5.4,6,IT,0,0,6,2.2,5,6.34,298,27,133,1323,38.94,Mass Recruiter,1
5.79,6,IT,0,0,0,0.0,4,5.03,22,1,153,1491,19.29,Not Placed,0
5.54,3,ECE,2,4,5,3.31,1,5.57,0,0,118,1662,38.54,Mass Recruiter,1
8.0,0,IT,2,8,4,5.33,4,6.3,423,38,172,1650,62.59,Mid-tier,1
7.3,0,ECE,1,2,4,3.66,2,3.61,0,0,95,1870,35.61,Mass Recruiter,1
8.03,0,EEE,1,4,2,4.37,1,2.52,0,0,146,1410,50.89,Mass Recruiter,1
7.28,0,Mechanical,0,0,4,3.68,2,3.29,449,40,153,1392,44.13,Mass Recruiter,1
7.31,0,IT,1,2,5,4.44,8,5.72,0,0,139,1290,44.12,Mass Recruiter,1
7.28,0,IT,2,6,3,5.32,2,5.59,477,25,261,1498,64.56,Mid-tier,1
5.79,4,EEE,0,0,0,0.0,2,2.87,0,0,0,0,4.59,Not Placed,0
6.1,3,CS,0,0,4,0.62,5,6.12,858,25,173,1565,26.68,Not Placed,0
7.72,0,ECE,0,0,2,3.49,2,2.86,0,0,261,1470,32.33,Not Placed,0
7.62,0,ECE,1,1,3,3.82,2,5.25,402,27,106,1276,49.57,Mass Recruiter,1
7.97,0,ECE,3,14,3,5.09,4,5.77,333,34,257,1616,69.64,Mid-tier,1
6.58,1,ECE,1,4,5,4.51,5,6.02,953,41,243,1243,48.87,Mass Recruiter,1
7.28,0,CS,2,4,2,4.93,5,5.96,458,10,112,1378,53.12,Mass Recruiter,1
6.3,2,CS,1,2,2,2.69,2,6.25,661,27,0,0,27.62,Not Placed,0
6.55,3,IT,0,0,4,2.96,5,5.83,404,9,375,1398,48.51,Mass Recruiter,1
7.18,1,ECE,0,0,3,2.25,2,3.74,0,0,85,1361,25.25,Not Placed,0
7.65,1,ECE,1,6,6,6.87,3,6.39,368,25,61,1372,50.11,Mass Recruiter,1
7.36,0,IT,0,0,2,2.11,4,4.32,140,12,231,1611,24.09,Not Placed,0
5.77,6,CS,3,18,1,2.05,2,5.64,0,0,0,0,25.23,Not Placed,0
5.7,1,ECE,3,6,6,4.1,2,6.48,778,20,253,1551,60.16,Mid-tier,1
8.36,0,IT,0,0,4,5.57,3,4.32,537,20,0,0,34.32,Not Placed,0
8.55,0,IT,0,0,3,4.73,4,5.73,481,19,213,1360,49.73,Mass Recruiter,1
7.87,0,IT,1,4,4,4.51,2,5.6,451,49,0,0,26.83,Not Placed,0
7.98,0,IT,1,2,4,4.98,0,5.38,518,15,469,1893,63.97,Mid-tier,1
5.32,1,Mechanical,0,0,3,0.47,3,3.66,0,0,0,0,6.54,Not Placed,0
5.57,0,IT,0,0,0,0.0,3,3.37,0,0,121,1375,16.84,Not Placed,0
6.51,0,IT,0,0,3,0.93,1,4.17,550,26,130,1280,40.27,Mass Recruiter,1
8.07,2,ECE,0,0,3,3.34,3,4.13,374,20,262,1331,38.01,Mass Recruiter,1
8.15,0,CS,2,8,5,6.65,5,5.15,0,0,149,1490,66.95,Mid-tier,1
7.47,0,IT,1,3,4,2.07,2,4.61,647,24,138,1534,41.1,Mass Recruiter,1
7.79,3,Mechanical,0,0,3,4.85,3,2.92,0,0,117,1594,39.26,Mass Recruiter,1
6.57,4,Mechanical,0,0,2,2.75,2,2.72,0,0,122,1271,17.8,Not Placed,0
7.99,0,Biotech,0,0,5,4.65,0,1.54,619,19,0,0,35.38,Mass Recruiter,1
7.95,0,CS,0,0,3,3.11,4,5.96,571,21,636,2196,65.23,Mid-tier,1
7.19,0,CS,1,6,3,3.96,1,4.69,602,27,436,2204,62.85,Mid-tier,1
8.01,2,ECE,3,8,2,4.45,6,5.98,465,29,348,1255,74.19,FAANG,1
7.56,1,CS,1,1,2,3.82,5,5.37,348,27,269,1359,47.87,Mass Recruiter,1
8.54,0,CS,1,4,4,5.2,4,5.73,669,19,412,1889,63.57,Mid-tier,1
7.77,1,ECE,1,2,4,3.91,3,4.92,0,0,194,1536,41.09,Mass Recruiter,1
6.82,2,Mechanical,0,0,1,0.3,2,3.26,102,1,0,0,2.76,Not Placed,0
9.25,0,ECE,0,0,5,6.13,4,5.16,0,0,167,1736,59.24,Mid-tier,1
7.25,2,CS,1,3,3,4.63,2,5.56,418,22,194,1778,53.25,Mass Recruiter,1
8.59,0,CS,1,3,1,5.46,5,4.74,174,17,0,0,31.12,Not Placed,0
6.86,3,CS,1,1,4,3.75,2,6.61,268,24,113,1342,42.61,Mass Recruiter,1
5.5,3,ECE,2,10,5,3.06,3,6.52,0,0,0,0,34.57,Not Placed,0
7.88,0,IT,1,4,6,4.32,4,5.81,947,19,0,0,47.35,Mass Recruiter,1
8.06,0,IT,0,0,0,0.0,2,3.65,57,7,124,1707,35.88,Mass Recruiter,1
7.55,0,IT,2,3,3,6.37,2,6.66,517,17,191,1814,49.82,Mass Recruiter,1
7.83,0,ECE,0,0,3,2.98,2,4.49,194,27,106,1416,34.22,Not Placed,0
7.24,0,CS,3,12,2,5.8,1,4.72,498,28,172,1276,62.01,Mid-tier,1
8.51,0,CS,0,0,1,4.87,1,3.92,236,11,267,1359,44.05,Mass Recruiter,1
6.65,0,CS,0,0,3,3.44,4,6.11,440,21,144,1446,36.64,Mass Recruiter,1
8.53,1,ECE,2,4,2,3.25,4,3.35,514,41,221,1474,51.5,Mass Recruiter,1
7.7,0,CS,4,18,5,5.43,3,5.76,633,35,0,0,65.83,Mid-tier,1
6.05,3,IT,0,0,2,2.14,2,4.05,379,30,189,1784,28.19,Not Placed,0
7.12,0,Civil,1,6,2,3.84,1,3.9,0,0,163,1495,34.62,Not Placed,0
8.32,0,Mechanical,2,6,1,4.42,5,4.31,773,33,0,0,45.73,Mass Recruiter,1
5.68,1,IT,1,4,2,3.04,3,5.11,0,0,0,1822,26.86,Not Placed,0
5.91,3,IT,0,0,3,0.92,3,5.31,757,23,76,1419,32.82,Not Placed,0
7.38,0,Mechanical,2,10,2,5.04,1,4.31,152,39,80,1542,52.94,Mass Recruiter,1
6.54,3,ECE,0,0,1,0.91,3,3.29,46,5,0,0,9.39,Not Placed,0
6.92,1,CS,2,4,2,3.03,4,5.1,884,23,245,1542,58.46,Mid-tier,1
7.47,0,Mechanical,1,4,0,0.0,1,2.18,0,0,0,0,11.75,Not Placed,0
6.24,0,CS,0,0,3,1.86,3,4.88,646,19,0,0,29.73,Not Placed,0
6.94,0,CS,2,6,2,3.9,4,5.97,898,24,0,0,45.6,Mass Recruiter,1
8.51,0,IT,0,0,3,4.0,3,5.38,470,10,120,1651,39.18,Mass Recruiter,1
5.01,2,CS,0,0,3,0.94,3,5.41,623,30,203,1438,26.21,Not Placed,0
7.12,0,EEE,3,8,2,6.24,1,4.29,249,26,183,1272,58.35,Mid-tier,1
7.14,0,Civil,0,0,1,3.38,3,2.15,0,0,81,1476,20.74,Not Placed,0
8.23,0,ECE,0,0,3,3.94,2,4.92,0,0,254,1682,42.35,Mass Recruiter,1
6.55,0,Civil,1,6,2,1.26,0,1.2,0,0,0,0,19.4,Not Placed,0
5.69,5,CS,1,4,3,1.63,2,5.35,0,0,279,1822,43.32,Mass Recruiter,1
6.87,3,ECE,1,3,4,3.62,2,4.57,672,22,0,0,37.33,Mass Recruiter,1
6.89,2,Mechanical,0,0,1,0.58,3,3.11,30,6,67,1613,17.6,Not Placed,0
6.17,0,CS,2,6,1,3.08,2,5.42,530,22,150,1812,37.5,Mass Recruiter,1
6.46,1,IT,4,10,3,2.97,5,6.66,0,0,130,1408,67.66,Mid-tier,1
7.14,2,CS,1,3,3,4.63,2,6.09,590,27,247,1556,53.45,Mass Recruiter,1
6.93,0,ECE,0,0,3,2.35,3,4.13,0,0,0,0,18.41,Not Placed,0
9.28,0,ECE,1,8,3,5.26,6,5.63,396,27,134,1323,60.45,Mid-tier,1
7.58,0,ECE,1,4,4,3.45,4,5.74,737,17,0,0,35.02,Mass Recruiter,1
6.32,4,CS,0,0,3,2.2,1,4.47,424,37,308,1539,29.96,Not Placed,0
9.06,1,Biotech,1,4,1,3.95,2,1.17,0,0,0,0,26.2,Not Placed,0
6.31,1,IT,2,3,3,1.35,4,5.44,0,0,156,1507,48.68,Mass Recruiter,1
6.04,0,CS,0,0,0,0.0,1,3.64,80,0,178,1381,14.42,Not Placed,0
8.03,0,EEE,0,0,1,4.45,2,2.46,83,11,0,0,17.12,Not Placed,0
6.99,0,ECE,0,0,2,1.57,4,4.2,43,13,95,1395,42.91,Mass Recruiter,1
6.15,1,CS,1,3,4,3.17,3,5.7,598,37,264,1445,49.2,Mass Recruiter,1
8.01,0,ECE,1,1,3,3.91,1,6.03,907,20,166,1628,34.16,Not Placed,0
7.85,0,Civil,3,10,2,5.63,3,2.67,0,0,0,0,52.84,Mass Recruiter,1
7.46,1,ECE,0,0,3,4.11,4,3.64,564,15,0,0,30.64,Not Placed,0
8.79,0,Mechanical,0,0,2,3.94,5,3.42,113,11,0,0,24.2,Not Placed,0
6.52,2,ECE,1,3,1,1.08,3,3.34,465,45,0,0,31.16,Not Placed,0
6.69,0,IT,3,12,5,4.13,3,6.12,775,25,54,1332,70.15,Mid-tier,1
7.63,1,ECE,0,0,3,1.77,5,3.96,650,33,229,1683,43.2,Mass Recruiter,1
6.45,1,Biotech,0,0,2,3.38,2,2.24,0,0,0,0,17.23,Not Placed,0
8.74,1,CS,0,0,4,7.32,5,7.71,630,15,117,1409,56.87,Mid-tier,1
5.66,3,Civil,2,6,3,2.93,0,3.19,0,0,0,0,19.07,Not Placed,0
5.82,3,CS,0,0,4,1.83,1,4.54,706,11,383,1353,37.86,Mass Recruiter,1
6.65,2,Mechanical,2,4,4,5.95,3,4.99,278,40,0,0,45.95,Mass Recruiter,1
6.12,1,Mechanical,0,0,2,2.64,1,1.99,59,12,0,0,15.14,Not Placed,0
5.72,3,CS,2,4,4,5.1,3,6.37,346,16,227,1627,50.62,Mass Recruiter,1
6.35,1,EEE,4,8,0,0.0,6,5.11,344,43,150,1296,49.1,Mass Recruiter,1
7.5,0,IT,1,4,3,6.07,5,5.03,375,27,54,1453,45.16,Mass Recruiter,1
6.6,0,ECE,1,2,4,4.5,2,5.23,0,0,23,1478,35.43,Mass Recruiter,1
6.63,1,IT,2,4,3,3.35,3,5.69,585,11,254,1531,47.79,Mass Recruiter,1
8.66,0,Civil,2,3,3,3.16,2,3.45,0,0,19,1426,38.95,Mass Recruiter,1
7.52,1,EEE,2,10,4,5.61,3,5.54,190,15,232,1401,50.08,Mass Recruiter,1
6.51,0,CS,1,6,2,3.57,5,5.38,482,37,264,1580,48.49,Mass Recruiter,1
7.2,1,IT,1,4,4,4.71,2,4.35,400,15,228,1866,60.07,Mid-tier,1
7.8,0,CS,2,4,4,5.47,4,6.16,646,33,91,1642,57.66,Mid-tier,1
6.01,3,CS,1,2,2,3.17,3,5.13,700,30,240,1409,41.12,Mass Recruiter,1
6.47,3,Civil,0,0,2,4.48,1,2.58,0,0,0,0,2.78,Not Placed,0
7.06,1,ECE,1,4,4,2.1,3,3.77,479,22,0,0,40.36,Mass Recruiter,1
6.87,1,EEE,0,0,1,2.24,1,2.74,0,0,0,0,16.15,Not Placed,0
6.12,3,CS,1,3,4,3.3,1,4.88,427,21,161,1546,39.3,Mass Recruiter,1
6.6,3,IT,1,8,2,3.45,4,4.58,480,33,0,0,30.88,Not Placed,0
5.37,2,CS,0,0,3,1.67,1,4.98,300,20,0,0,19.36,Not Placed,0
7.35,0,CS,0,0,2,4.71,2,4.47,0,0,0,0,21.65,Not Placed,0
7.6,2,CS,1,2,4,4.21,3,5.35,509,45,0,0,47.4,Mass Recruiter,1
5.74,4,Mechanical,0,0,2,1.02,0,2.69,170,10,64,1390,-1.42,Not Placed,0
7.59,1,IT,0,0,3,2.39,7,7.09,393,30,0,0,26.52,Not Placed,0
5.46,1,ECE,0,0,0,0.0,1,3.96,56,4,0,0,11.97,Not Placed,0
6.29,0,CS,3,14,2,2.85,3,5.1,561,18,0,0,49.57,Mass Recruiter,1
7.98,0,CS,1,4,3,3.9,0,5.54,0,0,322,1671,47.5,Mass Recruiter,1
7.44,0,CS,2,3,4,3.9,3,6.06,341,0,666,2125,56.56,Mid-tier,1
6.7,0,Chemical,0,0,0,0.0,1,1.41,54,11,126,1415,19.79,Not Placed,0
5.48,4,ECE,0,0,4,0.96,4,5.53,540,29,0,0,8.4,Not Placed,0
6.02,1,Mechanical,0,0,0,0.0,1,1.03,0,0,20,1365,3.65,Not Placed,0
8.22,0,Mechanical,0,0,1,4.13,2,3.13,0,0,130,1537,29.82,Not Placed,0
5.55,3,Biotech,0,0,0,0.0,1,1.0,0,0,0,0,-5.61,Not Placed,0
6.93,2,Biotech,1,3,0,0.0,1,1.52,252,11,99,1222,25.41,Not Placed,0
7.92,0,ECE,0,0,5,3.04,1,4.05,0,0,12,1402,24.32,Not Placed,0
5.67,2,Mechanical,0,0,1,0.62,1,1.76,0,0,0,0,2.36,Not Placed,0
7.75,1,IT,2,4,1,4.56,5,5.79,637,20,152,1499,62.01,Mid-tier,1
6.68,3,Chemical,0,0,5,3.55,1,2.57,0,0,0,0,12.37,Not Placed,0
7.49,1,ECE,1,3,3,4.08,4,4.17,567,27,49,1198,52.61,Mass Recruiter,1
6.0,1,CS,0,0,4,1.6,3,3.81,832,32,151,1468,32.02,Not Placed,0
5.98,3,Mechanical,1,3,2,1.15,2,3.39,511,20,0,0,13.24,Not Placed,0
6.66,0,Civil,1,4,0,0.0,1,2.19,274,17,0,0,14.93,Not Placed,0
6.76,2,CS,2,4,5,4.13,3,5.63,0,0,233,1695,52.73,Mass Recruiter,1
6.83,2,CS,1,3,2,3.65,1,5.31,331,24,651,1755,45.96,Mass Recruiter,1
6.51,1,CS,1,6,2,3.92,3,5.13,603,9,321,1435,40.6,Mass Recruiter,1
7.39,0,ECE,4,8,3,4.01,5,6.19,0,0,297,1237,71.9,Mid-tier,1
7.01,0,ECE,2,6,4,3.89,0,5.82,255,26,49,1632,50.45,Mass Recruiter,1
6.3,1,EEE,0,0,1,1.93,1,2.08,0,0,181,1215,20.05,Not Placed,0
6.48,0,IT,1,8,3,2.43,2,5.13,689,13,234,1692,56.34,Mid-tier,1
7.66,0,CS,1,4,3,4.72,1,5.29,894,39,240,1594,53.11,Mass Recruiter,1
6.71,1,IT,2,4,3,6.04,2,7.35,342,20,258,1601,53.17,Mass Recruiter,1
8.26,0,CS,0,0,3,3.83,3,4.08,637,40,159,1490,38.86,Mass Recruiter,1
5.15,4,ECE,2,4,4,2.59,2,5.29,572,32,0,0,32.49,Not Placed,0
6.21,2,ECE,0,0,3,1.0,3,4.2,0,0,83,1177,21.74,Not Placed,0
6.8,2,IT,0,0,6,3.17,5,5.53,0,0,0,0,21.37,Not Placed,0
9.1,0,CS,2,6,3,5.86,5,7.43,582,22,442,2004,81.49,FAANG,1
5.73,5,CS,1,6,3,0.74,3,5.6,531,17,122,1286,28.11,Not Placed,0
5.32,4,Civil,0,0,1,1.69,1,1.9,0,0,0,0,-2.92,Not Placed,0
5.89,0,IT,2,6,4,3.71,2,6.2,0,0,275,1734,51.25,Mass Recruiter,1
6.22,0,IT,1,3,6,3.19,2,6.19,386,30,0,0,42.02,Mass Recruiter,1
7.87,0,IT,0,0,5,4.28,2,6.1,398,25,267,1665,36.27,Mass Recruiter,1
6.92,2,ECE,0,0,4,2.75,7,5.65,285,36,93,1288,35.04,Mass Recruiter,1
5.51,2,CS,0,0,2,1.05,2,5.99,225,16,193,1514,26.27,Not Placed,0
7.17,1,ECE,1,2,3,3.86,2,3.89,0,0,0,0,28.32,Not Placed,0
6.29,2,IT,2,6,4,2.22,3,4.7,322,38,173,1144,52.67,Mass Recruiter,1
7.29,3,Chemical,0,0,0,0.0,3,2.27,0,0,98,1349,10.09,Not Placed,0
6.29,0,IT,2,8,3,3.46,5,6.21,374,33,209,1615,58.66,Mid-tier,1
5.92,3,Mechanical,0,0,1,1.16,2,2.67,0,0,0,0,8.93,Not Placed,0
7.35,0,ECE,0,0,5,4.39,3,3.8,557,23,117,1354,32.51,Not Placed,0
7.19,0,EEE,0,0,2,2.56,4,3.18,349,8,167,1212,31.79,Not Placed,0
9.79,0,ECE,0,0,3,7.01,1,4.24,527,27,0,0,42.15,Mass Recruiter,1
6.57,2,EEE,0,0,1,3.05,1,2.81,0,0,78,1541,17.46,Not Placed,0
7.35,1,CS,1,4,6,4.36,1,5.52,578,28,121,1631,51.65,Mass Recruiter,1
5.81,1,EEE,1,4,2,1.08,4,3.83,0,0,0,0,12.76,Not Placed,0
7.97,2,ECE,0,0,5,5.46,2,5.17,0,0,0,0,23.19,Not Placed,0
5.0,2,IT,2,10,7,4.21,5,7.06,471,26,0,0,49.85,Mass Recruiter,1
7.33,0,IT,2,8,1,3.49,6,5.49,271,31,256,1467,53.74,Mass Recruiter,1
7.33,1,CS,0,0,7,5.78,1,5.17,547,18,84,1515,38.76,Mass Recruiter,1
8.29,0,IT,1,3,5,5.26,2,5.67,394,40,0,0,42.57,Mass Recruiter,1
6.96,1,IT,3,14,4,3.45,4,6.2,325,29,183,1353,67.24,Mid-tier,1
8.69,0,IT,2,6,6,7.88,5,7.92,494,30,0,0,59.88,Mid-tier,1
7.01,0,Civil,0,0,0,0.0,1,1.3,0,0,0,0,13.63,Not Placed,0
6.45,0,ECE,1,4,3,2.16,3,5.04,712,36,149,1479,49.47,Mass Recruiter,1
7.08,0,CS,1,2,2,1.04,2,5.89,596,19,0,0,25.35,Not Placed,0
6.91,2,Civil,0,0,3,1.53,1,2.46,0,0,0,0,7.25,Not Placed,0
6.61,1,IT,0,0,4,2.92,4,5.71,457,30,196,1450,31.32,Not Placed,0
6.35,0,Mechanical,0,0,3,2.7,1,3.08,0,0,110,1369,19.3,Not Placed,0
7.09,0,ECE,0,0,4,2.82,4,5.21,501,37,208,1601,36.1,Mass Recruiter,1
6.79,4,Mechanical,1,2,4,4.33,1,3.85,464,38,35,1494,27.86,Not Placed,0
6.21,0,ECE,0,0,3,3.14,2,3.45,224,16,69,1373,35.31,Mass Recruiter,1
6.47,4,IT,1,2,6,5.98,3,5.74,269,13,206,1282,40.21,Mass Recruiter,1
6.2,1,Biotech,0,0,4,3.55,1,3.04,0,0,0,0,15.2,Not Placed,0
6.32,2,CS,2,6,4,4.38,5,7.35,628,29,0,0,47.9,Mass Recruiter,1
6.1,0,CS,1,3,4,3.3,3,5.99,569,27,290,1618,55.52,Mid-tier,1
7.56,0,Mechanical,0,0,2,2.15,1,1.69,0,0,0,0,23.24,Not Placed,0
9.17,0,ECE,0,0,4,3.93,2,4.53,798,24,0,0,31.47,Not Placed,0
9.72,0,CS,1,2,2,5.35,10,5.04,364,24,409,1727,60.28,Mid-tier,1
8.97,0,EEE,0,0,3,4.99,1,5.07,726,17,0,0,28.78,Not Placed,0
7.73,0,Chemical,0,0,3,2.24,1,2.36,568,12,0,0,26.2,Not Placed,0
9.05,0,ECE,2,8,2,6.83,5,3.56,0,0,124,1840,62.68,Mid-tier,1
9.21,0,ECE,1,3,3,4.98,4,5.37,391,20,131,1410,43.54,Mass Recruiter,1
7.89,0,IT,0,0,3,3.01,0,5.36,0,0,142,1748,28.4,Not Placed,0
6.41,0,IT,0,0,4,3.33,4,5.16,0,0,214,1329,32.04,Not Placed,0
7.94,0,CS,0,0,2,4.37,2,4.31,305,14,0,0,28.09,Not Placed,0
7.5,0,ECE,0,0,5,3.11,4,5.35,528,16,247,1689,58.91,Mid-tier,1
6.29,0,ECE,0,0,3,1.83,5,4.93,0,0,156,1476,39.35,Mass Recruiter,1
5.86,3,Biotech,0,0,0,0.0,0,1.0,14,1,0,0,1.09,Not Placed,0
7.18,0,EEE,0,0,2,2.45,0,3.7,0,0,31,1774,32.23,Not Placed,0
6.62,0,Biotech,0,0,3,3.31,1,2.08,0,0,95,1265,21.68,Not Placed,0
8.32,0,IT,3,8,1,4.97,4,6.51,344,26,130,1596,60.61,Mid-tier,1
7.04,1,Chemical,0,0,1,3.59,1,3.09,0,0,0,0,13.17,Not Placed,0
6.92,3,Mechanical,0,0,3,3.51,2,3.09,0,0,73,1421,16.35,Not Placed,0
6.95,1,ECE,1,3,0,0.0,3,3.84,217,17,208,1403,31.22,Not Placed,0
6.76,0,CS,2,3,3,4.81,1,6.48,464,26,336,1801,60.65,Mid-tier,1
7.87,0,CS,3,6,1,4.9,3,5.72,948,40,265,1400,64.06,Mid-tier,1
6.53,3,Civil,2,3,1,2.46,2,2.45,0,0,129,1329,41.12,Mass Recruiter,1
5.98,0,IT,3,14,3,2.72,2,5.65,678,25,49,1293,60.35,Mid-tier,1
5.87,1,ECE,3,8,4,3.74,0,4.05,645,32,0,0,42.51,Mass Recruiter,1
8.46,0,EEE,0,0,0,0.0,5,2.59,27,1,208,1589,21.96,Not Placed,0
7.15,0,Chemical,0,0,0,0.0,1,2.88,0,0,0,0,6.27,Not Placed,0
6.91,0,ECE,3,14,4,6.39,2,5.0,962,50,86,1353,64.16,Mid-tier,1
6.19,2,Mechanical,0,0,2,1.39,3,1.53,322,6,135,1365,22.09,Not Placed,0
8.05,2,IT,0,0,4,3.61,1,4.92,835,20,209,1480,41.66,Mass Recruiter,1
7.9,0,CS,3,6,2,5.01,2,5.24,209,34,222,1830,53.15,Mass Recruiter,1
5.78,1,CS,1,4,4,2.57,4,6.02,593,36,0,0,36.83,Mass Recruiter,1
7.95,1,CS,0,0,5,6.29,2,5.47,620,25,659,1578,55.38,Mid-tier,1
5.93,3,EEE,0,0,0,0.0,4,3.28,0,0,0,0,3.94,Not Placed,0
8.69,0,Mechanical,0,0,3,3.75,4,3.97,0,0,139,1393,42.55,Mass Recruiter,1
6.45,0,IT,0,0,2,2.89,4,4.44,0,0,0,0,6.25,Not Placed,0
5.43,1,IT,0,0,3,0.47,2,5.2,0,0,0,0,8.54,Not Placed,0
7.47,2,IT,1,2,4,5.07,2,4.08,431,12,203,1320,41.8,Mass Recruiter,1
9.15,0,Mechanical,1,4,4,4.06,2,4.42,402,39,241,1273,56.78,Mid-tier,1
5.56,1,CS,1,4,1,0.76,1,5.24,172,13,0,0,22.48,Not Placed,0
7.42,0,CS,2,6,2,4.16,0,5.2,517,27,216,1688,66.86,Mid-tier,1
6.91,0,IT,1,4,4,2.99,3,6.16,628,11,83,1709,44.48,Mass Recruiter,1
5.47,1,CS,1,3,2,3.54,3,5.06,639,29,311,1447,49.39,Mass Recruiter,1
6.48,0,CS,0,0,1,1.93,4,5.08,286,4,0,0,8.66,Not Placed,0
7.33,0,EEE,0,0,2,3.06,3,3.3,527,30,171,1427,34.83,Not Placed,0
7.03,0,ECE,4,6,4,5.5,2,5.35,667,18,0,0,59.24,Mid-tier,1
8.66,0,Civil,0,0,2,4.84,0,1.91,0,0,79,1199,25.57,Not Placed,0
6.31,1,CS,1,4,7,4.71,3,7.09,691,41,157,1307,48.92,Mass Recruiter,1
5.09,0,Mechanical,0,0,5,0.3,3,4.89,0,0,0,0,9.23,Not Placed,0
8.71,0,CS,2,4,4,5.11,7,7.45,0,0,581,1589,72.73,Mid-tier,1
6.99,4,Chemical,0,0,2,4.42,3,2.94,0,0,0,0,8.47,Not Placed,0
7.33,2,CS,0,0,6,3.8,3,7.12,619,38,333,1703,62.57,Mid-tier,1
7.19,2,ECE,0,0,4,4.25,2,3.78,0,0,292,1529,31.43,Not Placed,0
7.48,0,CS,2,6,4,6.06,3,5.92,313,34,632,2265,71.71,Mid-tier,1
6.0,0,ECE,0,0,1,0.3,1,3.47,0,0,164,1820,19.13,Not Placed,0
7.07,0,ECE,0,0,3,2.26,2,4.22,0,0,442,1518,40.56,Mass Recruiter,1
9.36,0,CS,0,0,3,5.54,4,5.49,626,28,512,1460,55.7,Mid-tier,1
9.37,0,CS,2,6,4,6.25,1,6.2,0,0,570,1926,70.64,Mid-tier,1
8.56,0,ECE,0,0,1,2.01,4,4.48,166,8,0,0,26.13,Not Placed,0
5.76,5,CS,2,4,7,4.29,4,7.25,329,10,52,1303,42.25,Mass Recruiter,1
6.06,1,CS,1,3,2,3.2,4,4.95,475,32,131,1203,36.29,Mass Recruiter,1
6.48,0,CS,0,0,1,1.75,5,5.07,0,0,291,1580,32.51,Not Placed,0
7.68,2,CS,2,8,5,5.18,4,7.31,731,9,221,2001,63.57,Mid-tier,1
7.61,2,ECE,1,6,4,2.75,1,4.51,0,0,0,0,29.99,Not Placed,0
7.4,0,Mechanical,1,4,1,3.34,2,3.9,233,8,0,0,23.8,Not Placed,0
6.7,0,ECE,0,0,3,2.11,1,3.66,379,24,0,0,22.31,Not Placed,0
5.57,0,IT,0,0,0,0.0,1,2.78,19,2,264,1391,16.45,Not Placed,0
7.23,0,Civil,0,0,2,2.79,3,2.63,70,10,15,1295,33.02,Not Placed,0
6.08,2,EEE,1,3,1,3.21,6,3.56,153,5,72,1398,33.94,Not Placed,0
8.5,0,CS,4,10,2,5.12,4,6.18,684,31,249,1252,71.19,Mid-tier,1
6.59,2,CS,2,8,3,4.04,3,6.07,0,0,100,2044,53.31,Mass Recruiter,1
5.9,1,CS,1,2,5,2.74,2,5.66,439,31,180,1346,48.96,Mass Recruiter,1
7.7,0,ECE,0,0,2,2.44,4,3.61,214,9,278,1641,43.07,Mass Recruiter,1
7.63,2,ECE,1,6,4,4.38,1,6.03,421,25,433,1465,55.32,Mid-tier,1
7.72,1,IT,0,0,4,5.29,3,6.03,343,22,204,1583,41.74,Mass Recruiter,1
8.74,0,IT,0,0,1,3.04,5,4.86,191,15,205,1805,37.4,Mass Recruiter,1
5.75,2,Civil,0,0,1,1.33,1,1.9,102,2,0,0,9.68,Not Placed,0
6.89,1,CS,2,8,2,2.11,4,5.62,672,35,282,1773,62.42,Mid-tier,1
6.49,1,ECE,0,0,3,2.37,2,2.99,546,27,0,0,25.74,Not Placed,0
5.75,2,CS,0,0,3,1.96,3,4.82,664,25,196,1580,32.21,Not Placed,0
6.24,1,EEE,3,6,3,3.88,1,6.53,305,34,81,1421,41.75,Mass Recruiter,1
6.19,0,ECE,0,0,1,3.6,2,3.19,61,3,170,1551,31.63,Not Placed,0
8.82,0,IT,1,3,4,5.81,7,4.9,322,17,377,1860,56.22,Mid-tier,1
5.51,3,CS,1,3,3,1.75,0,4.22,492,16,0,0,29.27,Not Placed,0
7.7,0,ECE,2,6,3,3.65,3,4.86,303,47,146,1349,52.66,Mass Recruiter,1
6.58,0,Chemical,0,0,3,3.16,3,2.69,0,0,113,1410,23.29,Not Placed,0
8.42,0,Chemical,1,3,4,5.54,2,2.54,0,0,0,0,34.81,Not Placed,0
5.75,3,EEE,1,2,0,0.0,2,3.79,0,0,0,0,3.42,Not Placed,0
7.12,0,Civil,1,3,2,1.05,1,3.17,0,0,0,0,18.49,Not Placed,0
7.94,1,CS,1,3,2,3.09,5,6.73,671,45,178,1724,52.08,Mass Recruiter,1
6.58,0,Chemical,0,0,3,2.54,1,1.9,0,0,0,0,13.84,Not Placed,0
7.89,0,Mechanical,1,2,6,4.91,2,4.84,0,0,0,0,43.31,Mass Recruiter,1
8.32,0,EEE,1,4,1,3.12,2,3.47,0,0,0,0,13.8,Not Placed,0
6.79,2,CS,1,1,3,3.56,4,6.63,359,17,84,1708,43.11,Mass Recruiter,1
8.73,0,IT,2,3,3,7.94,1,4.28,561,45,285,2092,72.08,Mid-tier,1
6.22,0,CS,0,0,5,3.99,5,6.84,671,43,196,1675,39.74,Mass Recruiter,1
6.01,1,IT,2,3,3,3.08,6,5.94,645,26,0,0,36.22,Mass Recruiter,1
6.31,0,IT,3,8,4,2.92,3,6.91,673,14,172,1332,60.38,Mid-tier,1
8.57,0,ECE,1,4,6,6.41,0,5.04,520,16,187,1243,60.04,Mid-tier,1
5.92,1,IT,1,4,2,0.3,1,6.38,609,33,128,1747,30.24,Not Placed,0
8.65,0,Chemical,2,6,2,6.71,3,3.5,335,24,0,0,45.12,Mass Recruiter,1
6.65,0,EEE,1,2,3,2.92,2,3.77,448,31,0,0,37.1,Mass Recruiter,1
6.84,3,ECE,2,6,2,4.15,1,4.57,747,11,83,1362,44.5,Mass Recruiter,1
6.97,1,Chemical,0,0,3,2.02,1,2.71,692,35,0,0,28.48,Not Placed,0
7.53,0,CS,2,6,5,3.93,3,7.06,646,28,277,1468,72.15,Mid-tier,1
6.19,1,Chemical,2,4,0,0.0,1,3.6,0,0,0,0,12.98,Not Placed,0
7.54,1,EEE,0,0,0,0.0,0,2.92,0,0,110,1202,23.26,Not Placed,0
7.18,0,IT,3,10,3,4.66,7,6.98,353,16,178,1711,54.36,Mass Recruiter,1
6.19,2,IT,1,6,1,3.95,1,3.29,267,30,0,0,24.56,Not Placed,0
7.02,0,EEE,0,0,2,1.4,0,3.16,223,16,65,1359,15.91,Not Placed,0
6.71,0,ECE,4,12,3,4.45,2,5.25,0,0,0,0,51.0,Mass Recruiter,1
8.7,0,Chemical,0,0,1,3.56,2,2.16,260,4,76,1326,33.99,Not Placed,0
8.91,0,ECE,4,10,3,5.58,7,5.7,0,0,123,1882,59.73,Mid-tier,1
8.53,0,EEE,1,3,2,5.03,3,4.93,0,0,83,1177,40.92,Mass Recruiter,1
9.43,0,IT,2,8,5,6.94,2,5.85,386,33,372,1724,67.18,Mid-tier,1
5.88,2,Civil,0,0,2,0.66,3,1.52,341,17,0,0,8.67,Not Placed,0
7.41,0,Mechanical,2,8,1,4.12,2,3.0,106,16,149,1225,38.35,Mass Recruiter,1
6.26,1,Mechanical,1,4,3,2.0,2,3.46,0,0,106,1136,33.89,Not Placed,0
6.49,0,ECE,0,0,2,2.75,2,3.11,211,12,0,0,10.67,Not Placed,0
6.59,4,CS,0,0,4,3.46,1,5.62,842,34,212,1541,34.91,Not Placed,0
7.87,0,IT,0,0,3,4.8,7,7.12,310,27,639,2004,54.95,Mass Recruiter,1
5.98,2,IT,0,0,4,3.42,1,4.97,538,27,134,1485,38.47,Mass Recruiter,1
7.3,1,IT,2,6,4,5.11,1,6.35,443,36,278,1586,55.36,Mid-tier,1
8.07,0,Mechanical,0,0,1,2.37,0,1.0,180,9,0,0,23.37,Not Placed,0
7.09,0,IT,1,3,4,3.39,3,5.62,227,48,176,1516,50.31,Mass Recruiter,1
6.93,2,EEE,1,3,4,2.57,2,3.95,0,0,0,0,31.1,Not Placed,0
5.13,1,Chemical,0,0,1,0.75,2,2.77,0,0,88,1498,12.27,Not Placed,0
8.52,0,ECE,4,10,2,6.15,0,5.4,0,0,225,1448,61.35,Mid-tier,1
6.06,1,Civil,0,0,1,1.2,1,1.3,0,0,0,0,1.34,Not Placed,0
6.08,0,Mechanical,1,3,1,2.57,2,2.97,145,14,0,0,11.37,Not Placed,0
5.93,4,Civil,0,0,3,3.61,1,3.13,0,0,0,0,14.44,Not Placed,0
7.95,2,IT,1,2,2,5.23,5,5.23,0,0,428,1650,40.79,Mass Recruiter,1
7.33,0,Civil,1,4,0,0.0,6,2.27,78,12,32,1331,28.39,Not Placed,0
6.01,0,ECE,0,0,1,1.14,2,3.26,79,1,0,0,22.47,Not Placed,0
7.63,1,CS,2,3,3,4.62,4,5.47,389,18,188,1767,60.85,Mid-tier,1
6.23,1,ECE,0,0,3,4.2,4,4.24,0,0,83,1344,27.36,Not Placed,0
7.94,1,Biotech,0,0,0,0.0,1,1.0,0,0,142,1518,24.7,Not Placed,0
8.64,1,ECE,0,0,3,4.64,3,4.93,683,32,179,1527,34.37,Not Placed,0
5.46,4,CS,1,2,5,3.2,4,6.41,894,26,0,0,29.59,Not Placed,0
8.3,0,Mechanical,0,0,2,2.04,3,2.06,251,6,110,1470,36.69,Mass Recruiter,1
6.21,0,IT,3,12,5,3.7,1,6.7,335,25,0,1542,66.8,Mid-tier,1
7.73,0,Mechanical,2,4,2,4.36,2,3.57,0,0,0,0,30.17,Not Placed,0
7.67,0,CS,1,3,5,6.15,5,6.97,0,0,684,2173,62.08,Mid-tier,1
7.03,0,IT,0,0,4,3.32,2,4.68,747,31,248,1622,47.63,Mass Recruiter,1
5.65,6,ECE,2,4,4,2.28,3,5.8,0,0,0,0,23.87,Not Placed,0
7.11,1,CS,0,0,4,4.59,4,6.25,705,20,745,2136,52.07,Mass Recruiter,1
7.55,2,EEE,2,3,2,3.4,5,5.66,522,19,172,1654,49.2,Mass Recruiter,1
8.33,0,EEE,0,0,1,5.32,4,3.94,6,1,0,0,24.72,Not Placed,0
6.44,0,Mechanical,0,0,1,2.61,3,2.83,197,13,180,1418,30.0,Not Placed,0
7.64,1,Biotech,0,0,1,2.78,2,3.08,0,0,41,1515,29.29,Not Placed,0
7.02,3,IT,0,0,3,3.09,2,5.13,585,28,250,1742,32.74,Not Placed,0
8.77,0,CS,1,3,4,6.19,2,5.51,480,23,391,1629,56.44,Mid-tier,1
7.71,0,CS,0,0,6,4.47,8,7.65,328,10,259,1648,44.7,Mass Recruiter,1
6.05,1,Chemical,0,0,2,0.3,1,1.83,0,0,0,0,4.04,Not Placed,0
5.49,2,CS,0,0,2,1.6,3,4.89,165,10,0,0,6.43,Not Placed,0
6.77,0,ECE,1,3,4,2.07,0,4.11,0,0,60,1226,39.55,Mass Recruiter,1
8.87,0,ECE,0,0,2,5.74,4,3.39,0,0,254,1806,42.7,Mass Recruiter,1
6.73,0,ECE,1,8,2,5.65,2,3.7,575,28,0,0,43.75,Mass Recruiter,1
5.11,1,EEE,2,8,4,1.75,3,5.36,0,0,0,0,25.29,Not Placed,0
7.64,2,Civil,2,4,0,0.0,1,2.42,0,0,92,1345,26.99,Not Placed,0
8.13,0,EEE,0,0,1,3.08,2,2.44,92,4,0,1483,17.67,Not Placed,0
6.76,2,Civil,0,0,2,2.16,2,1.53,0,0,0,0,-1.97,Not Placed,0
5.02,3,CS,0,0,5,0.98,4,6.01,0,0,228,1582,25.14,Not Placed,0
8.34,2,ECE,1,3,4,5.73,6,6.0,502,40,213,1213,51.02,Mass Recruiter,1
6.83,2,EEE,0,0,3,1.75,3,4.03,0,31,367,1609,34.33,Not Placed,0
6.76,1,ECE,1,3,2,2.92,2,3.96,614,27,138,1459,40.53,Mass Recruiter,1
6.04,2,CS,0,0,3,2.35,3,5.34,389,22,200,1361,33.92,Not Placed,0
7.75,0,IT,1,2,2,5.54,4,6.09,296,18,99,1535,50.41,Mass Recruiter,1
6.2,1,IT,1,3,4,4.23,2,4.86,456,24,0,0,34.47,Not Placed,0
6.25,0,Chemical,1,4,5,3.84,0,3.31,0,0,159,1494,26.23,Not Placed,0
8.69,0,IT,2,3,1,5.4,5,6.91,508,19,478,1628,71.43,Mid-tier,1
8.41,0,IT,0,0,3,3.18,4,5.3,363,30,0,0,29.38,Not Placed,0
6.6,0,ECE,2,10,3,3.63,1,5.64,565,14,17,1256,52.92,Mass Recruiter,1
5.35,2,CS,2,4,2,1.05,1,4.18,0,0,115,1271,38.17,Mass Recruiter,1
7.45,0,Mechanical,1,3,4,4.2,6,4.6,0,0,0,0,37.83,Mass Recruiter,1
7.34,0,CS,0,0,4,3.75,4,6.03,515,27,0,0,29.52,Not Placed,0
7.68,1,Chemical,0,0,0,0.0,4,2.06,74,9,0,0,18.31,Not Placed,0
8.03,0,IT,1,2,5,5.96,3,5.87,607,22,428,1755,65.1,Mid-tier,1
7.13,0,CS,2,6,3,2.67,2,5.01,295,40,185,1353,52.25,Mass Recruiter,1
7.0,2,EEE,0,0,0,0.0,2,2.24,0,0,75,1384,9.32,Not Placed,0
6.75,3,EEE,1,3,0,0.0,1,2.35,349,7,0,0,16.36,Not Placed,0
6.96,1,Mechanical,0,0,1,2.28,5,2.63,85,5,95,1222,17.9,Not Placed,0
5.0,0,ECE,1,4,2,1.81,3,4.91,397,29,121,1445,35.61,Mass Recruiter,1
6.71,2,ECE,0,0,5,2.97,2,5.14,351,15,0,0,26.91,Not Placed,0
8.93,0,ECE,2,6,0,0.0,2,3.08,723,26,234,1538,63.35,Mid-tier,1
8.66,0,CS,1,4,3,5.15,4,5.43,561,34,541,1848,62.13,Mid-tier,1
5.83,5,EEE,0,0,1,1.75,3,3.08,0,0,0,0,2.1,Not Placed,0
5.0,0,EEE,0,0,3,0.3,1,3.39,238,24,0,0,16.14,Not Placed,0
6.35,4,ECE,0,0,2,2.32,1,2.87,125,4,0,0,11.83,Not Placed,0
5.6,5,IT,0,0,2,1.6,1,2.49,242,0,0,0,1.59,Not Placed,0
5.84,1,IT,0,0,2,2.63,3,5.05,237,17,130,1641,33.62,Not Placed,0
7.89,1,Civil,0,0,2,5.03,2,2.9,293,24,0,1276,31.49,Not Placed,0
5.74,3,Chemical,0,0,3,2.56,1,3.28,0,0,5,1207,6.03,Not Placed,0
6.92,2,EEE,2,8,4,3.99,1,4.95,534,38,167,1587,56.39,Mid-tier,1
8.99,2,Mechanical,1,4,3,5.48,2,1.91,459,17,204,1538,51.72,Mass Recruiter,1
9.29,0,IT,1,4,4,6.54,3,5.57,0,0,524,1911,60.68,Mid-tier,1
7.46,0,ECE,1,3,0,0.0,1,3.18,0,0,286,1203,31.22,Not Placed,0
5.8,1,CS,2,6,4,3.62,1,5.22,656,41,104,1562,54.0,Mass Recruiter,1
9.0,0,ECE,2,6,3,6.18,2,4.21,0,0,520,1820,64.9,Mid-tier,1
8.28,0,IT,1,2,4,3.47,5,7.43,532,28,88,1564,47.22,Mass Recruiter,1
6.36,4,CS,2,8,2,3.43,2,5.57,0,0,231,1524,35.33,Mass Recruiter,1
8.9,0,ECE,1,3,2,3.63,2,4.36,0,0,180,1084,41.01,Mass Recruiter,1
6.25,0,Mechanical,3,18,4,6.14,0,5.21,0,0,0,0,41.28,Mass Recruiter,1
7.3,0,ECE,0,0,2,2.83,4,3.26,73,9,152,1207,20.55,Not Placed,0
6.29,3,Mechanical,0,0,3,2.12,2,3.02,536,20,0,0,17.14,Not Placed,0
7.12,0,IT,1,2,1,1.91,6,5.33,713,27,292,1679,39.66,Mass Recruiter,1
6.99,0,IT,1,3,3,2.89,5,5.75,524,44,223,1186,59.03,Mid-tier,1
6.76,0,ECE,1,3,4,2.33,4,5.02,151,27,0,0,32.65,Not Placed,0
5.0,2,Mechanical,2,4,3,3.91,3,3.6,0,0,0,0,25.4,Not Placed,0
6.8,1,CS,1,3,3,4.73,4,5.18,425,26,265,1334,48.76,Mass Recruiter,1
7.47,0,Mechanical,1,4,1,4.84,1,3.83,566,41,0,0,43.29,Mass Recruiter,1
7.61,0,Chemical,3,10,1,5.33,3,4.11,0,0,0,0,45.8,Mass Recruiter,1
6.68,0,CS,0,0,3,4.77,4,4.41,167,52,292,1538,39.4,Mass Recruiter,1
7.45,0,CS,4,10,3,4.54,2,6.64,601,32,361,1523,82.5,FAANG,1
9.09,0,Civil,0,0,2,4.45,1,1.92,533,24,0,0,31.6,Not Placed,0
6.9,1,IT,0,0,3,3.73,0,3.98,406,44,198,1539,37.43,Mass Recruiter,1
6.75,3,CS,0,0,2,1.71,0,3.73,448,34,293,1693,32.08,Not Placed,0
6.22,1,EEE,0,0,4,1.0,2,3.56,425,40,130,1425,29.62,Not Placed,0
7.24,0,IT,2,8,3,3.89,1,5.47,684,30,231,1410,58.91,Mid-tier,1
5.63,2,IT,0,0,2,0.59,1,3.92,521,22,0,0,16.64,Not Placed,0
8.55,0,ECE,3,12,1,5.1,3,5.8,0,0,0,0,44.99,Mass Recruiter,1
8.27,0,Chemical,0,0,3,5.45,1,2.37,271,12,0,0,23.71,Not Placed,0
9.15,0,CS,1,6,1,4.12,4,5.06,471,35,351,1580,52.4,Mass Recruiter,1
7.39,0,Mechanical,0,0,1,0.53,4,2.48,35,5,0,0,20.59,Not Placed,0
7.9,0,ECE,1,4,2,3.12,1,4.56,0,0,211,1391,37.98,Mass Recruiter,1
6.27,0,CS,3,8,5,3.75,1,6.02,393,44,91,1744,63.63,Mid-tier,1
6.48,4,CS,0,0,2,0.3,1,4.66,82,14,260,1426,22.02,Not Placed,0
5.98,3,Mechanical,0,0,0,0.0,1,2.76,0,2,94,1475,9.99,Not Placed,0
8.49,0,ECE,3,12,4,5.75,3,5.32,773,32,0,0,64.23,Mid-tier,1
7.76,0,ECE,0,0,0,0.0,2,3.02,9,1,85,1232,22.48,Not Placed,0
7.34,0,IT,2,4,4,4.88,5,6.18,0,0,253,1347,48.29,Mass Recruiter,1
5.93,1,EEE,0,0,5,3.9,3,4.63,581,50,0,0,23.69,Not Placed,0
8.79,0,Mechanical,1,3,0,0.0,1,1.85,0,0,0,0,17.0,Not Placed,0
8.37,0,EEE,0,0,1,3.02,5,4.96,90,7,242,1780,31.7,Not Placed,0
5.64,1,EEE,0,0,2,0.58,1,4.04,80,22,0,0,12.2,Not Placed,0
5.7,2,IT,1,6,3,2.59,3,5.78,84,17,146,1922,38.64,Mass Recruiter,1
7.45,0,Mechanical,0,0,1,3.62,0,3.55,0,0,35,1093,26.36,Not Placed,0
8.11,0,ECE,4,8,3,6.04,4,4.47,485,19,0,0,56.84,Mid-tier,1
7.86,0,CS,0,0,4,3.36,5,5.87,483,10,250,1999,52.29,Mass Recruiter,1
8.46,0,CS,1,3,6,5.08,3,7.39,919,25,532,1678,80.0,FAANG,1
6.87,3,IT,0,0,3,3.22,3,5.82,368,32,290,1475,44.87,Mass Recruiter,1
7.47,0,CS,2,4,2,3.06,2,5.22,542,46,191,1743,55.11,Mid-tier,1
6.55,2,ECE,1,2,2,1.82,0,4.73,562,43,82,1470,29.25,Not Placed,0
7.41,1,CS,1,4,6,4.75,5,7.23,368,19,303,1654,63.09,Mid-tier,1
6.46,3,Mechanical,0,0,4,2.81,4,4.72,0,0,0,0,19.74,Not Placed,0
6.33,1,IT,0,0,0,0.0,1,4.57,70,11,64,1283,30.22,Not Placed,0
7.25,0,Mechanical,0,0,1,2.26,2,4.52,203,5,120,1298,28.26,Not Placed,0
7.01,1,IT,0,0,4,0.93,4,5.33,0,0,130,1587,32.1,Not Placed,0
6.01,2,Mechanical,0,0,2,0.7,0,2.54,252,13,85,1461,17.46,Not Placed,0
8.37,0,CS,1,6,4,3.89,3,7.03,713,25,471,1767,65.11,Mid-tier,1
7.39,0,Civil,0,0,1,2.58,2,2.18,0,0,0,0,13.94,Not Placed,0
7.28,0,CS,1,2,5,5.49,4,5.28,218,26,183,1529,62.16,Mid-tier,1
6.62,0,Chemical,0,0,2,1.18,1,2.78,369,35,0,0,21.95,Not Placed,0
6.95,1,Biotech,0,0,1,2.15,2,1.41,0,0,0,0,6.65,Not Placed,0
6.35,3,ECE,0,0,3,2.44,0,4.46,0,0,0,0,18.6,Not Placed,0
6.87,0,CS,0,0,2,1.81,6,5.57,589,32,70,1616,33.42,Not Placed,0
6.9,2,CS,1,3,4,2.83,2,6.49,0,0,261,1635,42.68,Mass Recruiter,1
5.65,1,Mechanical,0,0,4,1.41,1,2.83,531,9,0,0,10.58,Not Placed,0
8.47,0,IT,0,0,3,4.85,3,4.45,530,34,214,1651,49.4,Mass Recruiter,1
8.73,0,Civil,0,0,2,3.86,4,3.42,693,30,0,1472,35.94,Mass Recruiter,1
7.56,0,Mechanical,0,0,1,3.04,2,3.12,0,0,245,1580,26.65,Not Placed,0
8.82,0,CS,1,1,5,5.55,2,5.96,408,31,429,2080,71.17,Mid-tier,1
6.73,4,ECE,2,10,4,5.72,1,3.99,852,35,198,1575,52.77,Mass Recruiter,1
6.52,0,EEE,0,0,3,2.56,2,4.2,0,0,0,0,17.74,Not Placed,0
8.15,0,Civil,0,0,4,2.79,3,3.27,0,0,0,0,22.26,Not Placed,0
6.56,0,Mechanical,1,3,1,3.25,3,2.91,585,23,0,0,31.99,Not Placed,0
6.68,0,IT,1,3,2,3.38,0,5.09,480,24,381,1298,44.57,Mass Recruiter,1
7.81,1,IT,0,0,5,4.04,2,4.37,555,33,167,1200,42.64,Mass Recruiter,1
5.94,1,CS,0,0,3,1.13,2,4.7,618,30,167,1334,28.24,Not Placed,0
7.52,2,Mechanical,0,0,2,1.74,1,1.88,0,0,91,1345,14.4,Not Placed,0
6.96,4,ECE,0,0,5,2.62,3,5.79,882,26,0,0,29.43,Not Placed,0
5.62,5,Chemical,0,0,2,0.81,2,1.68,0,0,20,1115,3.78,Not Placed,0
5.9,3,ECE,1,2,4,2.3,2,6.71,392,0,127,1335,30.22,Not Placed,0
6.86,0,Mechanical,0,0,0,0.0,2,3.14,0,0,130,1387,20.32,Not Placed,0
7.49,0,IT,0,0,4,4.44,2,5.11,486,15,137,1360,35.85,Mass Recruiter,1
7.23,0,Mechanical,1,3,1,2.72,1,2.09,0,0,0,0,31.8,Not Placed,0
7.9,0,Mechanical,2,6,1,4.95,1,3.56,0,0,96,1273,37.17,Mass Recruiter,1
7.64,0,IT,1,4,4,5.06,4,6.16,0,0,0,0,32.57,Not Placed,0
7.76,0,IT,1,3,1,5.19,6,4.74,561,16,206,1186,52.65,Mass Recruiter,1
8.19,1,IT,3,12,4,3.47,3,6.08,484,18,0,0,50.69,Mass Recruiter,1
6.74,0,IT,0,0,3,1.43,2,5.05,380,16,0,0,31.98,Not Placed,0
8.05,2,CS,0,0,4,4.58,1,6.55,310,27,232,1674,35.25,Mass Recruiter,1
7.07,1,IT,3,14,3,5.74,3,6.15,708,23,219,1526,70.93,Mid-tier,1
7.81,0,IT,1,4,4,5.7,4,5.14,0,0,198,1212,52.1,Mass Recruiter,1
5.4,2,IT,0,0,4,2.58,1,5.43,648,30,242,1428,31.81,Not Placed,0
7.48,2,ECE,0,0,3,4.8,7,4.34,0,0,0,0,24.0,Not Placed,0
7.96,1,CS,0,0,4,4.99,6,5.59,772,22,187,1395,38.43,Mass Recruiter,1
6.14,0,ECE,0,0,4,0.45,3,3.38,605,17,41,1354,37.46,Mass Recruiter,1
5.75,0,Mechanical,0,0,4,2.65,1,3.63,0,0,91,1593,10.61,Not Placed,0
7.87,0,CS,1,4,5,4.76,1,4.92,286,37,147,1540,52.67,Mass Recruiter,1
7.24,0,IT,2,6,2,3.76,5,4.62,887,37,78,1544,62.0,Mid-tier,1
6.5,2,ECE,0,0,2,1.45,5,4.53,208,10,328,1381,25.53,Not Placed,0
8.11,1,Mechanical,0,0,2,4.04,3,4.88,0,0,184,1616,22.74,Not Placed,0
7.45,1,Chemical,0,0,2,2.67,1,3.69,0,0,23,1347,15.09,Not Placed,0
7.0,0,IT,1,2,3,2.32,1,4.82,0,0,120,1455,32.96,Not Placed,0
6.66,1,CS,0,0,5,3.37,1,6.61,579,24,309,1853,45.42,Mass Recruiter,1
8.23,0,Mechanical,1,8,6,6.36,3,4.59,454,20,13,1279,57.65,Mid-tier,1
5.31,3,CS,1,2,5,2.05,2,5.03,621,25,0,0,33.99,Not Placed,0
5.45,3,CS,0,0,4,2.96,1,4.69,388,25,23,1321,34.23,Not Placed,0
5.95,3,ECE,0,0,2,0.61,0,3.81,385,10,167,1692,16.36,Not Placed,0
8.4,0,Mechanical,1,1,3,5.13,1,2.7,0,0,88,1347,41.26,Mass Recruiter,1
6.0,0,IT,2,10,3,2.6,2,5.45,502,43,151,1865,67.85,Mid-tier,1
6.09,2,Mechanical,0,0,1,0.3,2,1.73,59,4,93,1521,9.42,Not Placed,0
7.22,0,IT,0,0,1,1.12,2,3.67,0,0,212,1636,29.21,Not Placed,0
7.27,0,ECE,0,0,4,3.48,5,5.64,0,0,0,0,28.09,Not Placed,0
7.97,3,IT,1,4,5,4.23,5,5.64,445,32,323,1377,55.94,Mid-tier,1
6.6,1,EEE,0,0,3,1.53,3,4.55,369,19,0,0,33.28,Not Placed,0
7.76,1,CS,0,0,3,5.16,3,4.85,479,30,701,1608,57.01,Mid-tier,1
5.02,3,ECE,2,4,3,3.64,3,4.8,604,32,0,0,36.89,Mass Recruiter,1
6.2,2,CS,0,0,3,3.36,4,4.46,0,0,92,1741,25.14,Not Placed,0
5.09,5,IT,0,0,3,1.02,4,4.55,366,28,216,1296,24.08,Not Placed,0
9.12,0,EEE,0,0,5,4.93,4,4.26,671,35,0,0,42.33,Mass Recruiter,1
8.8,0,ECE,3,10,1,5.52,2,4.81,0,0,93,1688,57.16,Mid-tier,1
6.27,1,IT,2,6,4,2.69,5,6.64,371,51,267,1886,49.33,Mass Recruiter,1
7.92,0,Civil,0,0,0,0.0,3,2.01,0,0,0,0,12.29,Not Placed,0
6.94,2,CS,0,0,3,1.13,3,3.38,665,15,231,1947,37.4,Mass Recruiter,1
7.03,0,IT,1,3,4,4.07,2,5.6,302,24,122,1670,53.7,Mass Recruiter,1
6.38,1,ECE,0,0,2,1.87,2,3.55,56,13,0,0,9.52,Not Placed,0
6.82,1,CS,0,0,4,2.04,4,5.33,533,19,223,1592,45.42,Mass Recruiter,1
9.31,0,CS,2,8,3,5.97,5,6.26,603,28,312,1439,69.2,Mid-tier,1
6.97,2,ECE,0,0,0,0.0,5,3.62,0,0,124,1547,15.68,Not Placed,0
7.21,0,CS,3,10,6,5.05,4,8.04,461,37,127,1800,70.38,Mid-tier,1
6.32,0,CS,0,0,6,3.33,1,5.84,437,29,225,1388,43.9,Mass Recruiter,1
6.92,0,Mechanical,0,0,1,0.83,2,2.15,259,4,0,0,21.08,Not Placed,0
7.47,0,CS,1,2,5,5.13,2,5.71,680,46,0,0,45.32,Mass Recruiter,1
6.3,1,EEE,0,0,0,0.0,1,2.61,19,0,0,0,11.71,Not Placed,0
7.12,0,Mechanical,3,14,1,3.87,1,3.35,359,5,156,1684,56.39,Mid-tier,1
7.42,2,IT,1,8,4,3.61,2,4.95,0,0,231,1408,41.14,Mass Recruiter,1
6.64,3,IT,1,3,6,5.31,1,6.07,238,24,244,1442,59.17,Mid-tier,1
6.3,0,CS,0,0,5,0.7,4,6.48,338,30,0,0,20.62,Not Placed,0
7.82,2,Mechanical,0,0,3,3.99,3,4.16,0,0,0,0,17.24,Not Placed,0
6.32,3,ECE,0,0,2,0.56,1,3.88,202,8,0,0,17.35,Not Placed,0
8.35,0,CS,0,0,2,4.03,3,5.17,285,30,230,1803,49.42,Mass Recruiter,1
6.0,1,CS,2,3,4,3.31,2,4.63,404,21,62,1332,45.42,Mass Recruiter,1
5.67,0,Mechanical,0,0,3,0.3,1,2.19,0,0,0,0,18.51,Not Placed,0
5.43,3,ECE,1,4,1,2.49,1,3.38,67,10,77,1466,16.84,Not Placed,0
6.7,0,EEE,0,0,1,1.5,7,3.86,0,0,27,1433,17.0,Not Placed,0
7.82,0,CS,0,0,3,4.15,0,6.01,703,2,137,1342,35.4,Mass Recruiter,1
8.26,0,ECE,1,4,2,5.3,6,4.56,0,0,0,0,39.5,Mass Recruiter,1
7.84,0,Chemical,0,0,1,1.82,1,1.38,0,0,0,0,20.84,Not Placed,0
6.76,2,CS,2,4,3,3.95,3,5.99,0,0,429,1430,51.34,Mass Recruiter,1
7.71,1,ECE,0,0,0,0.0,5,4.05,71,5,200,1418,22.92,Not Placed,0
6.36,1,EEE,0,0,2,0.7,2,2.59,0,0,0,0,9.68,Not Placed,0
6.23,0,ECE,1,3,2,0.51,1,4.07,479,24,0,0,33.81,Not Placed,0
6.39,0,Mechanical,0,0,2,2.81,0,2.91,195,15,0,0,23.04,Not Placed,0
9.24,0,CS,1,3,3,6.35,2,6.17,621,22,190,1712,61.85,Mid-tier,1
7.43,0,IT,1,4,4,4.71,3,4.13,638,27,180,1616,47.83,Mass Recruiter,1
6.73,0,CS,1,2,3,2.3,1,6.08,348,31,226,1546,42.15,Mass Recruiter,1
6.7,2,CS,1,4,3,2.34,1,5.31,801,30,219,1576,43.94,Mass Recruiter,1
7.76,1,Mechanical,0,0,3,4.99,1,3.03,352,46,0,0,31.98,Not Placed,0
8.39,0,IT,0,0,4,5.67,1,3.08,0,0,195,1654,41.1,Mass Recruiter,1
6.07,0,EEE,1,3,3,1.58,3,5.09,600,51,23,1595,37.35,Mass Recruiter,1
8.52,0,Mechanical,1,3,0,0.0,6,3.45,0,0,288,1480,43.4,Mass Recruiter,1
8.07,0,Mechanical,1,1,1,3.15,4,3.24,0,0,0,1231,30.86,Not Placed,0
8.01,0,IT,1,3,3,3.84,2,4.39,542,22,212,1720,45.9,Mass Recruiter,1
7.56,0,Chemical,0,0,1,1.85,3,3.17,226,0,0,0,22.79,Not Placed,0
6.04,1,IT,2,4,5,3.92,5,6.55,384,28,225,1796,52.45,Mass Recruiter,1
6.54,1,IT,1,3,4,3.61,2,3.37,355,5,0,0,36.01,Mass Recruiter,1
8.64,0,IT,2,10,4,4.46,3,6.39,876,37,267,1414,72.21,Mid-tier,1
6.96,0,IT,2,6,2,3.02,2,5.97,692,52,232,1641,66.27,Mid-tier,1
8.34,0,Mechanical,0,0,1,1.14,0,2.7,120,11,71,1260,24.7,Not Placed,0
6.41,1,CS,2,6,4,4.13,3,5.86,660,29,259,1415,60.34,Mid-tier,1
7.28,0,Civil,0,0,1,2.84,0,2.37,0,0,0,0,10.43,Not Placed,0
5.72,0,CS,2,10,0,0.0,3,4.17,147,5,213,1602,47.65,Mass Recruiter,1
7.08,0,Mechanical,2,10,4,3.94,0,3.98,0,0,0,0,37.92,Mass Recruiter,1
7.45,0,EEE,0,0,1,2.97,2,3.44,0,0,92,1451,37.16,Mass Recruiter,1
9.09,0,Mechanical,1,8,1,5.86,3,3.37,0,0,0,0,38.93,Mass Recruiter,1
6.65,1,CS,2,10,4,4.8,2,5.6,470,50,170,1469,56.48,Mid-tier,1
8.1,1,EEE,0,0,4,4.18,4,3.1,732,34,346,1922,56.21,Mid-tier,1
6.46,0,CS,1,1,5,1.98,2,5.94,384,27,162,1718,48.96,Mass Recruiter,1
5.3,2,IT,0,0,1,2.28,0,3.37,334,12,57,1497,18.86,Not Placed,0
8.47,0,CS,1,6,7,5.33,2,7.28,622,0,0,0,45.3,Mass Recruiter,1
7.53,1,Civil,0,0,3,4.26,2,3.82,308,46,0,0,16.07,Not Placed,0
7.18,0,CS,1,4,1,2.86,2,4.33,0,0,193,1527,36.88,Mass Recruiter,1
6.27,0,ECE,1,4,4,4.11,3,3.53,450,28,256,1022,45.46,Mass Recruiter,1
5.89,1,EEE,1,3,2,3.67,2,3.92,714,17,55,1331,28.13,Not Placed,0
5.86,0,CS,1,6,2,1.63,3,5.74,723,37,0,0,29.84,Not Placed,0
6.69,3,CS,0,0,3,1.43,4,5.63,222,28,305,1616,39.26,Mass Recruiter,1
8.87,0,Biotech,0,0,0,0.0,1,1.82,0,0,41,1557,23.68,Not Placed,0
5.16,5,CS,0,0,7,1.01,2,6.67,448,35,0,0,24.45,Not Placed,0
7.78,0,EEE,1,3,0,0.0,4,3.25,208,13,201,1500,26.26,Not Placed,0
6.76,2,ECE,0,0,0,0.0,4,2.76,0,0,0,0,6.02,Not Placed,0
5.14,6,EEE,2,8,3,3.35,1,5.53,700,41,0,0,36.66,Mass Recruiter,1
8.05,0,IT,0,0,4,3.84,4,5.3,166,35,0,0,42.23,Mass Recruiter,1
8.09,0,EEE,0,0,3,1.4,4,4.69,641,29,283,1620,44.7,Mass Recruiter,1
7.63,0,CS,2,4,4,3.43,5,7.43,681,40,153,1663,62.51,Mid-tier,1
5.93,1,Mechanical,0,0,1,1.28,0,1.61,122,6,0,0,6.12,Not Placed,0
8.17,0,Civil,1,4,0,0.0,1,1.61,0,0,188,1481,28.95,Not Placed,0
6.51,0,ECE,2,6,3,3.44,3,5.29,266,35,129,1301,50.92,Mass Recruiter,1
7.74,0,CS,3,8,6,6.01,3,7.67,0,0,0,0,49.13,Mass Recruiter,1
6.21,2,IT,0,0,2,1.74,3,4.32,293,13,311,1346,32.79,Not Placed,0
8.54,0,ECE,1,3,2,3.32,3,3.82,0,0,450,1329,46.4,Mass Recruiter,1
6.06,2,ECE,0,0,4,0.51,1,3.46,525,23,35,1361,34.07,Not Placed,0
6.21,1,CS,3,12,2,1.77,3,6.41,570,18,307,1351,63.03,Mid-tier,1
7.48,0,Biotech,0,0,3,4.87,2,1.0,0,0,0,0,18.5,Not Placed,0
6.9,2,Biotech,0,0,2,2.07,3,2.13,0,0,89,1315,26.79,Not Placed,0
8.44,0,ECE,2,4,3,5.42,2,4.56,0,0,178,1370,47.7,Mass Recruiter,1
8.22,0,IT,1,2,4,6.53,4,6.92,642,24,280,1544,60.28,Mid-tier,1
6.73,0,IT,0,0,4,3.74,5,5.14,636,15,314,1737,49.42,Mass Recruiter,1
5.19,2,CS,1,2,3,2.02,1,4.06,350,27,249,1627,45.64,Mass Recruiter,1
7.61,0,ECE,0,0,2,3.51,2,3.29,391,28,0,0,25.08,Not Placed,0
5.84,1,Mechanical,0,0,4,2.57,0,2.72,0,0,92,1520,26.17,Not Placed,0
8.51,0,IT,2,4,3,4.59,4,4.38,0,0,265,1495,52.88,Mass Recruiter,1
8.13,0,Chemical,2,4,3,6.96,1,3.95,368,13,0,0,43.99,Mass Recruiter,1
5.9,3,Mechanical,0,0,2,2.55,1,3.36,0,0,0,0,9.32,Not Placed,0
7.83,0,ECE,1,4,7,4.93,3,5.74,665,25,230,1431,49.29,Mass Recruiter,1
6.22,3,CS,1,8,3,4.32,5,5.28,600,44,312,1593,49.53,Mass Recruiter,1
9.14,0,ECE,0,0,4,4.66,0,4.84,530,26,0,0,40.02,Mass Recruiter,1
8.17,0,ECE,1,2,3,4.81,1,4.04,251,32,0,0,30.99,Not Placed,0
7.92,0,ECE,1,3,4,4.31,0,3.86,395,36,114,1264,45.43,Mass Recruiter,1
8.35,0,IT,0,0,2,4.2,3,4.29,0,0,0,0,21.51,Not Placed,0
6.3,0,CS,2,4,3,4.52,3,5.54,404,29,0,0,37.96,Mass Recruiter,1
6.34,0,Biotech,0,0,0,0.0,2,1.74,27,3,0,0,7.87,Not Placed,0
7.57,0,CS,3,10,4,5.18,2,7.4,545,53,580,1671,91.43,FAANG,1
7.26,1,IT,2,3,2,4.04,2,5.2,411,37,238,1433,59.19,Mid-tier,1
5.0,4,Civil,0,0,2,1.37,1,2.6,0,0,0,0,-1.79,Not Placed,0
7.15,2,Civil,0,0,4,5.33,4,3.59,63,35,44,1604,24.25,Not Placed,0
5.83,1,Mechanical,1,3,2,2.86,1,4.79,0,0,0,0,15.72,Not Placed,0
7.58,0,CS,1,4,5,5.1,3,7.29,0,0,338,1533,50.12,Mass Recruiter,1
6.33,3,CS,1,3,5,2.98,2,5.28,392,17,150,1484,37.41,Mass Recruiter,1
7.47,0,ECE,0,0,1,1.54,3,4.65,0,0,157,1517,15.52,Not Placed,0
8.63,0,Mechanical,2,6,2,2.6,2,2.71,0,0,116,1215,47.7,Mass Recruiter,1
6.97,0,Mechanical,0,0,3,3.94,1,1.89,355,24,0,0,17.62,Not Placed,0
7.96,0,Mechanical,3,12,1,4.15,3,3.65,0,0,95,1249,51.96,Mass Recruiter,1
7.35,1,ECE,3,14,5,5.29,3,4.82,771,26,0,0,67.27,Mid-tier,1
6.64,3,CS,0,0,3,3.12,2,4.35,0,0,127,1580,32.33,Not Placed,0
5.87,1,ECE,2,6,3,3.33,1,2.83,0,0,230,1416,46.92,Mass Recruiter,1
6.97,0,ECE,0,0,3,2.56,1,3.43,496,31,173,1744,31.37,Not Placed,0
7.91,0,CS,0,0,3,3.85,3,5.0,494,13,89,1504,39.4,Mass Recruiter,1
9.0,0,CS,0,0,3,5.12,4,6.19,267,41,270,1837,42.85,Mass Recruiter,1
6.78,0,Chemical,1,3,0,0.0,1,1.0,0,15,86,1301,16.66,Not Placed,0
9.21,0,Civil,0,0,0,0.0,3,2.17,0,0,0,0,10.56,Not Placed,0
7.81,0,Chemical,0,0,3,4.81,5,2.49,0,0,0,0,28.58,Not Placed,0
6.0,1,Civil,1,4,1,0.3,1,2.45,349,42,12,1201,24.08,Not Placed,0
6.97,4,CS,1,4,5,2.82,2,5.63,807,17,189,1444,42.23,Mass Recruiter,1
7.62,3,Mechanical,1,4,2,3.02,0,4.49,0,0,123,1405,28.05,Not Placed,0
7.35,1,ECE,2,10,3,6.01,2,4.85,552,19,314,1687,72.3,Mid-tier,1
7.09,3,ECE,1,4,5,5.2,7,6.83,763,34,0,0,39.3,Mass Recruiter,1
7.24,1,ECE,2,4,2,4.37,3,5.6,0,0,0,0,42.12,Mass Recruiter,1
8.49,0,IT,1,6,1,4.25,3,3.51,411,21,458,2264,54.57,Mass Recruiter,1
6.61,3,IT,2,6,4,3.73,1,6.25,350,38,394,1923,54.57,Mass Recruiter,1
6.76,2,CS,1,2,3,3.7,2,4.94,478,32,235,1595,33.55,Not Placed,0
8.48,0,EEE,0,0,1,4.31,2,2.34,314,2,140,1645,35.24,Mass Recruiter,1
6.12,2,CS,0,0,3,2.55,3,5.12,0,25,198,1862,29.11,Not Placed,0
7.43,0,ECE,4,6,1,4.9,0,4.47,0,0,172,1599,49.71,Mass Recruiter,1
6.88,1,ECE,3,8,3,4.63,3,6.0,607,27,27,1355,57.0,Mid-tier,1
8.05,0,EEE,0,0,0,0.0,1,2.55,0,0,162,1627,28.99,Not Placed,0
5.57,1,Chemical,0,0,1,1.22,0,1.0,95,5,0,0,-0.5,Not Placed,0
7.91,1,ECE,4,8,3,4.76,1,4.67,0,0,227,1564,55.03,Mid-tier,1
7.7,0,CS,0,0,3,3.03,3,5.32,739,33,90,1557,37.21,Mass Recruiter,1
6.82,1,CS,0,0,4,3.66,3,5.46,424,7,193,1456,37.38,Mass Recruiter,1
5.23,1,Mechanical,0,0,1,0.7,1,2.25,0,0,0,0,13.54,Not Placed,0
5.89,0,Mechanical,0,0,1,1.63,1,2.3,0,0,80,1176,16.86,Not Placed,0
6.12,2,IT,0,0,3,2.62,3,5.53,796,25,0,0,22.6,Not Placed,0
8.54,0,CS,1,2,4,5.65,2,4.93,285,39,0,0,44.28,Mass Recruiter,1
5.84,2,Mechanical,1,2,0,0.0,1,2.01,279,13,0,0,20.32,Not Placed,0
6.75,2,IT,2,6,3,2.77,0,5.05,0,0,233,1455,43.49,Mass Recruiter,1
6.56,0,CS,1,6,4,5.1,5,6.76,562,17,0,0,43.67,Mass Recruiter,1
7.58,0,Mechanical,0,0,1,3.34,0,3.55,101,10,0,0,22.38,Not Placed,0
6.64,0,EEE,0,0,2,0.76,2,3.73,0,0,33,1424,32.53,Not Placed,0
6.62,0,Biotech,0,0,4,3.22,1,4.21,316,40,0,0,28.7,Not Placed,0
7.6,0,IT,0,0,3,1.23,2,3.57,415,39,381,1606,35.88,Mass Recruiter,1
6.51,2,Mechanical,0,0,4,2.62,3,4.11,403,20,31,1390,14.13,Not Placed,0
7.0,0,CS,1,4,4,2.73,4,5.45,384,14,126,1664,53.72,Mass Recruiter,1
8.16,0,IT,1,8,3,4.01,5,6.79,548,3,293,1841,54.17,Mass Recruiter,1
5.81,2,ECE,1,4,5,4.4,1,5.88,0,0,132,1405,34.6,Not Placed,0
8.33,0,Mechanical,0,0,0,0.0,1,1.74,0,0,70,1277,27.67,Not Placed,0
7.46,0,Mechanical,2,3,1,3.15,1,3.57,0,0,0,0,32.12,Not Placed,0
8.56,0,EEE,0,0,4,5.74,1,4.53,619,11,279,1724,54.64,Mass Recruiter,1
5.8,3,Mechanical,0,0,5,3.18,1,4.82,317,39,39,1361,32.85,Not Placed,0
8.6,0,CS,2,6,3,4.61,2,5.19,426,10,395,2142,66.22,Mid-tier,1
7.95,2,IT,2,4,6,6.88,5,8.14,337,24,0,0,56.22,Mid-tier,1
9.12,0,ECE,3,12,3,5.77,1,5.07,509,30,105,1563,63.11,Mid-tier,1
7.52,0,CS,4,10,4,5.19,0,5.82,534,42,0,0,52.44,Mass Recruiter,1
7.3,1,CS,1,2,0,0.0,1,3.68,13,0,155,1426,29.64,Not Placed,0
7.66,0,Civil,0,0,1,1.19,1,1.58,101,10,0,0,18.56,Not Placed,0
6.64,3,CS,1,4,3,3.79,6,4.88,705,24,266,1405,52.47,Mass Recruiter,1
9.47,0,ECE,0,0,3,3.68,6,5.88,470,22,255,1465,45.47,Mass Recruiter,1
6.03,0,EEE,0,0,0,0.0,4,3.64,0,2,0,0,15.81,Not Placed,0
7.33,1,CS,3,14,2,4.16,1,4.41,574,32,200,1685,66.16,Mid-tier,1
7.28,0,IT,4,10,3,4.89,7,6.6,439,40,180,1666,63.5,Mid-tier,1
7.3,0,IT,2,4,3,3.06,2,5.0,355,37,309,1218,54.18,Mass Recruiter,1
8.14,0,ECE,1,3,2,3.42,3,4.01,487,39,0,0,37.4,Mass Recruiter,1
5.92,3,Mechanical,1,2,0,0.0,1,2.64,0,0,0,0,2.23,Not Placed,0
7.42,0,ECE,1,4,3,4.29,0,2.65,70,34,167,1591,38.54,Mass Recruiter,1
7.22,1,IT,0,0,3,3.36,2,4.46,334,27,0,0,21.23,Not Placed,0
8.05,0,IT,1,4,2,4.27,1,4.97,0,0,303,1516,48.41,Mass Recruiter,1
6.99,2,CS,3,12,2,5.85,4,5.24,553,8,372,1834,67.09,Mid-tier,1
7.72,3,Biotech,2,6,3,4.86,1,4.18,0,0,0,0,23.41,Not Placed,0
6.83,0,IT,1,4,3,1.43,4,5.34,622,50,0,0,40.36,Mass Recruiter,1
8.11,0,ECE,3,8,2,3.55,7,4.52,0,0,269,1546,60.5,Mid-tier,1
6.39,0,IT,0,0,4,2.25,6,5.56,0,0,72,1329,24.86,Not Placed,0
5.76,1,IT,2,10,2,2.32,2,4.07,443,28,0,0,40.63,Mass Recruiter,1
7.48,2,ECE,0,0,2,3.73,4,3.57,608,30,272,1433,45.07,Mass Recruiter,1
6.72,0,CS,1,3,4,4.05,4,6.15,0,0,76,1508,51.23,Mass Recruiter,1
8.48,0,IT,3,8,3,4.06,2,5.93,455,31,151,1630,62.11,Mid-tier,1
7.21,0,Chemical,2,8,2,3.25,4,4.85,0,0,87,1252,40.75,Mass Recruiter,1
6.98,0,CS,1,4,4,4.08,3,5.74,569,11,267,1694,58.1,Mid-tier,1
8.53,0,ECE,1,4,1,3.13,3,4.02,0,0,69,1469,44.92,Mass Recruiter,1
7.33,0,IT,1,4,1,3.74,2,4.53,536,27,199,1447,54.03,Mass Recruiter,1
8.1,0,IT,1,6,2,5.42,4,5.88,610,17,493,2007,64.52,Mid-tier,1
5.85,4,IT,0,0,3,0.98,4,4.51,523,26,116,1455,24.3,Not Placed,0
6.87,3,CS,1,1,3,4.7,4,6.44,227,27,243,1340,38.26,Mass Recruiter,1
8.4,0,CS,0,0,1,3.56,4,4.07,39,10,539,2133,50.85,Mass Recruiter,1
7.59,0,CS,1,3,6,5.45,5,7.32,597,28,0,0,50.42,Mass Recruiter,1
5.01,4,CS,2,3,3,3.06,2,6.91,707,27,0,0,33.15,Not Placed,0
8.34,0,IT,1,3,2,5.57,7,4.99,549,45,386,1501,54.03,Mass Recruiter,1
6.49,1,Mechanical,0,0,1,1.64,3,2.96,28,8,116,1585,22.06,Not Placed,0
8.95,0,IT,1,2,1,4.85,7,4.94,788,15,306,1611,55.12,Mid-tier,1
7.93,0,CS,2,8,1,4.15,2,4.51,484,22,395,1429,69.1,Mid-tier,1
5.71,0,CS,4,10,4,3.53,3,6.89,696,23,299,1442,70.43,Mid-tier,1
6.92,0,CS,1,8,3,4.79,3,4.64,399,41,209,1528,58.14,Mid-tier,1
7.69,0,CS,1,3,3,3.74,3,4.66,877,14,188,1779,43.2,Mass Recruiter,1
6.32,4,IT,0,0,4,2.61,2,4.7,352,38,184,1527,28.08,Not Placed,0
5.89,2,Mechanical,1,4,1,0.51,3,1.94,0,0,95,1450,28.84,Not Placed,0
6.96,3,IT,1,6,2,2.76,4,5.52,569,34,316,1349,44.83,Mass Recruiter,1
6.23,0,Mechanical,0,0,0,0.0,1,1.0,0,0,0,0,10.28,Not Placed,0
7.1,0,IT,3,12,5,7.13,5,6.73,482,27,0,0,65.45,Mid-tier,1
8.93,0,Mechanical,2,3,2,6.26,1,1.96,636,22,0,0,46.88,Mass Recruiter,1
7.84,0,ECE,0,0,6,5.22,1,5.54,690,36,44,1663,46.92,Mass Recruiter,1
6.21,0,EEE,1,2,0,0.0,4,2.74,222,11,60,1198,19.59,Not Placed,0
8.59,0,IT,1,6,4,6.16,4,5.4,640,25,192,1357,65.42,Mid-tier,1
7.35,0,ECE,0,0,4,3.9,2,2.88,704,26,0,0,35.43,Mass Recruiter,1
7.42,2,Civil,0,0,1,2.84,2,1.65,107,6,95,1362,19.54,Not Placed,0
6.62,1,CS,0,0,6,3.99,6,7.23,569,19,0,0,28.46,Not Placed,0
7.51,0,Civil,0,0,1,2.26,2,2.21,0,0,0,0,12.85,Not Placed,0
8.15,0,Mechanical,2,4,4,3.79,1,2.65,583,18,81,1519,50.3,Mass Recruiter,1
6.86,1,ECE,0,0,1,2.27,1,5.1,65,0,0,0,7.57,Not Placed,0
5.09,3,Biotech,0,0,2,1.53,1,1.27,0,0,0,0,4.23,Not Placed,0
7.1,0,ECE,4,14,2,4.79,2,3.84,0,0,0,0,47.38,Mass Recruiter,1
6.48,2,CS,2,10,4,2.96,2,6.27,0,0,236,1950,49.15,Mass Recruiter,1
7.91,0,Chemical,0,0,1,3.81,0,1.03,0,0,21,1145,18.49,Not Placed,0
6.01,1,IT,2,10,3,1.43,2,5.52,513,15,123,1494,55.56,Mid-tier,1
7.42,0,Chemical,0,0,2,1.73,3,2.51,0,0,119,1252,38.25,Mass Recruiter,1
8.03,0,IT,1,2,4,5.32,6,6.93,383,24,557,1734,58.49,Mid-tier,1
7.61,1,Mechanical,0,0,1,3.11,1,2.89,0,0,0,0,15.93,Not Placed,0
7.47,0,ECE,0,0,3,3.88,2,3.68,498,25,273,1475,54.73,Mass Recruiter,1
7.04,0,CS,2,6,3,3.71,3,6.74,273,38,352,1548,56.51,Mid-tier,1
7.95,3,Civil,0,0,2,4.1,0,3.38,271,12,69,1693,21.16,Not Placed,0
5.45,5,IT,3,12,4,2.61,3,6.41,714,33,133,1773,50.37,Mass Recruiter,1
7.08,0,CS,1,4,5,4.57,4,6.29,177,24,222,1311,51.53,Mass Recruiter,1
9.16,0,Mechanical,1,6,0,0.0,3,2.99,149,20,0,0,40.87,Mass Recruiter,1
8.07,0,Chemical,1,4,0,0.0,2,3.49,0,0,0,0,36.03,Mass Recruiter,1
7.26,0,CS,0,0,3,1.95,1,3.85,0,0,0,0,14.44,Not Placed,0
8.01,0,CS,0,0,6,4.43,4,6.63,667,19,539,1643,57.13,Mid-tier,1
6.6,2,Mechanical,0,0,3,1.42,3,4.17,0,0,0,0,15.39,Not Placed,0
6.56,2,ECE,0,0,1,3.01,3,3.3,0,0,273,1397,18.02,Not Placed,0
8.59,0,Civil,0,0,1,5.53,4,3.11,0,0,48,1421,32.51,Not Placed,0
5.28,3,IT,1,2,2,0.3,2,5.9,393,32,207,1454,41.11,Mass Recruiter,1
6.02,1,CS,1,2,4,3.43,4,6.08,531,26,0,0,30.78,Not Placed,0
8.31,0,CS,2,6,6,6.94,4,7.16,373,22,314,1719,70.62,Mid-tier,1
8.61,0,IT,1,3,3,4.89,6,6.6,766,26,157,1607,60.23,Mid-tier,1
8.44,0,CS,2,6,4,5.55,2,6.16,478,42,0,0,54.03,Mass Recruiter,1
7.8,1,IT,0,0,5,2.85,1,5.31,0,0,344,2065,44.73,Mass Recruiter,1
7.13,0,ECE,3,10,3,5.99,3,4.95,136,39,0,0,58.21,Mid-tier,1
7.15,0,Civil,0,0,3,4.46,2,1.74,0,0,0,0,21.72,Not Placed,0
6.83,2,IT,1,4,3,2.72,2,5.15,356,10,61,1603,28.2,Not Placed,0
8.11,0,CS,3,12,3,5.11,3,6.25,523,10,419,1703,86.31,FAANG,1
6.67,2,Mechanical,0,0,1,2.25,2,1.74,74,4,96,1540,20.25,Not Placed,0
8.36,0,ECE,0,0,2,4.21,9,3.64,0,0,0,0,24.55,Not Placed,0
6.95,4,Biotech,1,2,0,0.0,1,2.09,134,13,112,1513,11.61,Not Placed,0
6.92,0,Biotech,0,0,2,1.49,1,1.65,112,12,0,0,19.63,Not Placed,0
6.68,2,Mechanical,0,0,1,1.89,0,2.24,0,0,0,0,15.96,Not Placed,0
7.53,0,ECE,0,0,4,3.71,2,3.53,0,0,92,1368,27.32,Not Placed,0
6.69,1,IT,0,0,4,0.99,0,3.92,295,39,273,1301,35.55,Mass Recruiter,1
6.09,2,CS,0,0,1,1.9,4,2.53,68,4,253,1786,27.53,Not Placed,0
7.77,2,IT,1,3,5,5.32,1,5.73,488,20,150,1644,52.69,Mass Recruiter,1
9.49,0,ECE,1,3,4,6.86,2,3.28,200,2,0,0,39.4,Mass Recruiter,1
6.03,1,CS,2,3,3,3.12,1,5.79,525,45,45,1494,38.06,Mass Recruiter,1
7.17,0,ECE,0,0,2,3.88,2,4.65,379,15,58,1448,37.67,Mass Recruiter,1
6.43,0,CS,1,4,3,2.2,1,4.46,532,29,178,1244,38.26,Mass Recruiter,1
6.18,4,CS,0,0,1,1.73,5,5.69,255,10,0,0,17.44,Not Placed,0
8.23,0,Chemical,0,0,1,1.99,3,1.79,0,0,0,0,15.03,Not Placed,0
5.5,1,Civil,1,6,4,2.04,1,3.35,0,0,0,0,27.86,Not Placed,0
9.42,0,CS,1,3,4,6.18,3,5.7,724,22,92,1243,62.06,Mid-tier,1
6.0,0,Mechanical,0,0,1,1.49,1,3.69,38,7,0,0,14.39,Not Placed,0
6.87,1,IT,0,0,1,2.7,7,4.47,384,14,136,1380,35.02,Mass Recruiter,1
7.37,0,EEE,1,3,1,4.49,4,3.09,0,0,0,0,26.28,Not Placed,0
8.1,0,ECE,0,0,4,4.42,4,4.56,661,19,129,1249,45.02,Mass Recruiter,1
6.09,1,IT,1,4,3,3.62,2,4.6,253,36,185,1860,46.29,Mass Recruiter,1
5.53,0,ECE,0,0,3,2.33,1,2.91,835,30,31,1364,35.17,Mass Recruiter,1
6.67,1,Biotech,0,0,0,0.0,5,2.43,0,0,0,0,9.67,Not Placed,0
6.16,2,ECE,0,0,3,4.13,1,3.59,370,17,0,0,23.41,Not Placed,0
5.39,1,Chemical,0,0,3,0.3,0,2.9,0,0,139,1271,9.81,Not Placed,0
5.83,3,IT,1,1,5,3.71,2,6.51,582,40,236,1448,51.23,Mass Recruiter,1
8.37,0,EEE,2,4,0,0.0,3,4.12,173,15,297,1549,47.76,Mass Recruiter,1
6.0,0,ECE,0,0,2,0.3,3,4.3,153,12,0,0,11.86,Not Placed,0
5.52,2,CS,0,0,3,0.3,1,3.78,541,21,0,0,23.15,Not Placed,0
6.39,4,CS,1,2,2,1.82,3,6.26,766,37,0,0,28.84,Not Placed,0
5.52,5,CS,0,0,2,1.26,0,4.06,59,8,188,1117,15.43,Not Placed,0
7.62,1,IT,0,0,4,2.75,4,6.78,517,29,424,1755,53.49,Mass Recruiter,1
6.02,0,CS,0,0,3,0.3,5,5.5,741,41,241,1742,34.55,Not Placed,0
6.16,3,IT,0,0,3,3.28,2,4.02,525,34,84,1306,25.9,Not Placed,0
5.71,4,CS,1,4,2,0.57,2,4.03,394,22,130,1467,30.13,Not Placed,0
7.38,0,Civil,0,0,1,3.89,2,2.19,0,0,0,0,19.58,Not Placed,0
5.55,2,CS,0,0,3,0.95,1,4.74,608,31,136,1500,31.47,Not Placed,0
8.13,0,CS,2,10,3,5.69,7,6.39,326,22,188,2206,66.16,Mid-tier,1
8.19,0,EEE,2,6,1,1.99,2,4.11,743,21,195,1378,46.93,Mass Recruiter,1
5.55,2,ECE,2,4,3,1.4,2,6.04,0,0,201,1362,33.32,Not Placed,0
5.5,1,Mechanical,0,0,1,1.64,1,1.82,64,7,71,1461,9.09,Not Placed,0
5.89,2,EEE,0,0,2,0.3,1,3.77,126,16,85,1302,17.81,Not Placed,0
8.61,1,CS,1,4,7,4.7,3,6.98,549,28,313,2089,63.47,Mid-tier,1
8.1,0,Civil,0,0,2,3.93,1,1.27,540,22,160,1642,25.98,Not Placed,0
5.76,4,EEE,0,0,3,1.06,1,2.43,573,23,58,1418,26.24,Not Placed,0
8.85,0,Mechanical,0,0,2,3.1,3,2.6,136,7,0,0,25.03,Not Placed,0
7.42,3,CS,1,1,6,4.68,1,6.49,724,26,219,1336,48.18,Mass Recruiter,1
7.36,1,CS,1,1,3,2.98,2,6.02,681,36,110,1757,41.9,Mass Recruiter,1
5.91,2,Civil,0,0,0,0.0,2,1.06,0,0,0,0,6.99,Not Placed,0
7.04,0,Biotech,0,0,0,0.0,0,1.0,57,1,0,0,6.01,Not Placed,0
7.11,0,CS,1,3,6,6.48,2,6.95,376,21,235,1840,54.68,Mass Recruiter,1
7.33,0,Chemical,0,0,5,3.87,1,2.97,0,0,0,0,16.94,Not Placed,0
7.64,3,ECE,2,4,3,4.37,3,4.59,657,19,0,0,42.92,Mass Recruiter,1
8.42,0,IT,0,0,6,5.07,5,5.83,615,31,56,1973,50.48,Mass Recruiter,1
6.67,3,ECE,0,0,1,0.3,2,3.82,29,10,71,1533,13.36,Not Placed,0
5.97,3,CS,0,0,2,2.0,3,4.78,151,4,33,1564,27.08,Not Placed,0
9.15,0,IT,2,6,4,4.94,6,6.01,0,0,360,1566,69.99,Mid-tier,1
6.5,0,IT,2,4,6,7.05,2,7.74,0,0,154,1654,43.62,Mass Recruiter,1
6.98,1,CS,0,0,5,4.36,4,5.66,630,29,0,0,33.84,Not Placed,0
5.39,1,Mechanical,0,0,1,0.56,0,1.84,37,6,0,0,10.28,Not Placed,0
6.45,2,CS,0,0,3,2.33,3,5.74,387,31,213,1559,32.6,Not Placed,0
7.85,0,CS,0,0,2,1.99,3,5.14,292,15,0,0,29.44,Not Placed,0
7.74,0,CS,0,0,3,2.25,3,4.42,0,0,566,1418,50.89,Mass Recruiter,1
6.75,0,CS,0,0,5,3.27,2,4.74,639,19,171,1411,43.68,Mass Recruiter,1
6.53,2,IT,1,3,3,3.45,3,5.67,688,35,0,0,35.37,Mass Recruiter,1
7.63,0,CS,0,0,2,2.29,2,4.84,186,16,163,1550,36.14,Mass Recruiter,1
6.08,0,IT,1,3,4,3.04,3,7.05,650,29,253,1575,47.05,Mass Recruiter,1
8.68,0,CS,1,8,3,4.46,2,6.17,599,30,561,1602,67.78,Mid-tier,1
6.5,2,ECE,0,0,2,0.3,3,4.34,295,7,0,0,7.74,Not Placed,0
5.66,2,Chemical,1,6,1,3.27,0,1.05,0,0,73,1088,20.93,Not Placed,0
6.46,0,CS,0,0,2,1.79,2,4.12,78,13,103,912,26.68,Not Placed,0
6.77,1,Mechanical,1,2,0,0.0,1,2.21,95,8,0,0,15.19,Not Placed,0
8.78,0,CS,0,0,0,0.0,5,4.67,70,6,331,1720,43.97,Mass Recruiter,1
8.85,0,EEE,0,0,0,0.0,4,2.75,61,4,0,0,19.38,Not Placed,0
6.19,0,Civil,2,6,2,3.21,3,3.3,452,41,35,1227,50.68,Mass Recruiter,1
6.37,1,IT,3,10,0,0.0,2,4.37,0,0,359,1802,55.32,Mid-tier,1
6.03,2,ECE,0,0,3,1.8,2,3.69,0,0,187,1523,21.03,Not Placed,0
8.3,0,CS,3,14,3,5.34,3,6.33,472,10,214,1192,67.77,Mid-tier,1
8.94,0,ECE,1,2,3,5.49,4,4.84,797,31,0,0,46.72,Mass Recruiter,1
7.03,0,IT,1,2,2,1.36,3,4.96,742,34,39,1502,54.8,Mass Recruiter,1
7.86,1,Mechanical,0,0,4,4.32,1,2.94,0,0,0,0,24.88,Not Placed,0
6.9,3,ECE,0,0,4,2.81,0,3.5,792,46,43,1430,20.96,Not Placed,0
5.5,4,Mechanical,0,0,2,0.43,2,3.21,141,10,0,0,12.18,Not Placed,0
7.55,2,Chemical,0,0,1,2.43,1,2.66,0,0,144,1318,14.54,Not Placed,0
8.42,0,IT,1,4,4,4.93,2,4.63,823,11,265,2007,61.76,Mid-tier,1
6.82,1,EEE,1,3,2,2.89,2,3.95,0,0,0,0,25.06,Not Placed,0
8.19,0,CS,0,0,2,2.14,4,2.84,303,14,476,1974,47.06,Mass Recruiter,1
7.64,0,Civil,2,6,3,4.4,2,3.38,0,0,123,1336,57.66,Mid-tier,1
5.95,1,EEE,0,0,0,0.0,0,3.64,10,3,0,0,5.65,Not Placed,0
8.61,0,Mechanical,0,0,1,2.82,2,2.5,111,17,0,0,17.76,Not Placed,0
6.61,0,IT,0,0,4,2.63,1,4.56,638,33,0,0,27.0,Not Placed,0
7.47,0,ECE,3,18,4,5.39,1,5.5,446,39,0,0,61.06,Mid-tier,1
7.29,0,CS,0,0,3,2.5,1,4.5,831,39,642,1797,58.29,Mid-tier,1
8.89,0,ECE,0,0,4,6.24,4,5.26,461,28,0,0,37.47,Mass Recruiter,1
8.26,1,Chemical,0,0,1,3.74,0,1.65,0,0,0,0,12.22,Not Placed,0
8.45,0,Mechanical,0,0,1,3.41,2,1.56,114,18,237,1547,28.6,Not Placed,0
6.59,3,ECE,0,0,4,3.63,3,3.93,741,22,0,0,4.86,Not Placed,0
5.94,0,EEE,0,0,2,2.61,2,4.06,0,0,112,1437,25.46,Not Placed,0
6.52,0,CS,0,0,2,0.86,1,4.96,98,13,244,1536,28.19,Not Placed,0
6.49,2,EEE,1,3,4,0.6,2,5.56,540,44,0,0,29.96,Not Placed,0
7.83,2,EEE,0,0,5,4.28,3,3.33,0,0,292,1808,34.97,Not Placed,0
9.1,1,CS,1,2,4,4.34,2,5.35,599,22,553,1706,63.61,Mid-tier,1
6.18,0,IT,0,0,2,2.25,3,6.19,0,0,23,1423,19.22,Not Placed,0
7.65,0,IT,0,0,6,5.36,5,6.59,571,32,159,1495,54.71,Mass Recruiter,1
8.38,0,IT,1,6,4,4.68,3,6.03,357,34,269,1695,62.36,Mid-tier,1
6.73,2,Mechanical,3,10,3,5.18,1,4.01,305,17,0,0,43.99,Mass Recruiter,1
7.02,0,EEE,0,0,1,3.68,3,3.77,0,0,0,0,20.42,Not Placed,0
5.63,3,CS,3,12,5,3.11,0,7.85,0,0,292,1623,67.21,Mid-tier,1
7.44,0,Civil,1,3,0,0.0,2,2.68,0,0,83,1283,27.96,Not Placed,0
7.62,1,ECE,0,0,3,4.46,3,5.81,0,0,0,0,25.51,Not Placed,0
9.2,0,IT,0,0,3,7.25,3,1.94,537,33,498,1835,66.81,Mid-tier,1
6.81,3,IT,1,1,3,4.36,3,5.17,0,0,308,1250,41.75,Mass Recruiter,1
6.21,2,EEE,1,3,4,1.13,1,3.82,290,24,0,0,32.19,Not Placed,0
7.53,0,ECE,0,0,4,3.16,4,3.98,0,34,225,1722,33.42,Not Placed,0
7.52,3,IT,1,2,4,5.31,3,5.83,663,21,197,1479,37.28,Mass Recruiter,1
6.8,1,Mechanical,0,0,1,4.11,1,2.42,0,0,101,1369,16.67,Not Placed,0
7.23,1,CS,0,0,2,2.13,2,5.6,0,0,345,1443,32.95,Not Placed,0
8.46,0,CS,4,10,5,7.06,2,7.39,590,32,0,0,70.21,Mid-tier,1
5.95,1,ECE,0,0,2,2.97,1,2.7,170,18,81,1533,21.83,Not Placed,0
6.46,1,IT,1,4,3,3.17,3,5.16,569,23,0,0,31.78,Not Placed,0
5.87,1,Civil,0,0,1,1.11,1,1.03,0,0,0,0,-2.63,Not Placed,0
6.95,2,Mechanical,0,0,1,1.64,0,2.85,41,3,0,0,17.86,Not Placed,0
7.54,2,IT,0,0,5,3.35,3,6.0,649,33,199,1802,44.28,Mass Recruiter,1
6.22,3,CS,1,4,2,3.65,3,5.47,516,13,0,0,37.08,Mass Recruiter,1
7.67,1,Biotech,0,0,1,4.52,3,1.78,0,0,0,0,10.85,Not Placed,0
7.05,2,IT,0,0,5,2.61,3,7.64,451,25,0,0,30.14,Not Placed,0
7.55,0,Mechanical,0,0,2,2.84,2,4.19,355,42,138,1119,33.74,Not Placed,0
6.78,0,CS,3,12,3,6.45,3,6.73,0,0,233,1376,67.72,Mid-tier,1
6.47,4,CS,4,12,3,4.4,2,5.42,508,15,220,1448,66.37,Mid-tier,1
6.52,4,IT,0,0,4,0.98,0,3.98,744,20,0,0,6.68,Not Placed,0
6.85,2,Mechanical,0,0,2,2.59,3,2.16,639,31,198,1441,23.16,Not Placed,0
5.72,6,IT,0,0,2,2.07,2,5.85,172,16,148,1441,16.81,Not Placed,0
7.95,2,CS,1,2,6,4.54,4,6.94,463,22,176,1613,56.46,Mid-tier,1
6.52,2,Mechanical,2,8,1,4.45,1,3.05,0,0,0,0,24.29,Not Placed,0
8.7,0,ECE,1,4,3,6.26,1,4.63,98,22,170,1676,44.11,Mass Recruiter,1
6.5,0,IT,0,0,3,1.01,1,3.43,557,29,0,1414,21.62,Not Placed,0
6.65,1,Civil,4,8,3,3.97,0,3.07,0,0,0,0,31.16,Not Placed,0
7.97,1,Mechanical,0,0,2,4.92,3,1.82,327,6,0,0,27.34,Not Placed,0
8.07,0,CS,2,6,3,4.07,3,6.79,748,34,227,1538,70.15,Mid-tier,1
6.11,3,EEE,1,4,0,0.0,0,3.33,0,0,0,0,2.65,Not Placed,0
7.65,1,CS,0,0,3,2.08,4,5.74,493,33,217,1553,47.84,Mass Recruiter,1
7.65,0,Mechanical,2,4,3,4.95,1,4.6,0,0,0,0,41.34,Mass Recruiter,1
8.91,0,EEE,0,0,0,0.0,4,3.07,24,11,111,1010,24.3,Not Placed,0
8.06,0,CS,1,1,2,1.42,2,4.65,637,43,325,1798,57.75,Mid-tier,1
7.82,0,ECE,2,4,0,0.0,3,4.71,508,23,191,1688,40.6,Mass Recruiter,1
6.5,1,EEE,0,0,1,0.3,3,4.63,0,0,183,1799,9.41,Not Placed,0
9.13,0,Civil,0,0,1,3.46,1,2.62,0,0,0,0,18.81,Not Placed,0
7.63,0,CS,0,0,2,2.39,3,5.03,378,41,585,1910,54.92,Mass Recruiter,1
7.76,0,ECE,3,10,4,7.42,3,6.66,643,32,114,1641,70.15,Mid-tier,1
7.59,1,ECE,0,0,0,0.0,4,3.29,0,0,67,1421,8.95,Not Placed,0
6.49,0,IT,1,3,1,2.96,0,3.96,0,0,0,0,27.5,Not Placed,0
5.51,5,CS,2,3,2,1.99,3,6.02,586,25,6,1502,23.08,Not Placed,0
7.26,0,IT,2,8,2,3.7,3,5.8,557,33,277,1619,66.25,Mid-tier,1
6.12,0,EEE,0,0,1,1.63,1,2.37,0,0,120,1021,19.35,Not Placed,0
8.73,0,Mechanical,1,3,0,0.0,4,3.77,0,0,138,1400,33.88,Not Placed,0
6.98,2,ECE,2,6,1,2.57,3,4.35,717,32,0,0,25.6,Not Placed,0
7.54,1,EEE,0,0,1,3.07,2,4.53,110,16,118,1284,27.06,Not Placed,0
7.12,1,CS,1,3,6,4.98,4,5.76,0,0,79,1534,46.45,Mass Recruiter,1
6.17,2,CS,1,4,3,4.18,5,7.21,340,4,0,0,30.32,Not Placed,0
6.85,2,EEE,1,4,2,2.67,1,3.8,646,36,0,0,32.19,Not Placed,0
6.32,1,CS,2,6,3,3.42,3,4.79,680,29,105,1488,38.62,Mass Recruiter,1
5.91,0,IT,0,0,2,3.87,0,3.05,180,20,192,1678,40.83,Mass Recruiter,1
7.13,1,CS,2,3,1,3.64,1,4.85,634,33,291,1466,52.14,Mass Recruiter,1
7.18,1,EEE,0,0,4,4.4,3,4.53,0,0,87,1457,34.01,Not Placed,0
7.81,2,Civil,1,3,4,4.92,2,3.42,0,0,82,1395,33.17,Not Placed,0
8.41,0,Chemical,2,4,1,3.9,0,3.24,0,0,108,1315,35.15,Mass Recruiter,1
6.4,2,IT,1,3,5,2.9,2,4.72,555,32,147,1334,42.64,Mass Recruiter,1
7.7,2,CS,3,12,6,6.11,5,7.99,515,40,598,1704,87.49,FAANG,1
6.59,0,Civil,0,0,5,3.27,3,3.21,429,27,0,0,36.4,Mass Recruiter,1
6.62,0,CS,0,0,3,2.84,2,5.52,497,26,190,1648,22.68,Not Placed,0
6.4,0,Chemical,1,3,3,1.6,0,2.33,549,17,17,1191,31.31,Not Placed,0
5.66,2,ECE,2,4,4,2.5,1,4.67,369,22,0,0,41.62,Mass Recruiter,1
6.65,1,ECE,1,6,4,3.91,0,4.55,342,27,0,0,34.47,Not Placed,0
8.13,0,Civil,1,4,1,3.75,2,3.44,158,16,0,0,36.41,Mass Recruiter,1
8.42,0,EEE,0,0,4,4.68,1,3.42,399,42,0,0,34.35,Not Placed,0
8.64,0,Biotech,1,3,2,3.36,1,1.98,307,18,104,1445,38.51,Mass Recruiter,1
7.63,0,CS,1,3,3,4.63,6,5.4,0,0,318,1175,46.87,Mass Recruiter,1
7.46,1,EEE,0,0,1,1.47,1,3.79,0,0,193,1570,30.9,Not Placed,0
6.7,2,CS,2,4,3,3.01,2,6.02,169,29,193,1838,53.73,Mass Recruiter,1
9.1,0,CS,1,3,2,4.53,1,5.01,421,41,396,2349,61.76,Mid-tier,1
6.34,0,ECE,1,3,2,2.14,2,4.66,0,0,272,1614,33.26,Not Placed,0
6.2,3,CS,0,0,3,2.3,1,5.14,0,0,0,0,14.57,Not Placed,0
6.41,0,ECE,2,3,4,3.3,1,5.65,792,16,0,0,35.06,Mass Recruiter,1
6.47,1,EEE,0,0,2,2.85,1,2.94,0,0,134,1310,17.68,Not Placed,0
6.1,1,ECE,0,0,4,2.22,3,3.41,300,12,168,1505,24.34,Not Placed,0
6.47,0,CS,0,0,4,3.31,3,5.39,554,21,0,0,32.78,Not Placed,0
7.2,0,CS,1,4,3,3.58,3,5.08,455,20,52,1343,52.88,Mass Recruiter,1
6.42,2,CS,0,0,4,3.51,5,5.38,849,28,354,1414,45.58,Mass Recruiter,1
8.54,0,EEE,2,6,4,6.75,1,4.38,0,0,286,1974,53.82,Mass Recruiter,1
6.32,0,CS,1,4,5,3.42,2,7.19,0,0,317,1573,47.28,Mass Recruiter,1
6.31,0,IT,0,0,4,0.7,2,3.99,471,29,289,1927,38.71,Mass Recruiter,1
5.38,0,IT,1,3,4,3.96,1,6.23,351,41,173,1359,40.89,Mass Recruiter,1
6.89,1,IT,0,0,1,2.71,5,6.02,245,12,249,1837,30.23,Not Placed,0
5.7,3,ECE,0,0,2,1.91,2,2.87,253,16,0,0,15.69,Not Placed,0
8.98,0,Biotech,0,0,2,4.65,0,2.1,933,45,0,0,26.21,Not Placed,0
7.12,0,Chemical,1,4,2,2.97,1,3.35,453,35,15,1251,38.61,Mass Recruiter,1
6.69,0,CS,1,1,2,4.48,3,5.04,385,20,128,1774,41.55,Mass Recruiter,1
7.04,0,CS,2,4,6,4.04,3,6.68,588,33,0,0,53.36,Mass Recruiter,1
7.63,0,CS,0,0,5,1.18,4,6.16,819,19,242,1709,59.35,Mid-tier,1
7.43,0,Civil,1,3,0,0.0,1,2.59,0,0,0,0,15.94,Not Placed,0
5.85,3,ECE,0,0,4,3.6,1,4.72,0,0,0,0,16.07,Not Placed,0
6.29,3,EEE,0,0,4,1.59,1,4.09,565,35,0,0,13.67,Not Placed,0
5.47,3,CS,1,4,2,2.31,2,3.79,532,35,340,1573,35.64,Mass Recruiter,1
5.39,2,IT,0,0,3,3.41,5,4.28,595,36,270,1261,32.4,Not Placed,0
5.73,1,IT,1,4,2,1.51,1,4.69,676,14,105,1605,42.07,Mass Recruiter,1
9.44,0,Chemical,1,3,2,5.35,3,3.22,546,30,0,0,39.99,Mass Recruiter,1
6.38,2,CS,0,0,4,2.53,1,4.42,160,24,194,1918,37.3,Mass Recruiter,1
6.44,1,ECE,0,0,3,2.21,3,3.62,746,49,0,0,29.03,Not Placed,0
6.12,3,Civil,2,3,4,4.68,1,3.8,537,30,34,1048,38.48,Mass Recruiter,1
8.28,0,ECE,2,4,0,0.0,1,4.32,126,39,202,1944,53.63,Mass Recruiter,1
8.95,0,CS,0,0,6,6.82,3,6.33,739,45,195,1606,51.82,Mass Recruiter,1
6.03,2,ECE,2,6,5,4.51,2,5.36,816,24,91,1612,48.67,Mass Recruiter,1
6.42,2,ECE,3,14,4,5.02,4,4.96,626,17,237,1558,61.14,Mid-tier,1
6.92,2,Mechanical,0,0,0,0.0,1,1.0,0,0,0,0,7.27,Not Placed,0
5.98,4,Mechanical,0,0,0,0.0,2,1.78,0,0,0,1398,2.8,Not Placed,0
7.65,0,IT,0,0,1,3.72,3,2.91,64,17,289,1630,37.94,Mass Recruiter,1
6.71,0,CS,1,6,3,1.74,5,6.19,0,0,267,2018,48.48,Mass Recruiter,1
6.19,2,IT,1,4,2,1.51,4,4.31,849,24,0,0,36.63,Mass Recruiter,1
7.0,1,CS,1,4,2,1.7,1,4.48,413,18,171,1278,28.91,Not Placed,0
6.46,0,CS,0,0,4,2.76,1,5.73,261,36,251,1211,44.48,Mass Recruiter,1
5.0,3,Civil,0,0,2,0.3,0,1.43,0,0,0,0,3.17,Not Placed,0
7.52,1,CS,1,4,4,5.9,2,6.29,840,26,433,1863,61.15,Mid-tier,1
7.54,0,IT,0,0,6,4.95,1,6.21,513,36,106,1679,38.66,Mass Recruiter,1
7.67,0,IT,0,0,3,4.99,3,4.51,557,9,0,0,32.47,Not Placed,0
5.68,1,CS,1,4,4,4.18,4,6.5,287,30,184,1436,38.17,Mass Recruiter,1
8.45,1,IT,0,0,2,3.54,2,3.73,675,22,0,0,33.11,Not Placed,0
7.78,0,IT,3,12,2,3.56,2,4.47,752,32,348,1675,67.83,Mid-tier,1
7.94,2,EEE,3,10,1,3.16,1,3.95,577,19,0,1487,50.39,Mass Recruiter,1
7.96,0,CS,0,0,3,3.33,4,5.09,0,18,489,1776,46.35,Mass Recruiter,1
7.08,0,Mechanical,0,0,3,4.33,2,4.49,0,0,130,1545,29.05,Not Placed,0
9.07,0,CS,1,3,2,5.21,3,6.14,402,7,443,1487,49.01,Mass Recruiter,1
7.31,1,Chemical,0,0,0,0.0,3,1.64,13,2,71,1341,11.54,Not Placed,0
7.14,1,IT,2,8,4,2.69,3,5.15,566,29,0,0,33.58,Not Placed,0
8.49,0,IT,1,4,3,4.78,4,6.27,288,34,205,1507,52.01,Mass Recruiter,1
7.11,0,ECE,0,0,0,0.0,3,3.47,0,0,0,0,13.16,Not Placed,0
7.22,0,CS,1,4,1,2.45,2,3.68,671,21,395,1634,43.39,Mass Recruiter,1
7.16,1,EEE,2,4,3,3.13,4,5.89,239,19,94,1309,44.32,Mass Recruiter,1
5.95,0,Chemical,0,0,0,0.0,0,1.0,0,0,0,0,3.68,Not Placed,0
8.13,0,Mechanical,0,0,1,2.8,1,2.34,89,6,114,1389,20.95,Not Placed,0
8.2,0,CS,0,0,7,4.69,3,5.85,445,26,346,2061,53.04,Mass Recruiter,1
5.81,2,IT,0,0,4,2.25,2,5.23,371,23,157,1308,41.5,Mass Recruiter,1
7.82,0,Mechanical,3,14,2,5.83,0,3.44,0,0,184,1380,53.23,Mass Recruiter,1
7.04,0,CS,1,2,4,2.07,3,5.11,224,28,208,1484,45.79,Mass Recruiter,1
6.73,1,Mechanical,0,0,4,4.8,2,4.21,0,0,125,1539,31.1,Not Placed,0
6.28,2,EEE,0,0,0,0.0,2,3.69,30,1,79,1306,12.03,Not Placed,0
6.58,0,IT,0,0,4,4.48,2,5.06,461,12,274,1740,38.96,Mass Recruiter,1
5.47,2,ECE,0,0,2,1.2,4,4.82,308,27,0,0,11.25,Not Placed,0
8.98,0,Biotech,0,0,0,0.0,1,1.0,115,8,107,1449,19.71,Not Placed,0
7.57,2,ECE,2,10,4,5.48,3,4.96,509,15,57,1337,54.01,Mass Recruiter,1
7.09,0,ECE,0,0,1,2.19,2,3.06,0,0,96,1385,26.03,Not Placed,0
5.97,1,CS,0,0,3,1.47,3,5.68,477,32,286,1694,45.41,Mass Recruiter,1
8.29,0,IT,1,8,6,3.87,4,7.12,89,9,0,0,39.21,Mass Recruiter,1
7.21,1,CS,1,3,2,3.02,3,4.5,794,22,396,1642,46.55,Mass Recruiter,1
6.95,0,CS,1,6,4,2.36,5,5.92,789,24,0,0,43.57,Mass Recruiter,1
7.92,3,Mechanical,0,0,4,4.75,2,3.17,0,0,0,0,22.75,Not Placed,0
6.46,0,CS,2,4,4,2.47,0,4.91,441,37,154,1387,52.83,Mass Recruiter,1
8.31,0,IT,2,4,3,4.23,5,4.49,712,26,247,1583,54.69,Mass Recruiter,1
7.9,1,IT,3,8,6,7.16,6,8.13,492,32,0,0,63.46,Mid-tier,1
6.34,2,Chemical,4,6,0,0.0,1,2.87,730,37,0,0,28.97,Not Placed,0
6.85,1,IT,1,3,3,3.38,3,5.67,0,0,126,1508,42.63,Mass Recruiter,1
7.82,3,Chemical,0,0,0,0.0,0,1.83,9,3,0,0,9.15,Not Placed,0
8.35,0,IT,2,4,7,6.78,2,6.81,635,35,221,2156,70.55,Mid-tier,1
6.65,0,IT,1,1,6,2.79,1,6.81,486,19,80,1535,43.86,Mass Recruiter,1
7.59,2,Biotech,1,4,0,0.0,2,1.0,117,19,7,1241,10.84,Not Placed,0
6.18,3,EEE,0,0,1,2.61,5,2.98,0,0,92,1268,12.79,Not Placed,0
8.45,0,CS,1,2,4,4.35,6,6.6,516,34,195,2028,57.41,Mid-tier,1
6.0,0,CS,0,0,6,2.82,8,7.65,380,24,152,1566,44.24,Mass Recruiter,1
9.34,0,IT,1,3,4,5.55,1,5.3,497,30,0,0,50.58,Mass Recruiter,1
7.15,1,Mechanical,2,3,1,2.9,6,4.79,127,32,0,0,30.94,Not Placed,0
6.87,0,Biotech,2,4,3,3.42,0,2.88,0,0,0,0,24.24,Not Placed,0
5.92,2,ECE,2,6,2,0.57,0,4.1,0,0,0,0,22.86,Not Placed,0
6.26,2,EEE,1,3,4,3.13,5,4.35,0,0,0,0,19.93,Not Placed,0
6.16,1,EEE,0,0,2,2.1,4,3.84,0,0,0,0,10.64,Not Placed,0
7.63,1,CS,1,3,4,3.36,1,4.89,588,25,478,1899,62.72,Mid-tier,1
8.65,0,ECE,0,0,2,3.85,1,3.89,425,20,337,1633,44.58,Mass Recruiter,1
9.12,0,CS,0,0,4,4.55,3,5.91,669,46,432,2114,68.42,Mid-tier,1
6.43,2,CS,2,8,1,2.62,2,5.36,526,14,161,1691,52.45,Mass Recruiter,1
6.47,4,IT,1,4,2,3.07,2,5.15,284,38,0,0,28.68,Not Placed,0
7.03,0,CS,3,14,4,6.17,1,6.18,331,35,203,1694,64.09,Mid-tier,1
5.55,3,Mechanical,1,8,1,1.88,0,2.72,397,31,0,0,25.05,Not Placed,0
5.91,3,IT,1,3,2,1.3,2,5.42,693,32,119,1685,41.54,Mass Recruiter,1
7.48,0,CS,1,4,6,4.06,2,6.98,522,32,166,1652,51.58,Mass Recruiter,1
7.58,0,Chemical,0,0,2,2.26,5,3.33,189,35,57,1541,26.17,Not Placed,0
8.41,0,IT,0,0,0,0.0,3,4.0,22,2,199,1711,25.77,Not Placed,0
7.22,0,Civil,0,0,3,3.14,1,2.75,0,0,0,0,18.63,Not Placed,0
6.98,0,EEE,0,0,2,1.24,0,2.85,0,0,172,1804,28.65,Not Placed,0
6.27,1,EEE,0,0,1,1.32,4,2.29,0,0,140,1214,20.52,Not Placed,0
7.72,0,Mechanical,0,0,1,1.87,1,2.72,0,0,127,1423,22.05,Not Placed,0
6.8,2,Mechanical,1,3,3,2.25,1,2.32,254,33,0,0,31.91,Not Placed,0
8.11,0,ECE,0,0,4,3.88,4,5.0,671,31,165,1148,43.6,Mass Recruiter,1
6.22,0,EEE,0,0,1,1.91,1,3.88,52,6,0,0,14.77,Not Placed,0
8.56,2,ECE,0,0,1,3.55,8,5.85,87,6,232,1599,34.04,Not Placed,0
6.31,1,IT,0,0,5,2.24,6,6.78,383,23,167,1746,53.48,Mass Recruiter,1
7.58,0,Mechanical,1,2,2,3.56,1,3.02,0,0,113,1319,45.07,Mass Recruiter,1
7.23,0,EEE,1,6,1,3.24,1,3.76,232,14,133,1249,40.16,Mass Recruiter,1
8.21,0,Chemical,2,8,3,5.16,6,4.97,497,26,0,0,49.22,Mass Recruiter,1
7.23,0,ECE,0,0,3,3.06,3,3.49,0,0,0,0,18.2,Not Placed,0
6.0,0,EEE,2,4,1,2.18,1,3.76,725,43,0,0,39.7,Mass Recruiter,1
7.57,0,CS,1,4,4,5.88,3,5.18,499,24,266,1584,56.66,Mid-tier,1
5.94,3,CS,0,0,3,0.3,2,4.85,485,23,127,1453,17.41,Not Placed,0
6.01,3,IT,0,0,3,1.37,5,4.38,145,35,0,0,25.08,Not Placed,0
7.77,2,CS,0,0,1,3.08,4,5.36,244,16,357,1818,37.08,Mass Recruiter,1
8.29,0,CS,2,4,2,6.06,5,6.04,544,21,209,2097,64.01,Mid-tier,1
5.52,2,CS,0,0,3,2.7,2,5.26,487,29,0,0,21.64,Not Placed,0
8.63,0,CS,0,0,6,5.45,1,5.67,0,0,527,1847,52.12,Mass Recruiter,1
5.86,1,ECE,1,1,7,2.98,2,6.13,0,0,72,1218,46.72,Mass Recruiter,1
6.78,0,CS,1,3,5,4.55,4,6.72,640,16,196,1663,49.65,Mass Recruiter,1
5.97,2,IT,1,2,3,2.1,6,5.28,695,30,0,0,35.0,Mass Recruiter,1
6.95,1,IT,4,8,5,5.97,3,5.65,590,26,0,0,53.46,Mass Recruiter,1
6.78,0,ECE,0,0,6,3.14,3,6.76,0,0,0,0,15.74,Not Placed,0
7.11,0,Mechanical,0,0,1,1.62,1,2.77,0,0,0,0,6.69,Not Placed,0
6.09,4,CS,1,3,4,3.79,5,5.99,655,12,288,1830,40.32,Mass Recruiter,1
5.93,1,Biotech,0,0,1,0.68,3,1.85,160,8,0,1100,17.06,Not Placed,0
8.05,0,ECE,0,0,3,3.7,4,4.74,0,0,0,1689,23.76,Not Placed,0
7.37,0,ECE,0,0,3,4.22,1,3.36,459,10,51,1426,33.83,Not Placed,0
7.97,0,ECE,2,10,1,6.03,1,4.46,515,27,194,1591,53.94,Mass Recruiter,1
7.03,0,ECE,0,0,3,3.12,1,4.05,650,36,158,1602,37.17,Mass Recruiter,1
5.74,2,IT,0,0,3,1.7,4,5.07,299,29,0,0,25.52,Not Placed,0
6.04,2,CS,0,0,4,1.57,3,5.58,0,0,298,1629,25.43,Not Placed,0
8.21,0,CS,0,0,5,5.3,3,7.02,526,49,459,1879,55.66,Mid-tier,1
6.68,1,CS,0,0,3,1.58,3,6.18,641,39,194,1269,37.35,Mass Recruiter,1
7.89,0,CS,0,0,3,4.15,2,5.8,413,33,228,1632,43.14,Mass Recruiter,1
6.73,0,CS,2,3,4,2.97,1,5.77,0,0,194,1362,49.16,Mass Recruiter,1
5.97,1,CS,1,2,3,3.51,2,4.63,320,33,143,1580,34.81,Not Placed,0
7.58,0,CS,1,8,1,1.55,7,6.04,0,0,164,1352,49.1,Mass Recruiter,1
8.48,0,IT,1,2,3,7.22,1,5.38,513,26,0,0,38.37,Mass Recruiter,1
6.87,1,CS,0,0,3,3.67,5,4.67,357,20,132,1551,35.13,Mass Recruiter,1
6.4,0,EEE,0,0,1,0.79,2,3.9,107,8,81,1504,26.74,Not Placed,0
6.43,0,CS,0,0,4,3.0,4,5.6,466,21,106,1495,31.84,Not Placed,0
7.71,1,Chemical,0,0,0,0.0,3,2.03,48,6,0,0,9.7,Not Placed,0
8.58,2,CS,1,3,2,2.68,1,3.98,288,20,0,0,37.37,Mass Recruiter,1
7.15,0,ECE,1,6,2,3.36,3,4.27,0,0,225,1345,39.47,Mass Recruiter,1
5.96,0,IT,0,0,3,0.3,5,4.77,512,30,320,1919,35.11,Mass Recruiter,1
6.64,0,EEE,1,2,1,2.82,2,3.99,0,0,145,1460,24.68,Not Placed,0
5.65,2,CS,0,0,6,1.9,2,6.27,430,26,202,1589,29.83,Not Placed,0
6.93,0,ECE,0,0,0,0.0,0,3.64,0,3,327,1231,18.81,Not Placed,0
5.16,3,CS,0,0,3,1.12,5,6.06,700,21,74,1504,22.63,Not Placed,0
5.55,1,Chemical,0,0,2,1.59,2,2.2,0,0,0,0,10.94,Not Placed,0
6.93,1,EEE,1,2,3,3.64,3,5.07,521,31,70,1109,39.98,Mass Recruiter,1
6.41,2,CS,1,6,4,2.68,3,5.06,398,18,151,1724,44.81,Mass Recruiter,1
8.85,0,Chemical,3,6,2,3.81,4,3.18,0,0,0,0,42.2,Mass Recruiter,1
8.08,0,CS,3,10,3,6.78,5,8.22,691,20,342,1846,81.03,FAANG,1
6.56,1,CS,0,0,1,3.12,3,3.73,18,5,252,1830,23.7,Not Placed,0
8.05,1,Mechanical,2,3,1,5.66,2,3.21,0,0,0,0,35.23,Mass Recruiter,1
8.34,0,IT,1,1,2,3.98,3,4.14,325,29,295,1369,39.34,Mass Recruiter,1
8.1,0,Civil,2,6,4,3.65,1,4.07,472,45,68,1153,58.67,Mid-tier,1
7.07,0,Civil,0,0,1,2.64,1,2.79,34,8,0,0,15.45,Not Placed,0
7.42,0,Biotech,0,0,1,2.59,1,2.36,0,0,0,0,20.81,Not Placed,0
6.78,1,EEE,1,2,1,0.57,3,3.55,0,0,246,1747,32.52,Not Placed,0
6.18,1,IT,0,0,4,0.3,3,4.8,759,35,346,1409,46.75,Mass Recruiter,1
9.03,0,CS,1,8,2,4.83,1,5.78,225,18,408,1918,56.81,Mid-tier,1
8.38,0,ECE,1,3,3,5.71,5,5.08,0,0,0,0,39.9,Mass Recruiter,1
6.37,3,IT,2,4,2,1.45,1,4.45,418,30,102,1525,38.1,Mass Recruiter,1
7.2,0,Civil,1,6,3,3.77,2,4.0,560,17,7,1097,47.97,Mass Recruiter,1
7.81,1,CS,0,0,1,2.88,2,4.12,81,8,547,1742,37.32,Mass Recruiter,1
6.27,1,Chemical,0,0,1,0.81,1,3.02,0,0,0,0,5.41,Not Placed,0
6.27,0,IT,1,3,2,4.29,3,6.02,0,0,66,1271,31.03,Not Placed,0
8.62,0,Biotech,0,0,1,5.11,0,2.33,0,0,135,1589,24.76,Not Placed,0
7.15,2,CS,3,10,3,3.34,4,5.96,0,0,320,1678,61.21,Mid-tier,1
6.1,0,IT,0,0,4,1.64,4,5.5,498,24,0,0,24.69,Not Placed,0
7.75,0,IT,0,0,2,3.44,4,4.04,462,15,460,1836,51.58,Mass Recruiter,1
6.8,0,Mechanical,0,0,2,1.5,3,2.44,0,0,0,1215,8.74,Not Placed,0
7.67,0,EEE,2,3,3,4.6,2,4.16,776,23,0,0,45.33,Mass Recruiter,1
7.48,1,Mechanical,0,0,2,2.74,3,3.41,0,0,97,1769,26.18,Not Placed,0
6.57,0,CS,1,4,0,0.0,1,4.63,30,1,0,0,20.04,Not Placed,0
6.97,3,ECE,1,3,3,3.06,5,6.43,554,31,0,0,32.14,Not Placed,0
5.94,1,CS,1,6,4,3.44,1,7.03,507,37,220,1550,56.33,Mid-tier,1
7.29,2,Mechanical,0,0,4,3.64,2,4.11,887,27,0,0,30.82,Not Placed,0
5.54,2,ECE,2,6,4,3.62,4,6.04,638,16,258,1874,59.52,Mid-tier,1
8.82,0,ECE,1,6,3,4.07,3,4.01,218,33,0,0,55.32,Mid-tier,1
6.86,1,CS,1,8,7,5.22,4,6.76,509,48,198,1397,61.16,Mid-tier,1
6.64,4,CS,2,6,3,4.98,1,5.22,572,20,78,1472,46.13,Mass Recruiter,1
5.93,2,IT,1,4,3,0.9,0,3.77,315,23,104,1360,34.64,Not Placed,0
6.87,2,Civil,0,0,2,3.46,1,2.84,0,0,0,0,18.93,Not Placed,0
6.64,1,CS,0,0,3,3.37,1,4.54,889,7,242,1782,47.89,Mass Recruiter,1
7.5,0,ECE,1,6,3,3.11,6,4.7,732,18,0,0,37.56,Mass Recruiter,1
6.49,0,CS,1,3,5,3.04,1,6.48,816,41,240,1903,56.86,Mid-tier,1
7.18,1,Civil,0,0,3,2.45,1,2.59,0,0,0,0,15.62,Not Placed,0
6.08,2,Mechanical,1,3,4,4.07,1,3.31,0,0,0,0,20.78,Not Placed,0
7.56,1,Mechanical,3,10,2,3.74,1,2.66,458,11,90,1429,54.04,Mass Recruiter,1
6.15,1,CS,1,6,3,2.89,3,5.9,477,14,0,0,27.56,Not Placed,0
8.41,0,Mechanical,1,2,5,4.45,2,4.02,0,0,0,0,31.34,Not Placed,0
6.54,1,Mechanical,0,0,0,0.0,2,1.34,0,0,0,0,6.37,Not Placed,0
8.98,0,CS,2,10,2,5.79,9,6.94,543,29,372,1959,76.95,FAANG,1
6.21,0,EEE,0,0,2,2.16,5,5.02,127,8,0,0,23.76,Not Placed,0
5.94,6,ECE,3,12,2,2.63,1,4.0,475,21,0,0,31.13,Not Placed,0
5.67,3,CS,2,4,3,0.9,0,6.06,440,24,93,1347,37.48,Mass Recruiter,1
6.01,1,CS,2,6,2,2.68,2,5.79,641,39,0,0,44.47,Mass Recruiter,1
5.66,3,CS,2,6,3,2.36,1,5.25,0,0,199,1461,32.07,Not Placed,0
6.91,4,IT,0,0,4,3.08,2,6.08,668,25,247,1503,31.98,Not Placed,0
9.01,0,Mechanical,0,0,2,4.77,8,3.8,365,28,0,0,38.38,Mass Recruiter,1
6.79,1,CS,1,1,3,4.42,5,7.22,679,43,215,1703,61.89,Mid-tier,1
8.98,2,Mechanical,0,0,3,4.97,2,2.88,236,28,103,1471,35.52,Mass Recruiter,1
7.65,0,IT,0,0,4,3.36,4,5.16,426,21,0,0,24.81,Not Placed,0
7.35,0,IT,2,4,6,4.2,3,5.36,417,15,213,1665,57.99,Mid-tier,1
7.81,2,Mechanical,1,4,2,4.14,4,3.75,0,0,45,1454,36.24,Mass Recruiter,1
5.8,3,ECE,0,0,3,2.78,4,5.79,941,17,0,0,16.97,Not Placed,0
7.89,0,IT,0,0,4,2.25,1,4.54,0,0,0,0,26.61,Not Placed,0
6.2,3,ECE,0,0,2,1.05,2,5.08,0,0,90,1494,13.04,Not Placed,0
6.17,3,CS,2,8,5,4.33,1,5.91,302,33,80,1369,53.13,Mass Recruiter,1
7.63,0,IT,1,2,4,5.51,3,4.74,677,35,230,1311,54.12,Mass Recruiter,1
7.46,0,Civil,1,8,3,3.23,1,2.88,0,0,121,1374,45.95,Mass Recruiter,1
8.34,0,CS,4,10,4,7.14,3,7.15,816,21,181,1615,74.76,FAANG,1
6.41,1,ECE,0,0,5,3.83,3,4.75,0,0,275,1318,42.81,Mass Recruiter,1
6.38,2,CS,1,3,4,2.13,1,4.63,265,24,319,1613,39.68,Mass Recruiter,1
6.16,0,IT,1,4,5,3.21,3,6.97,537,18,0,0,41.66,Mass Recruiter,1
7.35,1,CS,2,8,5,5.73,3,5.54,0,0,289,1594,67.11,Mid-tier,1
5.87,2,IT,0,0,3,0.32,2,4.92,439,43,94,1209,28.36,Not Placed,0
7.71,0,Mechanical,3,8,3,5.93,6,4.96,777,33,0,0,68.65,Mid-tier,1
6.79,0,CS,0,0,3,3.7,1,5.12,389,35,244,1722,32.72,Not Placed,0
9.01,0,EEE,1,2,1,4.94,1,2.43,595,16,66,1541,43.02,Mass Recruiter,1
6.08,0,CS,0,0,5,4.84,4,5.65,335,27,195,1561,41.04,Mass Recruiter,1
5.54,3,Mechanical,1,2,1,2.14,3,3.33,0,0,0,0,10.1,Not Placed,0
6.82,1,IT,1,4,2,4.77,1,4.6,465,35,216,1783,52.09,Mass Recruiter,1
8.07,0,CS,2,4,1,3.31,3,6.77,373,41,316,1867,64.06,Mid-tier,1
6.89,4,IT,3,10,3,4.83,5,6.82,680,17,0,0,53.51,Mass Recruiter,1
7.74,2,IT,0,0,3,4.22,2,5.37,836,19,459,1913,52.35,Mass Recruiter,1
7.79,2,EEE,0,0,2,3.11,4,3.75,10,42,98,1540,33.11,Not Placed,0
5.55,5,CS,0,0,2,0.43,5,5.94,180,20,226,1532,20.21,Not Placed,0
7.33,1,Civil,0,0,4,4.41,1,2.56,0,0,0,0,23.77,Not Placed,0
6.95,0,IT,0,0,3,2.71,4,3.81,696,24,311,1408,42.98,Mass Recruiter,1
7.88,0,CS,2,3,4,4.73,1,4.84,702,27,224,1728,61.47,Mid-tier,1
6.43,0,CS,2,4,2,1.57,3,6.57,0,0,189,1364,33.91,Not Placed,0
7.01,3,ECE,0,0,2,0.74,3,4.8,266,13,118,1371,19.78,Not Placed,0
6.07,2,ECE,0,0,2,2.03,1,4.19,187,13,182,1374,24.07,Not Placed,0
6.54,0,IT,3,12,3,4.77,5,6.69,661,31,0,0,49.02,Mass Recruiter,1
6.37,3,CS,2,8,4,3.48,2,5.45,720,26,254,1422,48.79,Mass Recruiter,1
7.19,0,IT,2,4,1,3.09,3,4.95,510,30,372,1419,50.14,Mass Recruiter,1
7.26,2,Mechanical,0,0,3,1.62,2,3.68,0,0,0,0,24.42,Not Placed,0
7.36,0,CS,0,0,3,5.47,2,5.51,551,25,273,1625,55.34,Mid-tier,1
7.72,0,ECE,1,4,3,4.56,2,3.43,742,32,120,1426,47.96,Mass Recruiter,1
7.23,0,ECE,1,3,2,3.75,3,4.32,558,18,0,0,34.93,Not Placed,0
7.12,0,CS,0,0,0,0.0,7,4.36,15,2,171,1683,24.38,Not Placed,0
8.34,0,Mechanical,2,6,1,5.45,3,2.93,0,0,73,1474,38.49,Mass Recruiter,1
7.3,0,CS,2,8,6,4.54,4,7.31,682,37,191,2038,72.46,Mid-tier,1
7.67,0,EEE,0,0,1,3.54,4,2.98,181,19,0,0,22.47,Not Placed,0
7.45,0,ECE,3,10,3,5.35,2,4.81,602,31,195,1559,73.44,Mid-tier,1
8.49,0,Mechanical,2,8,3,5.33,1,3.45,462,20,0,0,52.82,Mass Recruiter,1
5.5,1,CS,0,0,3,3.03,4,5.27,0,0,168,1623,30.54,Not Placed,0
6.42,3,CS,2,4,2,2.0,4,6.22,0,0,177,1281,38.02,Mass Recruiter,1
6.04,2,Mechanical,0,0,2,1.3,2,2.18,782,31,0,0,18.12,Not Placed,0
6.7,1,EEE,0,0,3,1.68,4,4.68,0,0,91,1379,29.23,Not Placed,0
6.5,1,CS,2,6,3,2.01,4,6.66,634,25,0,0,43.91,Mass Recruiter,1
5.89,5,CS,0,0,5,3.24,3,5.56,753,14,247,1549,43.4,Mass Recruiter,1
5.12,1,CS,0,0,2,1.25,1,4.69,194,12,130,1549,17.75,Not Placed,0
5.89,1,CS,3,14,1,3.71,3,5.64,493,42,244,1519,55.45,Mid-tier,1
6.18,0,CS,2,6,3,4.33,6,6.43,559,14,0,0,52.58,Mass Recruiter,1
5.51,2,ECE,0,0,2,1.87,2,4.07,300,25,93,1402,25.37,Not Placed,0
6.15,0,Mechanical,0,0,0,0.0,2,1.1,0,0,0,0,6.92,Not Placed,0
6.88,0,Civil,0,0,2,2.48,2,1.32,235,7,0,0,15.38,Not Placed,0
6.56,0,CS,0,0,5,2.77,3,6.5,388,32,148,1586,43.28,Mass Recruiter,1
5.84,2,EEE,0,0,1,0.3,0,3.67,0,0,0,0,12.06,Not Placed,0
5.97,2,CS,0,0,3,2.78,5,5.09,0,0,213,1497,32.1,Not Placed,0
6.87,0,IT,1,6,2,1.67,3,4.36,0,0,0,0,27.83,Not Placed,0
8.0,1,CS,2,8,4,4.49,3,5.94,654,36,295,1288,66.59,Mid-tier,1
5.81,2,CS,0,0,3,1.13,1,3.96,633,41,166,1620,30.07,Not Placed,0
6.75,1,ECE,0,0,0,0.0,2,3.51,0,0,37,1431,19.0,Not Placed,0
8.85,0,Civil,2,6,0,0.0,4,3.23,0,0,267,1497,52.08,Mass Recruiter,1
5.68,4,CS,0,0,2,0.45,2,4.47,380,22,60,1496,14.8,Not Placed,0
8.5,0,IT,0,0,5,4.79,3,5.97,498,26,126,1594,53.55,Mass Recruiter,1
7.7,0,ECE,1,3,3,4.03,1,4.15,497,31,118,1254,46.76,Mass Recruiter,1
7.5,0,EEE,0,0,0,0.0,2,2.93,0,0,116,1473,17.54,Not Placed,0
6.41,2,ECE,0,0,2,2.13,3,4.56,0,0,257,1831,32.94,Not Placed,0
6.49,4,Civil,2,6,2,5.74,1,2.94,0,0,0,0,25.95,Not Placed,0
6.67,1,Mechanical,0,0,1,1.56,2,2.16,0,0,0,0,11.52,Not Placed,0
8.18,0,IT,2,4,2,4.6,2,5.63,0,0,411,1338,49.57,Mass Recruiter,1
7.03,0,IT,2,4,1,4.7,2,5.26,577,36,205,1722,53.33,Mass Recruiter,1
6.36,3,ECE,0,0,5,3.28,3,4.46,0,0,17,1286,17.26,Not Placed,0
6.63,2,IT,1,3,3,2.14,2,3.68,0,0,0,0,12.15,Not Placed,0
6.23,0,IT,0,0,5,3.62,3,5.06,448,30,0,0,29.87,Not Placed,0
9.27,0,CS,2,8,2,4.14,2,5.34,165,21,309,1415,61.79,Mid-tier,1
7.19,0,EEE,1,2,2,3.09,6,4.95,503,26,119,1606,39.79,Mass Recruiter,1
7.23,0,Mechanical,0,0,0,0.0,1,2.44,0,0,0,0,15.62,Not Placed,0
7.18,0,IT,1,3,4,5.41,1,5.16,718,14,249,1241,54.72,Mass Recruiter,1
7.05,0,IT,2,6,3,4.66,1,5.03,593,27,0,0,45.23,Mass Recruiter,1
7.98,1,CS,1,4,2,2.61,2,4.45,267,45,117,1646,49.12,Mass Recruiter,1
8.2,0,Biotech,1,2,1,6.01,1,2.58,0,0,0,0,32.34,Not Placed,0
6.88,1,ECE,1,4,4,3.18,3,4.92,0,0,198,1581,35.32,Mass Recruiter,1
7.71,0,CS,3,12,3,5.28,5,6.2,570,24,188,1422,72.43,Mid-tier,1
7.41,0,CS,1,2,2,1.93,2,4.53,998,31,208,1759,51.19,Mass Recruiter,1
7.82,0,Mechanical,0,0,2,4.08,0,2.07,0,0,113,1356,28.78,Not Placed,0
7.72,1,ECE,1,1,4,4.74,3,5.05,944,27,0,0,38.2,Mass Recruiter,1
6.06,0,Mechanical,0,0,4,2.86,2,4.12,0,0,0,0,14.44,Not Placed,0
7.67,0,IT,1,6,2,4.28,3,5.1,701,26,69,1631,54.01,Mass Recruiter,1
5.56,2,EEE,0,0,0,0.0,3,3.75,0,0,112,1485,21.64,Not Placed,0
7.18,0,ECE,1,3,3,2.29,2,5.89,466,18,0,0,36.66,Mass Recruiter,1
5.85,2,IT,4,8,5,3.66,2,6.29,0,0,157,1362,47.12,Mass Recruiter,1
9.15,0,Mechanical,1,6,0,0.0,2,1.69,0,0,127,1253,27.55,Not Placed,0
8.85,0,IT,1,8,5,6.99,3,5.8,0,0,134,1458,53.48,Mass Recruiter,1
8.36,0,Mechanical,0,0,1,2.19,1,1.37,0,0,77,1543,13.01,Not Placed,0
5.31,1,Mechanical,1,3,0,0.0,3,3.48,0,0,134,1350,12.19,Not Placed,0
8.26,0,Mechanical,1,4,3,4.28,1,3.27,368,31,0,0,44.21,Mass Recruiter,1
5.71,0,ECE,0,0,4,1.96,2,5.14,376,37,20,1410,32.64,Not Placed,0
6.51,2,Mechanical,2,3,4,3.7,4,5.13,640,37,0,0,40.96,Mass Recruiter,1
6.46,2,CS,0,0,3,3.3,1,5.49,348,22,235,1634,42.31,Mass Recruiter,1
9.11,0,CS,1,6,3,4.77,2,5.19,555,21,443,1723,66.4,Mid-tier,1
8.2,0,Chemical,0,0,3,4.0,1,1.89,0,0,0,0,22.53,Not Placed,0
7.45,0,IT,1,3,3,3.86,1,3.16,0,0,0,0,33.93,Not Placed,0
8.35,0,CS,1,3,2,5.13,1,3.73,375,20,0,0,43.09,Mass Recruiter,1
7.94,0,Chemical,0,0,3,4.89,1,1.68,0,0,40,1433,29.73,Not Placed,0
7.75,2,CS,1,3,2,3.94,0,4.4,409,23,213,1401,51.48,Mass Recruiter,1
6.19,0,IT,0,0,2,1.73,2,4.8,0,0,0,0,18.8,Not Placed,0
7.15,1,Biotech,0,0,6,4.5,1,2.27,0,0,0,0,20.35,Not Placed,0
6.45,0,IT,1,4,3,3.2,1,5.46,467,38,210,1559,49.86,Mass Recruiter,1
5.0,4,Mechanical,0,0,3,1.22,2,2.55,0,0,0,1197,-0.81,Not Placed,0
6.35,1,IT,0,0,4,2.27,2,4.93,419,31,71,1622,34.27,Not Placed,0
6.0,2,ECE,1,2,2,2.58,1,4.38,0,0,0,0,18.2,Not Placed,0
6.86,0,ECE,4,8,4,4.46,3,6.41,0,0,0,0,51.89,Mass Recruiter,1
9.02,0,Biotech,0,0,4,5.39,2,3.15,781,24,110,1456,49.32,Mass Recruiter,1
6.68,0,Civil,0,0,1,1.78,0,2.02,78,6,0,0,13.56,Not Placed,0
5.98,5,IT,0,0,3,2.97,4,3.61,573,51,162,1679,31.36,Not Placed,0
7.42,1,EEE,0,0,3,3.18,1,3.76,0,0,140,1325,33.41,Not Placed,0
6.88,2,IT,2,10,5,4.16,1,5.52,661,47,199,1505,65.7,Mid-tier,1
8.14,1,ECE,0,0,1,2.69,3,2.89,237,16,172,1778,24.34,Not Placed,0
8.29,0,Chemical,1,2,3,5.65,0,2.74,0,0,0,0,32.72,Not Placed,0
7.23,0,CS,0,0,1,2.14,2,4.91,66,5,245,1265,44.21,Mass Recruiter,1
7.04,3,Biotech,1,4,3,2.78,1,4.63,428,43,5,1234,36.07,Mass Recruiter,1
6.08,1,ECE,0,0,4,1.61,0,3.5,770,43,281,1368,44.46,Mass Recruiter,1
6.58,3,EEE,1,3,0,0.0,2,3.1,0,0,136,1358,23.8,Not Placed,0
8.97,0,CS,2,4,6,7.1,3,7.19,637,37,312,1873,69.54,Mid-tier,1
7.52,0,IT,2,10,1,4.29,5,5.12,745,9,251,1889,71.6,Mid-tier,1
6.04,1,CS,0,0,2,0.3,2,6.18,181,13,172,1437,33.99,Not Placed,0
5.67,5,ECE,0,0,5,2.29,3,5.79,0,0,210,1474,24.57,Not Placed,0
9.28,0,IT,3,8,5,6.92,3,5.99,609,31,490,1644,83.09,FAANG,1
8.83,0,IT,0,0,5,5.21,4,6.54,493,18,191,1468,45.39,Mass Recruiter,1
5.11,4,EEE,0,0,2,2.1,2,4.89,213,7,0,1525,8.72,Not Placed,0
7.06,0,IT,0,0,4,4.86,4,5.28,735,33,223,1480,39.74,Mass Recruiter,1
6.69,2,EEE,3,6,0,0.0,2,3.79,0,0,232,1610,40.63,Mass Recruiter,1
6.17,3,ECE,0,0,3,2.06,2,2.84,696,44,166,1550,33.42,Not Placed,0
5.56,3,CS,0,0,4,2.75,2,5.94,164,10,0,0,24.94,Not Placed,0
7.1,0,Mechanical,1,2,2,3.58,5,2.97,0,0,0,0,22.35,Not Placed,0
8.47,0,CS,1,4,3,5.82,5,6.54,646,27,455,1701,52.1,Mass Recruiter,1
8.78,0,CS,3,12,2,4.93,6,5.96,512,31,158,1299,74.66,FAANG,1
7.34,0,Chemical,0,0,4,4.02,1,2.64,232,30,0,0,25.71,Not Placed,0
5.0,0,CS,1,2,4,1.87,1,5.24,0,0,104,1510,24.95,Not Placed,0
7.11,1,Chemical,0,0,0,0.0,1,1.78,0,0,105,1205,13.9,Not Placed,0
7.73,0,CS,1,3,4,4.75,1,5.51,550,29,250,1674,51.31,Mass Recruiter,1
7.31,0,EEE,0,0,2,3.65,3,3.81,80,10,232,1820,31.71,Not Placed,0
7.43,0,CS,1,3,3,4.38,3,5.65,584,16,189,1760,49.06,Mass Recruiter,1
7.73,0,ECE,1,4,0,0.0,4,3.52,212,17,144,1591,30.48,Not Placed,0
5.74,0,CS,2,10,3,2.54,4,6.03,723,29,321,1673,56.59,Mid-tier,1
5.49,1,Biotech,0,0,0,0.0,3,2.33,20,3,0,0,-0.52,Not Placed,0
8.69,0,CS,2,8,4,5.76,4,6.23,804,45,366,2084,70.21,Mid-tier,1
7.59,1,CS,0,0,4,3.85,0,5.21,503,35,95,1438,33.16,Not Placed,0
7.4,0,IT,0,0,2,3.45,2,3.0,307,10,135,1372,38.19,Mass Recruiter,1
7.86,1,IT,0,0,5,4.5,3,6.1,795,38,239,1430,52.71,Mass Recruiter,1
5.86,0,Mechanical,3,10,2,2.65,1,4.2,0,0,0,0,42.5,Mass Recruiter,1
6.03,1,ECE,1,6,6,3.82,3,5.61,347,33,0,0,30.6,Not Placed,0
7.0,0,Mechanical,0,0,1,0.81,1,2.77,0,0,0,0,18.66,Not Placed,0
6.06,2,ECE,2,6,2,2.6,1,5.36,400,26,0,0,37.64,Mass Recruiter,1
6.14,2,ECE,0,0,4,5.11,6,5.21,543,28,68,1242,42.63,Mass Recruiter,1
7.3,3,CS,1,4,3,1.97,3,5.78,0,0,213,1464,33.96,Not Placed,0
6.58,1,EEE,0,0,0,0.0,2,3.11,112,6,166,1408,13.77,Not Placed,0
7.34,0,Civil,0,0,4,2.78,1,2.47,827,39,39,1190,39.83,Mass Recruiter,1
8.12,0,CS,2,6,4,3.99,3,5.6,570,9,470,1761,62.92,Mid-tier,1
7.82,0,IT,0,0,3,3.94,3,5.06,463,21,430,1904,56.01,Mid-tier,1
7.29,0,CS,2,6,3,3.78,2,5.15,0,0,111,1261,45.26,Mass Recruiter,1
6.53,2,CS,0,0,3,1.08,3,4.42,353,26,204,1586,25.71,Not Placed,0
6.82,0,ECE,0,0,3,2.79,3,3.86,582,17,47,1602,25.45,Not Placed,0
7.07,0,Mechanical,2,8,0,0.0,2,2.2,0,0,45,1318,34.44,Not Placed,0
6.35,0,ECE,0,0,4,3.87,1,3.06,681,45,310,1457,40.43,Mass Recruiter,1
7.47,0,ECE,3,10,3,7.03,2,3.6,652,30,0,0,59.61,Mid-tier,1
8.18,0,Civil,0,0,0,0.0,1,1.0,106,10,85,1376,25.78,Not Placed,0
5.97,2,Mechanical,0,0,1,2.83,0,1.21,0,0,0,0,6.77,Not Placed,0
6.94,2,EEE,0,0,1,2.76,2,2.85,193,12,56,1404,19.64,Not Placed,0
7.23,2,Chemical,0,0,2,3.78,1,2.45,288,9,61,1351,17.98,Not Placed,0
6.38,2,IT,0,0,3,1.06,3,5.89,403,22,0,0,18.05,Not Placed,0
6.58,2,IT,0,0,2,2.48,2,5.47,289,17,190,1636,17.71,Not Placed,0
6.57,1,ECE,0,0,4,2.75,0,4.9,660,51,13,1599,30.27,Not Placed,0
7.97,0,Mechanical,0,0,0,0.0,0,2.35,0,0,0,0,3.71,Not Placed,0
8.4,0,ECE,0,0,2,4.53,2,3.9,164,6,228,1400,31.31,Not Placed,0
5.59,2,Mechanical,1,4,0,0.0,1,1.31,50,20,17,1315,11.24,Not Placed,0
5.0,2,CS,0,0,5,1.25,4,5.86,0,0,186,1449,27.42,Not Placed,0
6.59,0,IT,0,0,4,2.97,2,3.73,797,21,130,1337,39.35,Mass Recruiter,1
5.67,3,IT,0,0,3,0.37,2,3.7,468,39,0,0,7.15,Not Placed,0
6.47,1,Mechanical,0,0,2,3.27,1,2.09,0,0,81,1232,17.91,Not Placed,0
6.86,0,IT,2,8,3,3.36,4,7.84,0,0,215,1719,45.5,Mass Recruiter,1
7.6,0,Mechanical,2,4,1,3.39,2,1.55,508,23,0,0,42.13,Mass Recruiter,1
7.88,0,CS,4,6,4,5.94,6,7.79,841,27,201,1437,66.01,Mid-tier,1
5.65,2,CS,0,0,1,0.3,1,3.5,0,1,155,1741,21.22,Not Placed,0
7.58,3,CS,1,2,4,4.24,1,4.98,548,28,0,0,35.22,Mass Recruiter,1
6.69,0,Civil,0,0,2,1.88,0,1.75,0,0,0,0,12.89,Not Placed,0
8.61,2,Civil,2,10,2,4.16,0,3.52,300,41,0,0,42.5,Mass Recruiter,1
7.7,0,CS,1,2,2,2.73,4,4.88,578,6,259,1420,58.44,Mid-tier,1
6.98,1,CS,2,4,3,4.34,0,4.43,123,38,0,0,42.55,Mass Recruiter,1
7.74,0,Chemical,1,2,2,2.72,1,2.18,521,4,0,0,37.16,Mass Recruiter,1
5.64,3,CS,0,0,2,1.46,2,4.75,103,11,0,0,9.62,Not Placed,0
5.37,2,Chemical,0,0,1,0.3,2,2.6,0,0,0,0,10.66,Not Placed,0
7.83,1,IT,0,0,5,5.14,5,4.8,532,30,219,1409,42.2,Mass Recruiter,1
6.68,0,IT,1,3,3,2.2,1,3.6,467,29,0,0,33.94,Not Placed,0
8.83,1,IT,1,1,4,5.26,5,6.13,0,0,0,0,26.53,Not Placed,0
6.34,0,Civil,0,0,3,0.89,0,3.2,0,0,27,1216,19.92,Not Placed,0
5.69,1,CS,1,2,2,1.38,4,6.64,302,23,0,0,28.79,Not Placed,0
8.51,0,IT,0,0,5,4.23,2,5.49,379,22,187,1378,45.76,Mass Recruiter,1
8.72,0,Chemical,0,0,4,4.77,3,4.71,216,22,0,0,28.94,Not Placed,0
7.81,1,CS,1,3,4,6.59,2,6.01,722,11,128,1432,51.86,Mass Recruiter,1
6.69,2,CS,1,2,3,2.0,6,6.35,481,31,215,1595,45.33,Mass Recruiter,1
6.84,2,Biotech,0,0,1,0.66,1,2.13,0,0,0,0,8.52,Not Placed,0
9.56,0,Civil,4,6,1,6.68,0,3.27,0,0,0,0,52.14,Mass Recruiter,1
7.25,2,Mechanical,0,0,2,2.22,1,3.02,136,9,151,1487,37.59,Mass Recruiter,1
6.41,1,CS,1,3,5,3.63,6,6.42,0,0,0,0,37.61,Mass Recruiter,1
7.07,1,ECE,0,0,2,4.84,2,4.51,324,6,198,1413,37.4,Mass Recruiter,1
7.36,1,CS,0,0,3,3.2,7,6.37,586,34,661,2055,62.48,Mid-tier,1
7.73,0,IT,0,0,4,2.28,4,5.16,365,36,0,0,27.26,Not Placed,0
5.81,1,CS,0,0,6,2.15,3,5.22,668,15,331,1484,36.02,Mass Recruiter,1
7.29,0,IT,0,0,3,2.77,2,5.69,372,27,0,0,25.61,Not Placed,0
5.88,0,Chemical,0,0,3,0.3,1,2.43,293,21,0,0,3.07,Not Placed,0
7.52,0,CS,1,3,3,4.08,5,5.12,564,25,255,1822,53.26,Mass Recruiter,1
8.3,0,Mechanical,2,8,2,5.15,2,2.87,0,0,0,0,37.85,Mass Recruiter,1
6.71,3,ECE,1,2,3,2.56,1,2.9,508,18,85,1476,26.45,Not Placed,0
6.17,0,CS,1,6,3,3.21,4,5.89,452,28,279,1230,45.6,Mass Recruiter,1
7.92,3,IT,0,0,4,3.67,5,6.24,606,3,0,0,29.11,Not Placed,0
6.24,0,Mechanical,0,0,2,2.01,2,2.62,446,31,32,1374,23.92,Not Placed,0
6.37,0,IT,1,8,3,0.75,2,5.78,618,15,0,0,51.23,Mass Recruiter,1
7.61,0,IT,1,3,0,0.0,0,3.45,119,15,191,1345,37.87,Mass Recruiter,1
8.14,0,EEE,1,3,1,3.78,1,3.37,0,0,229,1635,43.47,Mass Recruiter,1
7.97,0,Biotech,0,0,2,3.39,2,1.98,0,0,0,0,21.67,Not Placed,0
6.28,0,CS,0,0,5,3.92,2,6.8,556,15,199,1221,49.64,Mass Recruiter,1
7.53,0,IT,2,4,0,0.0,9,5.68,696,35,203,1503,57.17,Mid-tier,1
9.05,0,CS,2,4,7,6.71,2,8.19,517,39,557,2054,79.63,FAANG,1
6.13,0,CS,0,0,3,3.78,7,5.6,0,0,179,2013,26.22,Not Placed,0
7.94,1,IT,0,0,3,2.94,3,5.2,679,23,439,2056,51.63,Mass Recruiter,1
8.58,0,CS,2,8,5,6.47,4,6.08,526,25,409,2279,76.43,FAANG,1
6.72,1,ECE,1,1,1,1.55,1,3.59,0,0,100,1193,13.73,Not Placed,0
5.47,2,IT,1,3,4,3.99,1,4.97,519,19,0,0,34.22,Not Placed,0
6.06,2,CS,2,8,2,2.53,3,5.27,493,41,230,1370,50.5,Mass Recruiter,1
6.97,0,Chemical,0,0,1,3.18,4,3.66,171,17,0,0,10.0,Not Placed,0
6.45,0,Mechanical,1,3,2,3.36,3,2.45,0,0,0,0,14.01,Not Placed,0
7.92,0,Civil,0,0,0,0.0,3,1.0,79,7,50,1499,18.34,Not Placed,0
7.38,0,CS,0,0,3,2.03,1,5.55,573,24,103,1523,40.17,Mass Recruiter,1
6.18,2,Mechanical,0,0,0,0.0,1,2.3,0,0,0,0,12.84,Not Placed,0
6.41,0,Chemical,0,0,5,2.5,3,3.27,0,0,78,1113,18.77,Not Placed,0
6.9,3,Chemical,0,0,2,1.57,1,1.65,0,0,0,0,-0.82,Not Placed,0
7.22,0,EEE,1,2,2,2.87,4,4.57,0,0,161,1444,28.39,Not Placed,0
8.61,1,ECE,0,0,3,2.4,5,4.84,481,29,218,1777,49.83,Mass Recruiter,1
6.82,0,CS,0,0,3,2.37,2,5.99,653,13,0,0,37.4,Mass Recruiter,1
6.75,4,CS,0,0,7,1.72,3,5.33,0,0,213,1493,24.91,Not Placed,0
7.37,1,Civil,0,0,2,2.98,2,1.89,288,23,35,1316,28.34,Not Placed,0
7.36,0,Civil,0,0,1,2.12,2,2.19,0,0,0,0,9.55,Not Placed,0
7.25,0,CS,0,0,4,3.51,6,4.76,590,23,255,1487,43.3,Mass Recruiter,1
7.69,0,ECE,0,0,3,3.27,1,4.76,526,8,0,0,26.81,Not Placed,0
6.42,1,ECE,1,3,4,3.24,2,3.97,904,34,32,1225,39.81,Mass Recruiter,1
9.04,0,Mechanical,0,0,2,4.9,3,3.69,0,0,0,0,24.28,Not Placed,0
7.03,1,Chemical,0,0,3,2.46,1,2.37,0,0,0,0,6.89,Not Placed,0
7.88,0,Mechanical,0,0,2,4.1,2,2.07,697,30,18,1371,32.15,Not Placed,0
6.41,0,Mechanical,0,0,2,1.97,1,2.22,684,24,0,0,16.5,Not Placed,0
5.0,1,Mechanical,0,0,0,0.0,1,1.9,0,0,8,1312,9.71,Not Placed,0
8.06,0,IT,1,2,3,3.56,3,4.79,329,15,180,1450,47.52,Mass Recruiter,1
9.08,0,Mechanical,1,4,5,6.42,4,3.27,386,31,0,0,52.98,Mass Recruiter,1
5.66,3,EEE,0,0,0,0.0,1,2.11,0,0,101,1445,17.06,Not Placed,0
8.69,0,ECE,0,0,3,3.7,3,3.11,792,50,43,1607,42.68,Mass Recruiter,1
6.01,4,Mechanical,0,0,2,0.3,1,2.06,329,21,0,0,5.5,Not Placed,0
6.47,0,CS,0,0,4,3.65,0,3.12,583,23,133,1684,36.3,Mass Recruiter,1
7.84,1,ECE,0,0,2,3.57,3,3.49,190,13,0,0,20.5,Not Placed,0
6.18,0,CS,2,6,3,3.41,7,6.0,489,24,0,0,42.37,Mass Recruiter,1
6.86,1,IT,1,3,6,5.48,1,7.04,739,22,0,0,37.88,Mass Recruiter,1
5.73,1,EEE,1,2,4,4.24,2,5.33,638,24,56,1399,36.31,Mass Recruiter,1
9.0,0,CS,1,3,4,5.26,4,6.22,541,25,341,1528,65.62,Mid-tier,1
7.49,3,CS,0,0,3,2.85,2,5.36,805,31,394,1380,49.14,Mass Recruiter,1
5.24,2,EEE,1,4,1,1.86,1,3.63,409,35,145,1489,25.84,Not Placed,0
7.13,1,Biotech,0,0,1,2.07,1,3.04,156,9,0,0,12.12,Not Placed,0
6.87,0,IT,0,0,2,5.87,4,5.05,140,13,217,1405,37.98,Mass Recruiter,1
7.57,1,Chemical,2,10,1,5.58,2,3.11,379,45,99,1166,44.55,Mass Recruiter,1
6.58,1,Mechanical,1,3,0,0.0,1,2.74,69,8,87,1427,35.17,Mass Recruiter,1
6.7,1,Mechanical,4,14,2,3.27,1,4.32,0,0,0,1423,51.78,Mass Recruiter,1
5.76,4,CS,3,6,4,3.43,2,6.59,177,12,102,1669,49.77,Mass Recruiter,1
7.42,0,IT,0,0,4,3.08,1,3.61,594,17,0,0,40.66,Mass Recruiter,1
8.34,1,Biotech,0,0,1,2.97,2,2.12,0,0,0,0,7.96,Not Placed,0
5.37,5,CS,0,0,5,3.32,3,6.1,387,39,0,0,17.45,Not Placed,0
7.9,0,Mechanical,0,0,0,0.0,3,2.77,0,0,122,1352,17.46,Not Placed,0
6.27,2,CS,2,3,0,0.0,1,4.62,225,15,293,1329,47.99,Mass Recruiter,1
8.38,0,ECE,1,4,4,5.17,1,5.24,0,0,117,1545,46.37,Mass Recruiter,1
8.71,1,Mechanical,1,6,3,3.77,3,2.96,0,0,53,1139,33.23,Not Placed,0
7.4,0,Biotech,1,3,4,2.45,0,3.84,627,16,0,0,39.62,Mass Recruiter,1
6.64,3,Civil,0,0,0,0.0,1,1.0,64,3,27,1250,15.4,Not Placed,0
7.85,3,CS,0,0,4,2.23,3,6.25,0,0,440,1798,39.26,Mass Recruiter,1
8.63,0,Mechanical,1,3,0,0.0,3,2.6,0,0,0,0,26.04,Not Placed,0
7.74,3,IT,0,0,5,4.17,4,4.32,482,22,226,1637,39.68,Mass Recruiter,1
6.64,2,CS,2,4,3,3.64,0,3.97,707,37,0,0,38.27,Mass Recruiter,1
6.77,1,CS,0,0,4,1.4,6,5.28,631,29,243,1611,43.31,Mass Recruiter,1
8.49,0,ECE,2,8,1,6.75,2,2.02,285,34,176,1708,54.84,Mass Recruiter,1
6.72,0,ECE,1,3,1,1.91,1,3.26,399,25,0,0,25.14,Not Placed,0
6.16,1,CS,0,0,2,1.79,4,5.24,0,0,165,1296,24.72,Not Placed,0
7.23,0,ECE,1,2,4,3.37,1,4.8,370,26,41,1479,50.28,Mass Recruiter,1
5.35,3,ECE,1,3,1,0.3,2,2.98,191,15,0,0,11.66,Not Placed,0
8.42,0,CS,2,8,4,6.47,6,7.64,339,29,490,1751,71.87,Mid-tier,1
6.78,0,Biotech,0,0,5,4.86,3,3.85,471,25,0,0,36.15,Mass Recruiter,1
7.19,1,CS,0,0,5,2.96,4,5.4,0,0,461,1167,44.22,Mass Recruiter,1
8.04,1,CS,1,3,5,3.18,1,7.61,334,32,179,1538,56.4,Mid-tier,1
7.73,2,CS,1,8,4,5.04,4,6.59,746,20,423,1620,66.66,Mid-tier,1
9.02,0,IT,3,14,2,7.96,4,4.71,169,31,552,2036,87.23,FAANG,1
6.68,0,CS,2,8,5,3.16,5,7.02,433,24,109,1445,56.7,Mid-tier,1
6.38,1,CS,2,10,4,4.67,3,6.18,508,26,238,1969,72.98,Mid-tier,1
6.36,0,Chemical,0,0,1,0.3,1,1.89,0,0,0,0,1.69,Not Placed,0
7.58,1,IT,3,8,2,4.25,1,4.74,366,33,0,0,50.19,Mass Recruiter,1
5.87,2,CS,3,10,1,1.64,2,5.23,388,31,59,1446,46.27,Mass Recruiter,1
6.38,2,ECE,1,3,5,2.07,1,4.25,800,27,0,0,39.66,Mass Recruiter,1
7.54,0,ECE,0,0,3,3.37,4,5.73,0,0,239,1400,35.67,Mass Recruiter,1
6.02,0,EEE,0,0,2,0.8,3,2.47,0,0,74,1556,16.21,Not Placed,0
7.96,0,Mechanical,1,4,1,2.52,4,2.09,0,0,284,1765,44.99,Mass Recruiter,1
7.45,0,Mechanical,0,0,1,3.21,0,2.19,0,0,0,0,16.66,Not Placed,0
7.5,0,IT,2,4,3,3.3,6,5.15,571,30,240,1579,56.75,Mid-tier,1
6.11,2,Mechanical,0,0,1,0.3,3,2.4,54,7,0,0,7.83,Not Placed,0
6.55,0,CS,2,6,3,2.95,5,5.77,271,14,276,1852,61.72,Mid-tier,1
7.65,0,CS,1,2,7,4.95,3,5.8,0,0,234,1463,46.98,Mass Recruiter,1
7.32,0,IT,2,6,5,6.05,4,6.17,0,0,62,1385,52.23,Mass Recruiter,1
5.57,0,CS,1,4,6,2.61,3,5.88,0,0,70,1336,42.42,Mass Recruiter,1
7.49,2,ECE,4,8,3,3.45,0,4.51,593,35,0,0,41.69,Mass Recruiter,1
6.85,1,Mechanical,0,0,3,2.63,1,2.85,0,0,51,1609,30.56,Not Placed,0
7.23,0,CS,0,0,2,2.51,1,4.52,515,12,165,1617,29.17,Not Placed,0
7.19,0,EEE,0,0,0,0.0,5,2.38,18,1,264,1535,23.55,Not Placed,0
6.39,1,EEE,0,0,0,0.0,2,1.77,0,0,152,1403,15.99,Not Placed,0
6.46,1,CS,0,0,3,2.69,4,5.61,429,32,0,0,23.52,Not Placed,0
5.78,2,CS,4,8,3,2.66,1,7.47,0,0,0,0,39.98,Mass Recruiter,1
6.18,1,Chemical,0,0,2,2.65,0,2.27,56,6,81,1285,17.04,Not Placed,0
7.58,1,ECE,0,0,1,3.2,3,3.95,258,3,0,0,8.39,Not Placed,0
7.72,0,IT,1,3,5,3.05,1,5.98,442,22,244,1598,60.32,Mid-tier,1
7.14,0,CS,1,3,0,0.0,1,5.34,0,0,124,2015,23.97,Not Placed,0
6.0,0,IT,1,2,5,2.45,3,4.74,546,27,166,1381,50.44,Mass Recruiter,1
8.83,0,ECE,2,3,1,3.97,2,3.94,547,33,0,0,43.82,Mass Recruiter,1
6.55,2,IT,0,0,5,1.99,8,6.69,419,23,140,1447,41.9,Mass Recruiter,1
6.84,1,ECE,0,0,5,2.24,1,5.58,369,28,93,1323,37.02,Mass Recruiter,1
7.53,0,Mechanical,1,4,6,4.28,2,4.59,388,47,75,1428,53.77,Mass Recruiter,1
9.72,0,IT,1,3,3,5.72,1,5.5,478,27,147,1631,61.35,Mid-tier,1
5.85,5,Biotech,0,0,2,1.98,3,3.06,0,0,149,1282,11.12,Not Placed,0
7.23,0,CS,0,0,3,4.48,2,4.2,0,0,329,1703,42.12,Mass Recruiter,1
6.15,1,IT,1,6,5,4.82,2,6.71,133,43,125,1240,43.15,Mass Recruiter,1
5.75,2,Biotech,0,0,1,0.3,2,1.45,0,0,107,1325,15.99,Not Placed,0
7.46,0,IT,1,3,3,5.54,2,6.23,532,32,570,1621,58.92,Mid-tier,1
5.89,1,EEE,3,12,1,3.16,1,3.65,577,30,128,1482,48.52,Mass Recruiter,1
6.59,1,ECE,0,0,2,3.28,2,3.17,0,0,182,1490,18.48,Not Placed,0
8.68,0,IT,0,0,2,4.44,3,4.9,272,20,218,1295,31.9,Not Placed,0
6.95,1,Civil,0,0,3,3.07,1,3.19,501,26,0,0,27.7,Not Placed,0
8.28,0,IT,0,0,2,3.83,3,3.79,83,22,218,1282,36.4,Mass Recruiter,1
6.62,0,IT,0,0,3,2.4,1,4.86,713,14,200,1785,45.06,Mass Recruiter,1
7.96,2,ECE,1,2,5,3.67,4,5.17,0,0,126,1509,37.33,Mass Recruiter,1
6.96,1,IT,2,4,6,5.75,4,6.7,575,18,276,1393,64.84,Mid-tier,1
5.82,3,Mechanical,0,0,1,0.59,0,2.99,0,0,0,0,4.94,Not Placed,0
6.25,2,CS,0,0,3,2.77,2,5.09,596,26,267,1685,40.92,Mass Recruiter,1
6.17,0,Mechanical,0,0,3,3.25,2,2.86,0,0,0,0,17.49,Not Placed,0
6.41,1,ECE,0,0,0,0.0,3,4.23,0,0,22,1367,13.9,Not Placed,0
6.43,3,CS,2,6,5,3.9,1,6.76,604,22,189,2028,61.76,Mid-tier,1
7.91,1,IT,1,3,2,4.39,4,3.7,628,24,178,1612,44.75,Mass Recruiter,1
8.14,0,IT,2,8,2,5.13,1,6.51,570,32,0,0,54.25,Mass Recruiter,1
5.88,2,ECE,0,0,2,2.53,0,3.18,0,0,192,1702,16.82,Not Placed,0
6.87,2,IT,0,0,3,1.33,1,4.26,425,10,148,1841,34.83,Not Placed,0
5.61,0,EEE,2,6,3,3.02,2,3.73,638,14,0,0,35.54,Mass Recruiter,1
8.36,0,CS,1,4,3,4.87,4,5.73,676,22,611,1949,54.87,Mass Recruiter,1
6.3,1,ECE,0,0,1,2.58,0,3.01,50,8,111,1496,19.07,Not Placed,0
7.71,1,ECE,0,0,4,3.12,1,3.36,598,16,161,1559,44.81,Mass Recruiter,1
6.43,0,ECE,1,2,3,3.68,2,4.02,377,20,101,1440,35.9,Mass Recruiter,1
6.13,1,Mechanical,0,0,1,1.02,2,2.09,64,2,60,1639,17.62,Not Placed,0
5.77,2,Mechanical,0,0,2,3.07,1,2.09,0,0,44,1193,11.69,Not Placed,0
6.72,1,ECE,1,3,2,1.29,6,3.8,689,38,3,1315,42.21,Mass Recruiter,1
6.67,2,IT,2,8,4,2.27,6,5.95,195,8,275,1355,48.58,Mass Recruiter,1
7.55,0,IT,1,3,6,5.34,5,6.25,0,0,207,1573,55.59,Mid-tier,1
6.09,3,IT,0,0,4,1.34,1,4.21,596,45,0,0,29.7,Not Placed,0
7.52,0,Chemical,0,0,1,3.72,2,2.05,0,0,20,1500,24.5,Not Placed,0
6.85,2,CS,2,10,4,5.27,3,5.26,606,14,182,1563,51.5,Mass Recruiter,1
7.26,0,Civil,0,0,1,1.85,1,1.1,0,0,106,1248,18.66,Not Placed,0
7.0,1,IT,3,18,1,3.41,1,5.33,718,27,0,0,55.63,Mid-tier,1
6.69,0,Mechanical,0,0,3,2.91,1,2.01,0,0,0,0,15.88,Not Placed,0
8.5,0,CS,1,2,1,4.85,1,5.21,489,31,195,1736,54.25,Mass Recruiter,1
7.36,0,IT,1,6,3,3.81,1,4.32,0,0,165,1719,32.6,Not Placed,0
7.03,0,Civil,0,0,0,0.0,5,1.44,92,4,0,0,15.01,Not Placed,0
8.36,0,IT,4,14,3,5.34,4,7.39,373,13,374,1897,80.11,FAANG,1
8.09,0,CS,1,8,4,5.0,3,6.08,572,30,333,1785,61.31,Mid-tier,1
5.37,1,CS,1,4,2,0.39,3,6.95,471,20,19,1409,44.4,Mass Recruiter,1
5.66,3,EEE,2,6,0,0.0,3,2.97,0,0,173,1446,25.39,Not Placed,0
7.4,1,IT,1,1,2,2.63,3,5.26,377,19,249,1823,43.18,Mass Recruiter,1
8.25,0,Mechanical,0,0,1,3.37,0,3.06,92,4,116,1557,34.53,Not Placed,0
6.3,2,IT,3,12,5,4.69,1,7.72,333,30,60,1726,52.04,Mass Recruiter,1
6.98,0,Mechanical,0,0,3,3.1,3,4.04,148,12,164,1432,26.4,Not Placed,0
8.84,0,IT,2,3,5,6.51,4,6.51,286,26,0,0,60.69,Mid-tier,1
7.79,0,ECE,0,0,1,3.4,1,3.71,354,18,0,0,31.38,Not Placed,0
8.03,0,Civil,2,6,1,4.07,3,4.35,0,0,0,0,41.93,Mass Recruiter,1
6.38,0,CS,1,2,1,0.59,3,4.9,318,12,0,0,25.88,Not Placed,0
8.54,0,CS,1,4,0,0.0,0,4.01,158,20,282,1724,38.64,Mass Recruiter,1
9.37,0,CS,1,3,3,6.04,7,5.51,715,7,361,2214,64.95,Mid-tier,1
8.06,0,Mechanical,0,0,2,3.7,1,3.31,91,33,183,1435,31.25,Not Placed,0
6.79,2,Mechanical,1,3,1,1.64,2,2.51,517,41,0,0,24.97,Not Placed,0
7.28,0,CS,1,6,2,2.36,0,6.23,542,28,303,1935,59.38,Mid-tier,1
7.86,0,Biotech,3,12,1,4.41,0,1.87,477,46,123,1445,62.32,Mid-tier,1
7.45,2,ECE,1,3,3,2.87,2,4.68,0,0,103,1408,38.62,Mass Recruiter,1
8.43,0,Mechanical,4,10,2,3.69,1,2.9,339,10,123,1267,52.06,Mass Recruiter,1
7.75,0,IT,1,2,1,3.26,4,5.64,562,26,326,1529,59.61,Mid-tier,1
7.85,1,CS,0,0,1,4.37,4,4.87,156,19,118,1342,29.85,Not Placed,0
6.15,2,ECE,2,6,2,3.24,2,4.07,509,37,0,0,32.66,Not Placed,0
6.83,0,CS,2,10,3,4.38,1,4.09,735,15,232,1654,56.32,Mid-tier,1
8.75,0,IT,0,0,3,4.83,5,4.54,462,26,191,1447,46.75,Mass Recruiter,1
6.82,1,IT,1,3,3,3.12,1,4.62,0,0,0,0,22.84,Not Placed,0
5.31,4,IT,1,4,7,3.9,3,6.94,428,31,108,1836,37.53,Mass Recruiter,1
6.84,1,CS,0,0,3,2.05,1,5.39,345,36,185,1730,37.37,Mass Recruiter,1
5.68,6,CS,0,0,3,0.49,4,6.45,331,22,245,1196,30.4,Not Placed,0
8.6,0,Mechanical,0,0,4,5.4,3,4.04,0,0,0,1525,23.44,Not Placed,0
8.64,0,ECE,0,0,1,3.78,3,3.49,65,9,161,1704,35.82,Mass Recruiter,1
5.98,2,Civil,1,2,0,0.0,3,2.24,0,0,0,0,12.1,Not Placed,0
6.56,0,Civil,0,0,2,2.23,3,3.21,225,15,27,1291,22.99,Not Placed,0
5.86,1,ECE,0,0,5,2.58,0,4.54,281,27,0,0,19.83,Not Placed,0
6.92,4,CS,0,0,3,4.6,4,5.86,478,43,221,1702,30.87,Not Placed,0
9.36,0,Mechanical,2,4,0,0.0,1,1.92,519,25,0,0,39.94,Mass Recruiter,1
6.93,1,Chemical,1,2,1,3.28,3,3.05,0,0,0,0,25.44,Not Placed,0
6.03,4,CS,2,6,4,2.57,3,5.5,622,34,86,1360,51.17,Mass Recruiter,1
7.45,0,IT,1,2,4,5.9,3,5.61,481,20,130,1470,51.77,Mass Recruiter,1
8.04,0,CS,1,3,4,3.09,5,6.85,551,23,230,1649,56.21,Mid-tier,1
7.78,0,CS,1,2,2,2.08,3,4.54,739,30,0,0,37.53,Mass Recruiter,1
7.38,0,CS,0,0,4,2.68,5,5.47,638,11,169,1350,38.59,Mass Recruiter,1
5.99,0,IT,0,0,1,0.83,5,3.9,176,2,79,1545,20.03,Not Placed,0
7.64,0,IT,0,0,4,5.07,0,3.29,16,54,99,1801,34.93,Not Placed,0
7.29,0,CS,1,2,5,3.92,5,6.76,302,18,75,1856,45.45,Mass Recruiter,1
5.0,1,CS,1,4,5,1.49,3,5.93,500,47,122,1286,53.31,Mass Recruiter,1
7.67,2,CS,2,4,4,5.87,0,6.1,287,24,238,1339,59.05,Mid-tier,1
6.67,0,CS,1,4,4,4.32,2,5.89,0,0,51,1489,41.9,Mass Recruiter,1
6.96,0,IT,0,0,3,4.13,3,5.36,0,0,0,0,27.84,Not Placed,0
6.27,3,IT,1,4,2,2.79,4,5.0,410,28,220,1781,33.15,Not Placed,0
6.06,1,IT,0,0,5,2.5,4,6.01,0,0,4,1571,29.54,Not Placed,0
7.04,0,ECE,0,0,3,2.43,4,4.89,0,0,270,1432,32.85,Not Placed,0
5.81,2,Civil,0,0,3,3.11,2,3.39,0,0,0,0,9.95,Not Placed,0
7.41,0,CS,0,0,3,3.45,1,5.42,399,22,260,1736,41.94,Mass Recruiter,1
6.78,2,CS,0,0,1,1.67,3,4.91,202,15,88,1549,23.94,Not Placed,0
7.09,2,CS,0,0,2,2.74,4,5.19,52,10,0,0,23.14,Not Placed,0
5.76,2,CS,0,0,3,0.3,0,4.22,691,24,0,0,13.31,Not Placed,0
5.72,2,CS,1,4,3,1.51,1,6.29,386,9,0,0,32.61,Not Placed,0
8.77,0,EEE,2,8,1,3.53,2,3.9,221,29,177,1697,61.66,Mid-tier,1
9.05,0,CS,0,0,3,5.2,7,6.41,415,6,194,2306,52.75,Mass Recruiter,1
7.8,0,ECE,0,0,4,3.86,2,3.76,0,0,238,1480,37.95,Mass Recruiter,1
5.85,3,CS,2,8,2,2.11,5,5.99,377,27,189,1306,50.72,Mass Recruiter,1
5.73,0,IT,0,0,3,2.05,2,4.09,301,27,153,1441,34.46,Not Placed,0
6.64,1,ECE,0,0,3,3.07,3,4.36,0,0,27,1379,24.56,Not Placed,0
7.76,0,ECE,1,4,3,3.6,1,4.19,458,48,73,948,43.14,Mass Recruiter,1
6.14,0,CS,3,18,2,2.59,4,6.41,731,43,0,0,50.8,Mass Recruiter,1
6.03,0,Mechanical,0,0,1,0.9,1,2.13,178,14,0,0,8.27,Not Placed,0
7.82,0,CS,0,0,4,4.19,5,6.17,258,35,343,1954,47.73,Mass Recruiter,1
6.35,0,IT,3,10,5,5.07,3,7.4,452,28,166,1384,68.97,Mid-tier,1
7.67,0,CS,2,8,2,4.56,2,4.91,489,46,0,0,36.89,Mass Recruiter,1
6.03,0,IT,1,3,2,3.25,5,5.37,316,17,269,1444,42.5,Mass Recruiter,1
5.87,1,CS,2,4,3,0.99,3,5.6,748,27,132,1561,49.22,Mass Recruiter,1
5.75,2,ECE,1,2,1,1.67,2,4.19,339,15,140,1282,21.34,Not Placed,0
6.44,0,Mechanical,2,4,3,4.08,1,3.7,0,0,157,1585,38.1,Mass Recruiter,1
8.5,0,Chemical,1,2,2,5.51,2,2.31,627,49,0,0,39.51,Mass Recruiter,1
6.91,2,CS,2,4,5,3.35,3,5.65,535,31,164,1440,66.53,Mid-tier,1
6.53,0,CS,0,0,5,4.14,3,7.03,715,32,247,1785,43.13,Mass Recruiter,1
7.05,0,IT,1,3,1,3.27,5,5.09,333,7,178,1545,45.22,Mass Recruiter,1
8.0,0,IT,1,2,5,3.65,3,5.55,576,33,558,1973,71.83,Mid-tier,1
8.47,0,IT,0,0,4,5.32,2,3.7,0,0,199,1585,38.23,Mass Recruiter,1
7.6,0,CS,0,0,3,3.25,3,4.58,692,37,600,1830,44.72,Mass Recruiter,1
5.26,2,IT,0,0,6,2.0,3,6.27,0,0,168,1653,23.59,Not Placed,0
6.48,3,Civil,0,0,4,2.16,2,2.72,459,29,0,0,17.54,Not Placed,0
8.41,0,ECE,2,6,2,1.56,9,5.71,290,30,0,0,37.8,Mass Recruiter,1
6.86,2,CS,0,0,4,1.38,2,6.05,781,71,182,1280,34.79,Not Placed,0
6.97,0,Mechanical,0,0,0,0.0,1,1.0,0,0,239,1202,25.84,Not Placed,0
6.26,1,Mechanical,0,0,0,0.0,4,2.36,37,0,141,1425,18.37,Not Placed,0
6.97,1,CS,1,8,3,3.3,4,6.12,891,21,0,0,39.16,Mass Recruiter,1
7.77,0,Mechanical,0,0,5,4.8,2,4.56,907,38,60,1512,40.19,Mass Recruiter,1
8.51,0,Chemical,0,0,4,4.4,2,2.23,0,0,113,1376,38.73,Mass Recruiter,1
6.06,1,ECE,0,0,5,1.08,2,4.12,424,9,282,1561,28.21,Not Placed,0
8.04,0,Mechanical,4,14,3,5.56,1,3.22,528,18,0,0,46.08,Mass Recruiter,1
5.57,4,Chemical,3,10,2,2.09,1,4.88,0,0,80,1242,45.25,Mass Recruiter,1
8.15,0,CS,0,0,0,0.0,4,3.4,6,0,257,1665,40.38,Mass Recruiter,1
6.52,0,EEE,2,10,2,3.51,1,4.66,600,13,0,0,44.94,Mass Recruiter,1
9.39,0,IT,2,4,2,5.8,4,6.67,841,37,333,1610,66.36,Mid-tier,1
7.11,0,Biotech,0,0,3,2.78,1,1.81,0,0,95,1401,27.16,Not Placed,0
7.18,0,Mechanical,0,0,2,4.41,0,2.38,297,14,0,0,16.79,Not Placed,0
6.06,1,CS,2,10,3,4.81,1,5.64,473,27,230,1683,60.49,Mid-tier,1
7.26,0,CS,2,4,3,4.7,2,5.93,0,0,126,1501,52.36,Mass Recruiter,1
8.82,1,CS,2,6,4,6.06,2,5.52,502,48,364,1863,79.06,FAANG,1
7.52,0,CS,0,0,1,3.12,6,4.98,0,0,0,0,22.19,Not Placed,0
6.59,3,Mechanical,0,0,2,4.36,3,2.3,0,0,0,0,14.82,Not Placed,0
6.41,0,Civil,0,0,0,0.0,1,1.46,0,0,0,0,0.51,Not Placed,0
6.78,2,EEE,0,0,1,3.35,2,2.95,0,0,88,1301,14.98,Not Placed,0
6.12,2,EEE,0,0,0,0.0,2,2.88,0,0,84,1300,12.51,Not Placed,0
7.62,0,IT,2,4,6,6.78,1,5.8,548,22,134,1658,62.63,Mid-tier,1
6.67,0,IT,1,2,4,3.11,4,6.8,253,26,0,0,39.67,Mass Recruiter,1
6.09,0,IT,1,2,5,0.55,3,7.12,393,13,182,1474,43.0,Mass Recruiter,1
6.49,1,Chemical,0,0,2,0.3,1,1.27,0,0,0,0,12.82,Not Placed,0
9.39,0,CS,2,4,3,6.64,5,6.36,732,31,333,1614,68.36,Mid-tier,1
8.6,0,IT,1,4,2,4.69,4,5.25,552,28,271,1364,58.39,Mid-tier,1
7.6,3,EEE,0,0,1,1.64,1,3.26,0,0,0,0,11.72,Not Placed,0
5.62,4,EEE,1,4,3,1.63,1,3.93,379,13,0,0,19.21,Not Placed,0
5.12,4,Civil,0,0,6,2.8,0,3.98,0,0,73,1587,22.68,Not Placed,0
6.76,2,EEE,0,0,3,3.32,0,2.45,0,0,0,0,14.54,Not Placed,0
6.21,3,ECE,1,4,2,1.62,1,3.87,511,10,0,0,19.52,Not Placed,0
7.64,1,IT,0,0,2,1.71,2,4.46,822,26,231,1818,28.04,Not Placed,0
6.95,1,EEE,0,0,2,1.56,5,4.69,184,18,187,1714,29.75,Not Placed,0
6.47,0,Civil,0,0,4,4.86,0,3.31,0,0,0,0,17.61,Not Placed,0
7.56,0,Mechanical,2,10,1,2.49,1,3.16,449,22,0,0,45.88,Mass Recruiter,1
7.14,1,CS,1,2,3,2.25,5,5.18,455,35,189,1375,47.09,Mass Recruiter,1
6.6,0,ECE,1,3,3,2.78,5,6.48,718,5,166,1415,47.98,Mass Recruiter,1
5.0,2,IT,4,8,4,2.38,1,7.02,400,16,0,0,47.01,Mass Recruiter,1
5.87,4,EEE,0,0,3,1.79,3,5.31,693,23,0,0,12.93,Not Placed,0
6.04,0,Chemical,0,0,2,0.79,0,2.84,143,11,92,1516,20.21,Not Placed,0
6.91,2,Mechanical,0,0,0,0.0,1,2.79,0,0,0,1334,9.0,Not Placed,0
6.65,0,ECE,1,4,4,4.15,1,5.32,676,25,0,0,40.18,Mass Recruiter,1
6.0,0,CS,1,4,3,2.01,2,4.56,358,33,0,0,27.86,Not Placed,0
9.27,0,IT,1,3,3,5.73,1,5.82,109,38,198,1482,48.72,Mass Recruiter,1
5.92,3,Mechanical,0,0,1,2.08,1,3.23,0,0,0,0,12.21,Not Placed,0
8.97,0,ECE,1,4,3,5.83,2,3.71,809,10,199,1179,54.65,Mass Recruiter,1
8.41,0,IT,1,4,3,5.51,5,5.14,266,30,255,1458,60.16,Mid-tier,1
7.45,0,CS,2,3,3,4.69,3,6.01,546,0,483,1979,60.27,Mid-tier,1
7.07,0,Civil,2,8,2,5.03,2,3.16,0,0,102,1469,47.04,Mass Recruiter,1
5.21,3,CS,1,3,1,1.76,2,5.63,0,0,59,1361,18.32,Not Placed,0
7.66,0,CS,0,0,2,3.76,4,5.84,191,16,0,0,31.87,Not Placed,0
8.78,0,EEE,0,0,1,3.95,1,2.9,246,13,0,0,22.79,Not Placed,0
7.81,0,CS,2,4,5,4.12,3,6.66,512,21,174,1723,60.11,Mid-tier,1
8.14,0,Civil,0,0,3,4.46,1,3.24,625,23,49,1315,29.94,Not Placed,0
6.91,3,CS,0,0,5,3.55,2,6.37,386,8,106,1387,38.62,Mass Recruiter,1
5.02,2,CS,0,0,2,0.3,3,4.48,49,14,0,0,12.74,Not Placed,0
9.25,0,Biotech,0,0,0,0.0,1,1.11,0,0,0,0,7.02,Not Placed,0
6.59,0,CS,1,4,3,3.63,4,5.73,349,19,179,1356,40.34,Mass Recruiter,1
6.91,1,IT,1,4,3,3.83,4,5.3,558,7,192,1676,52.46,Mass Recruiter,1
5.55,5,CS,0,0,3,1.99,2,3.25,217,9,277,1666,22.44,Not Placed,0
8.58,1,CS,1,2,4,6.57,2,6.22,519,39,649,1554,51.59,Mass Recruiter,1
7.55,2,ECE,4,6,2,5.23,2,4.63,435,26,183,1554,56.72,Mid-tier,1
7.13,0,IT,2,6,2,3.68,4,5.63,429,42,291,1531,63.43,Mid-tier,1
6.07,4,IT,1,6,5,2.27,2,5.49,0,0,131,1402,36.09,Mass Recruiter,1
6.92,0,CS,0,0,4,2.08,1,5.6,256,31,0,0,25.01,Not Placed,0
7.59,0,ECE,0,0,1,2.79,2,3.27,27,4,0,0,16.93,Not Placed,0
6.77,0,ECE,2,6,3,3.84,2,4.44,357,16,72,1452,48.69,Mass Recruiter,1
7.23,0,Mechanical,2,6,1,3.87,0,3.0,0,0,0,0,34.99,Not Placed,0
6.73,0,ECE,0,0,3,4.35,6,4.88,912,8,0,0,35.24,Mass Recruiter,1
6.83,3,IT,1,6,4,3.73,3,5.05,357,22,114,1539,39.89,Mass Recruiter,1
7.41,1,CS,1,4,3,5.37,3,5.5,0,0,649,2269,49.29,Mass Recruiter,1
5.85,4,CS,0,0,2,2.26,3,6.01,164,14,292,1671,27.9,Not Placed,0
6.25,1,Biotech,2,4,2,1.84,0,3.28,698,21,11,1183,34.9,Not Placed,0
7.86,0,Civil,1,4,4,3.7,3,4.08,0,0,100,1376,47.71,Mass Recruiter,1
6.09,1,EEE,1,4,3,2.59,1,2.97,0,0,11,1579,29.95,Not Placed,0
8.09,0,CS,1,3,3,5.04,3,5.32,584,26,353,1958,63.29,Mid-tier,1
7.11,0,IT,1,6,3,3.92,1,4.06,673,26,0,0,53.02,Mass Recruiter,1
7.29,0,Biotech,0,0,5,3.8,1,4.09,562,35,29,1320,28.98,Not Placed,0
5.91,2,ECE,0,0,5,3.25,0,4.24,701,27,0,0,18.48,Not Placed,0
7.81,0,EEE,1,2,4,6.11,6,4.44,574,37,68,1768,47.22,Mass Recruiter,1
6.38,1,IT,1,3,1,2.82,4,4.98,132,5,0,0,17.04,Not Placed,0
7.39,1,CS,0,0,6,4.28,2,6.3,793,29,83,1598,37.7,Mass Recruiter,1
8.38,1,Civil,0,0,5,5.37,2,3.36,0,0,187,1586,45.58,Mass Recruiter,1
5.26,5,CS,1,2,4,2.84,1,5.63,0,0,52,1306,20.04,Not Placed,0
7.5,0,Mechanical,3,10,1,4.47,2,3.3,824,37,53,1373,62.42,Mid-tier,1
6.69,0,Chemical,0,0,2,1.36,1,2.25,180,11,0,0,18.43,Not Placed,0
8.78,1,Mechanical,0,0,0,0.0,3,2.9,0,0,0,0,5.67,Not Placed,0
8.41,0,Mechanical,0,0,4,5.26,0,2.82,569,10,91,1499,32.85,Not Placed,0
6.59,4,Biotech,3,6,1,3.76,0,1.91,0,0,0,0,28.05,Not Placed,0
6.97,0,CS,1,4,3,3.82,4,5.85,637,28,172,1510,61.62,Mid-tier,1
7.1,1,CS,0,0,0,0.0,4,4.47,128,0,330,1513,22.22,Not Placed,0
7.63,0,EEE,0,0,1,4.42,3,2.53,0,0,97,1466,34.24,Not Placed,0
6.63,4,EEE,0,0,3,1.23,1,4.39,0,0,0,0,15.0,Not Placed,0
6.82,1,Mechanical,1,4,0,0.0,0,2.86,0,0,0,0,24.07,Not Placed,0
6.69,0,CS,1,3,2,3.96,3,6.46,569,8,154,1508,41.4,Mass Recruiter,1
9.05,1,CS,1,4,4,5.17,2,5.42,498,36,126,1502,57.84,Mid-tier,1
7.17,3,Biotech,0,0,2,2.98,0,3.49,86,18,54,1219,24.97,Not Placed,0
7.6,0,ECE,0,0,2,3.69,2,3.14,607,8,0,0,28.13,Not Placed,0
7.93,1,IT,0,0,7,6.95,2,6.4,693,31,390,1509,65.85,Mid-tier,1
7.3,0,CS,1,2,2,3.76,4,4.99,755,17,207,1591,51.14,Mass Recruiter,1
5.9,2,EEE,1,1,4,0.85,1,4.37,460,31,35,1544,37.42,Mass Recruiter,1
7.25,1,ECE,2,6,3,4.41,2,4.57,384,39,0,0,42.92,Mass Recruiter,1
5.69,2,CS,0,0,2,1.47,5,5.14,118,8,113,1504,17.1,Not Placed,0
8.23,0,IT,1,3,3,4.61,2,5.76,575,5,263,2237,57.29,Mid-tier,1
5.14,4,Civil,3,14,0,0.0,2,3.18,327,24,0,0,25.87,Not Placed,0
6.95,0,CS,2,10,3,6.79,2,5.11,115,26,437,1849,72.55,Mid-tier,1
6.62,1,IT,1,3,4,2.66,4,5.02,727,31,0,0,40.6,Mass Recruiter,1
6.95,2,Civil,0,0,2,2.44,1,1.99,0,0,0,0,3.94,Not Placed,0
7.21,1,Mechanical,1,3,1,2.62,1,3.47,309,11,0,0,24.12,Not Placed,0
6.12,0,Chemical,1,2,1,3.41,1,2.6,661,29,0,0,31.15,Not Placed,0
8.96,0,CS,3,10,2,6.42,5,6.52,380,35,231,1700,78.9,FAANG,1
7.16,0,ECE,0,0,4,3.11,2,3.91,453,11,30,1343,41.25,Mass Recruiter,1
6.17,1,CS,2,6,3,3.92,2,5.25,772,37,218,1317,53.95,Mass Recruiter,1
7.58,1,IT,3,12,7,3.52,3,6.93,492,25,92,1458,69.77,Mid-tier,1
8.2,0,Biotech,2,6,3,6.44,2,1.75,0,0,0,0,28.02,Not Placed,0
5.96,2,EEE,0,0,0,0.0,2,3.41,0,0,0,0,4.82,Not Placed,0
7.69,0,CS,0,0,3,3.71,3,5.85,209,25,0,0,22.57,Not Placed,0
5.98,0,Civil,1,3,3,1.76,1,3.47,0,0,0,0,32.52,Not Placed,0
7.45,0,Biotech,0,0,1,2.64,3,2.16,0,0,0,0,21.16,Not Placed,0
6.34,3,CS,0,0,1,2.47,6,5.89,0,0,118,1860,20.65,Not Placed,0
7.65,0,Mechanical,2,6,1,4.65,2,3.11,575,41,0,0,30.54,Not Placed,0
6.29,1,CS,0,0,4,1.34,0,5.34,0,0,171,1593,31.06,Not Placed,0
6.33,2,ECE,0,0,5,2.22,1,3.47,0,0,211,1621,27.97,Not Placed,0
7.86,0,IT,2,4,2,5.45,1,5.36,81,32,0,0,41.83,Mass Recruiter,1
7.99,3,Civil,0,0,3,3.8,0,2.53,654,30,115,1454,27.17,Not Placed,0
5.65,3,CS,0,0,5,3.69,4,7.1,349,28,317,1582,32.38,Not Placed,0
5.92,5,ECE,0,0,4,1.52,3,6.05,559,31,44,1280,23.22,Not Placed,0
8.67,0,EEE,0,0,3,4.95,1,2.8,588,26,138,1484,42.74,Mass Recruiter,1
7.25,0,CS,0,0,6,1.19,3,5.86,346,56,265,1977,54.59,Mass Recruiter,1
7.32,0,Chemical,0,0,3,1.32,0,2.74,0,0,0,0,13.91,Not Placed,0
6.18,1,CS,1,2,3,2.52,6,4.68,0,0,205,1476,32.19,Not Placed,0
7.86,2,CS,4,10,2,7.21,1,4.96,751,8,250,1298,64.12,Mid-tier,1
6.14,1,EEE,1,6,2,2.31,2,3.47,841,23,79,1444,36.7,Mass Recruiter,1
7.82,1,Mechanical,1,4,1,3.56,7,3.95,227,6,4,1399,42.74,Mass Recruiter,1
8.39,0,IT,1,6,4,3.31,5,5.03,389,21,159,1418,55.95,Mid-tier,1
5.8,3,ECE,3,14,2,2.62,2,5.09,325,38,124,1867,54.59,Mass Recruiter,1
7.85,1,ECE,2,6,1,3.57,5,5.15,0,0,0,0,27.0,Not Placed,0
8.76,0,CS,1,4,6,6.08,3,6.55,815,34,462,1772,73.51,Mid-tier,1
7.75,0,Civil,0,0,0,0.0,1,1.0,0,0,0,0,13.1,Not Placed,0
6.71,0,Mechanical,0,0,1,2.34,3,2.82,0,0,0,0,9.17,Not Placed,0
6.69,0,IT,0,0,2,1.57,4,5.55,239,10,178,1674,34.97,Not Placed,0
7.78,0,ECE,0,0,3,4.51,3,4.22,452,35,182,1379,42.4,Mass Recruiter,1
8.01,0,ECE,3,6,2,2.76,0,4.77,0,0,0,0,49.51,Mass Recruiter,1
5.54,2,Mechanical,0,0,2,0.87,3,2.43,0,0,0,0,6.36,Not Placed,0
7.56,3,CS,1,4,4,5.51,2,5.46,494,31,790,1808,65.68,Mid-tier,1
7.6,0,ECE,0,0,4,3.52,1,3.01,0,0,0,0,17.5,Not Placed,0
5.72,4,IT,0,0,4,4.06,2,5.98,507,26,148,1462,27.28,Not Placed,0
6.38,2,IT,0,0,3,1.81,1,4.16,600,41,0,0,20.12,Not Placed,0
8.97,0,ECE,1,6,2,4.96,3,4.5,546,18,252,1489,61.16,Mid-tier,1
5.88,6,ECE,2,6,2,3.74,1,3.91,824,20,116,1559,29.19,Not Placed,0
7.34,0,ECE,0,0,2,3.72,2,5.27,316,12,0,1505,24.47,Not Placed,0
6.58,0,IT,2,6,5,4.2,3,6.5,411,38,338,1535,63.02,Mid-tier,1
6.24,2,ECE,1,3,2,2.57,2,3.63,475,20,0,1507,35.78,Mass Recruiter,1
7.07,3,Mechanical,0,0,5,3.16,3,4.89,0,0,0,0,25.94,Not Placed,0
8.94,1,IT,0,0,2,3.2,5,4.54,136,11,0,0,31.94,Not Placed,0
8.68,0,EEE,1,4,1,4.0,1,3.87,83,32,109,1407,39.39,Mass Recruiter,1
8.37,0,CS,4,18,4,6.65,6,7.41,291,24,0,0,63.97,Mid-tier,1
7.27,1,CS,1,2,6,4.16,3,5.54,0,0,0,0,30.08,Not Placed,0
6.53,3,ECE,1,4,3,4.23,4,4.01,0,0,60,1315,26.48,Not Placed,0
6.42,1,IT,1,4,2,2.89,3,4.59,736,15,204,1493,51.5,Mass Recruiter,1
8.42,0,EEE,0,0,0,0.0,1,3.41,40,3,103,1362,18.16,Not Placed,0
7.13,3,IT,1,4,5,5.16,4,6.38,578,39,0,0,36.57,Mass Recruiter,1
6.55,0,Mechanical,0,0,1,2.95,2,2.4,0,0,0,0,13.25,Not Placed,0
5.83,2,ECE,0,0,4,3.15,2,3.77,0,0,115,1422,15.67,Not Placed,0
7.54,0,EEE,1,2,0,0.0,2,2.59,0,0,0,0,20.26,Not Placed,0
5.64,3,ECE,1,3,2,2.18,1,3.59,773,37,0,0,20.53,Not Placed,0
9.2,0,Mechanical,0,0,2,3.28,0,2.51,484,19,262,1481,44.51,Mass Recruiter,1
6.72,3,IT,0,0,2,1.55,4,4.02,395,13,0,0,9.92,Not Placed,0
7.09,2,ECE,2,8,3,6.58,1,5.52,597,24,0,0,38.52,Mass Recruiter,1
6.9,2,IT,1,3,2,4.0,4,4.66,526,26,0,0,34.83,Not Placed,0
5.84,4,IT,2,4,4,5.35,3,5.66,430,16,169,1506,41.21,Mass Recruiter,1
7.23,1,ECE,1,3,4,5.78,1,5.1,286,39,239,1514,43.38,Mass Recruiter,1
6.78,0,ECE,0,0,7,3.08,4,6.04,0,0,108,1461,30.2,Not Placed,0
7.08,0,Civil,1,3,1,2.23,2,2.96,0,0,0,0,34.83,Not Placed,0
7.55,0,IT,1,6,2,3.31,0,4.29,347,12,185,1498,41.86,Mass Recruiter,1
5.57,0,EEE,0,0,1,0.3,2,3.38,47,1,0,0,12.88,Not Placed,0
7.45,0,ECE,1,4,2,3.2,4,5.03,0,0,0,0,27.75,Not Placed,0
7.06,3,CS,1,6,3,2.64,2,5.67,881,43,263,1715,39.47,Mass Recruiter,1
7.5,0,CS,0,0,4,3.98,4,5.15,485,18,646,1537,58.39,Mid-tier,1
6.24,0,ECE,0,0,2,0.3,4,3.4,0,0,0,0,9.01,Not Placed,0
7.98,0,Chemical,0,0,2,2.7,3,1.22,0,0,0,0,15.07,Not Placed,0
7.27,0,CS,1,4,0,0.0,3,3.43,30,6,313,1738,38.4,Mass Recruiter,1
5.73,2,IT,1,2,3,2.54,2,4.89,398,17,50,1297,32.23,Not Placed,0
5.98,3,Mechanical,1,2,5,3.88,2,4.48,0,0,100,1415,29.39,Not Placed,0
6.24,1,Biotech,0,0,1,0.3,0,2.22,148,12,5,1302,12.2,Not Placed,0
5.0,2,Biotech,0,0,1,0.87,1,1.0,0,0,0,0,-7.03,Not Placed,0
7.25,2,IT,3,14,5,6.26,5,8.17,590,27,193,1526,78.96,FAANG,1
5.71,4,CS,3,12,3,3.91,2,5.41,621,23,0,0,37.94,Mass Recruiter,1
6.73,0,IT,1,2,2,3.99,4,4.5,0,0,0,0,30.04,Not Placed,0
7.59,0,ECE,2,4,3,4.29,3,5.21,118,14,113,1557,47.75,Mass Recruiter,1
6.89,0,CS,1,2,4,2.42,3,5.9,852,46,539,2125,60.7,Mid-tier,1
5.88,1,Mechanical,0,0,2,1.79,1,3.95,0,0,0,0,4.38,Not Placed,0
5.89,2,ECE,3,10,3,4.42,4,5.6,624,3,0,0,48.12,Mass Recruiter,1
6.27,2,IT,0,0,3,0.3,3,4.32,125,17,0,0,14.59,Not Placed,0
5.34,0,ECE,2,3,2,4.79,1,3.81,546,43,0,0,33.45,Not Placed,0
9.12,0,ECE,0,0,2,3.98,1,4.24,0,0,646,1380,40.29,Mass Recruiter,1
9.26,0,EEE,3,10,2,3.94,0,4.28,616,24,303,1727,76.9,FAANG,1
7.58,1,CS,2,6,3,5.79,3,5.36,817,20,377,1771,62.39,Mid-tier,1
6.45,0,Mechanical,2,4,0,0.0,1,2.27,431,36,45,1462,30.11,Not Placed,0
7.36,0,Mechanical,0,0,2,2.74,2,2.43,0,0,0,0,17.77,Not Placed,0
8.29,1,EEE,0,0,1,2.83,2,2.57,146,4,196,1350,41.27,Mass Recruiter,1
6.2,1,Civil,0,0,1,0.95,2,2.18,0,0,0,0,10.74,Not Placed,0
9.2,0,Biotech,1,8,4,5.49,4,3.72,245,36,68,1458,50.13,Mass Recruiter,1
6.02,0,CS,0,0,3,1.87,3,5.51,810,2,103,1717,35.77,Mass Recruiter,1
6.16,1,IT,1,2,3,4.21,4,6.68,788,18,0,0,30.78,Not Placed,0
6.68,1,ECE,3,10,4,4.37,0,5.69,639,43,189,1413,68.62,Mid-tier,1
6.07,2,CS,0,0,6,4.03,1,4.96,733,21,307,1429,33.82,Not Placed,0
6.57,1,IT,0,0,4,2.12,3,4.74,521,20,231,1513,40.27,Mass Recruiter,1
6.89,4,IT,1,1,4,4.13,2,5.68,356,25,68,1369,28.84,Not Placed,0
5.37,1,CS,3,8,6,3.91,4,9.11,590,29,151,1721,55.73,Mid-tier,1
6.14,0,Civil,2,8,2,1.86,1,3.73,0,0,75,1579,40.3,Mass Recruiter,1
6.61,1,Civil,0,0,2,1.91,0,2.16,0,0,0,0,12.98,Not Placed,0
5.63,4,ECE,2,8,4,2.93,1,5.06,0,0,0,0,28.14,Not Placed,0
8.67,0,CS,0,0,4,7.69,5,6.4,837,41,378,1363,64.84,Mid-tier,1
5.65,3,IT,1,2,3,2.64,6,5.37,0,0,262,1350,26.76,Not Placed,0
5.73,1,Mechanical,0,0,1,0.3,0,2.33,0,0,0,0,6.63,Not Placed,0
8.32,0,CS,4,8,3,6.99,6,7.81,153,24,279,1465,76.01,FAANG,1
7.48,0,Civil,0,0,4,4.55,0,2.59,0,0,0,0,21.98,Not Placed,0
7.27,0,Mechanical,0,0,3,4.5,3,3.04,702,18,170,1564,36.36,Mass Recruiter,1
6.19,0,Mechanical,1,3,0,0.0,0,1.41,0,0,111,1452,23.67,Not Placed,0
5.89,2,CS,0,0,2,1.33,3,5.42,137,16,0,0,20.75,Not Placed,0
6.21,1,ECE,1,6,1,0.43,2,4.13,0,0,0,0,18.88,Not Placed,0
7.66,0,Civil,0,0,0,0.0,1,1.21,0,0,70,1237,10.61,Not Placed,0
6.76,0,ECE,0,0,1,1.23,4,4.41,0,0,147,1350,32.44,Not Placed,0
7.16,1,IT,0,0,5,3.81,3,6.18,343,27,0,0,36.34,Mass Recruiter,1
7.35,0,Chemical,0,0,0,0.0,0,1.96,0,0,0,0,11.88,Not Placed,0
6.61,1,IT,2,8,3,4.21,2,5.09,216,12,406,1441,56.64,Mid-tier,1
5.58,1,CS,2,6,2,0.88,3,5.8,517,20,87,1452,41.05,Mass Recruiter,1
8.16,0,CS,0,0,3,4.41,2,5.31,464,37,0,0,39.74,Mass Recruiter,1
6.56,1,ECE,0,0,1,0.46,1,3.23,84,2,42,1180,13.9,Not Placed,0
6.47,1,ECE,0,0,4,4.68,1,3.25,0,0,139,1413,30.91,Not Placed,0
6.25,1,CS,2,6,7,5.07,6,7.91,360,47,0,0,48.97,Mass Recruiter,1
6.19,0,Biotech,0,0,3,2.38,2,2.39,613,27,0,0,32.95,Not Placed,0
8.62,0,IT,2,4,3,4.49,2,3.92,595,27,162,1316,56.97,Mid-tier,1
5.91,3,CS,0,0,1,0.3,3,4.17,0,0,108,1778,23.97,Not Placed,0
8.33,0,IT,1,2,5,4.56,6,6.66,565,31,0,0,43.16,Mass Recruiter,1
8.73,0,CS,0,0,5,6.2,1,5.15,212,31,164,1393,53.59,Mass Recruiter,1
6.6,2,EEE,0,0,1,2.47,1,2.89,259,14,0,0,18.3,Not Placed,0
7.92,0,ECE,2,6,3,4.38,3,4.87,581,20,338,1502,57.35,Mid-tier,1
8.46,0,Mechanical,0,0,1,2.61,5,3.79,0,0,0,0,27.37,Not Placed,0
7.74,3,ECE,0,0,7,5.41,1,4.87,497,20,265,1475,43.09,Mass Recruiter,1
5.81,0,CS,2,4,6,4.67,5,6.83,686,37,112,1526,58.8,Mid-tier,1
7.66,0,CS,2,4,4,5.42,2,6.43,426,34,233,1164,62.0,Mid-tier,1
5.23,2,IT,2,6,4,1.22,1,4.81,782,32,0,0,36.51,Mass Recruiter,1
7.27,0,ECE,1,8,4,4.65,1,4.74,609,29,132,1351,40.97,Mass Recruiter,1
7.68,0,ECE,1,4,2,3.03,4,5.15,443,31,161,1279,45.27,Mass Recruiter,1
8.65,0,Chemical,0,0,1,5.49,0,1.0,0,0,0,0,18.48,Not Placed,0
6.3,0,Mechanical,2,4,3,3.81,3,4.8,0,0,0,0,41.44,Mass Recruiter,1
9.0,0,CS,2,4,3,5.67,5,7.03,859,23,227,1904,74.13,FAANG,1
6.02,2,Civil,1,3,1,1.8,2,2.04,0,0,0,0,9.35,Not Placed,0
7.77,0,Civil,1,4,2,4.46,3,3.32,0,0,53,1294,40.15,Mass Recruiter,1
6.98,1,CS,0,0,4,1.86,5,5.54,77,20,275,1216,36.02,Mass Recruiter,1
7.6,0,IT,1,4,4,4.95,4,6.33,531,39,232,1855,55.23,Mid-tier,1
7.36,2,ECE,2,6,3,2.88,3,3.36,0,0,193,1575,38.57,Mass Recruiter,1
6.64,0,CS,0,0,4,3.04,3,5.0,0,0,111,1826,33.54,Not Placed,0
9.0,0,Civil,0,0,3,4.41,5,4.79,0,0,0,0,31.01,Not Placed,0
6.19,1,CS,0,0,6,2.88,3,5.17,561,30,0,0,23.07,Not Placed,0
5.8,4,IT,3,12,2,4.33,5,5.82,314,35,13,1551,48.29,Mass Recruiter,1
8.32,0,CS,1,2,3,2.98,6,4.64,555,32,129,1241,56.09,Mid-tier,1
6.17,3,CS,1,2,7,5.07,6,7.91,418,25,262,1762,59.04,Mid-tier,1
6.26,4,Mechanical,0,0,1,3.14,1,1.68,257,12,0,0,6.11,Not Placed,0
5.4,2,IT,0,0,2,1.19,4,5.57,0,11,317,1427,25.48,Not Placed,0
7.53,1,ECE,3,12,3,6.04,3,5.9,746,11,0,0,61.81,Mid-tier,1
7.37,0,Civil,4,12,0,0.0,1,1.9,122,14,117,1364,47.33,Mass Recruiter,1
7.86,0,ECE,0,0,2,2.19,4,4.56,193,14,0,0,24.5,Not Placed,0
7.85,0,CS,1,3,3,5.04,5,5.77,804,24,607,2193,65.61,Mid-tier,1
8.05,1,CS,2,6,3,6.09,5,6.3,209,25,254,1713,57.67,Mid-tier,1
7.88,0,CS,2,8,1,3.72,5,6.26,199,0,210,1606,59.52,Mid-tier,1
7.3,0,ECE,1,3,4,6.26,3,4.67,538,29,301,1460,47.65,Mass Recruiter,1
5.44,1,Mechanical,4,8,3,2.12,3,3.98,0,0,0,0,29.52,Not Placed,0
6.16,2,Mechanical,0,0,0,0.0,0,2.31,70,0,0,0,3.12,Not Placed,0
7.64,0,IT,1,4,4,3.49,5,6.57,513,20,38,1396,46.29,Mass Recruiter,1
6.0,1,Chemical,0,0,4,3.79,2,2.59,0,0,98,1188,27.51,Not Placed,0
5.84,2,Mechanical,0,0,5,4.36,1,2.84,526,28,14,1500,27.54,Not Placed,0
9.06,0,CS,1,4,5,6.81,2,4.87,421,34,384,1263,62.14,Mid-tier,1
8.75,0,Mechanical,1,2,1,5.11,1,1.11,379,36,0,0,36.11,Mass Recruiter,1
8.28,0,Civil,1,2,1,3.26,1,1.38,560,40,0,0,27.9,Not Placed,0
6.94,3,CS,1,3,4,1.34,3,5.89,608,30,204,1603,45.45,Mass Recruiter,1
8.92,0,Chemical,2,4,2,6.06,1,2.8,417,25,135,1247,43.71,Mass Recruiter,1
8.69,1,IT,2,3,5,5.9,6,6.75,338,50,250,1358,64.25,Mid-tier,1
6.04,0,Chemical,1,3,3,3.29,0,2.06,784,22,131,1327,39.02,Mass Recruiter,1
6.96,1,CS,0,0,2,1.06,4,6.26,122,14,212,1388,27.78,Not Placed,0
7.28,1,CS,3,12,3,3.49,1,5.0,542,34,136,1539,70.33,Mid-tier,1
8.15,0,IT,0,0,2,2.07,5,5.28,623,36,412,1950,49.67,Mass Recruiter,1
7.38,0,Biotech,0,0,3,3.47,0,3.16,483,18,93,1455,23.96,Not Placed,0
6.51,0,CS,1,2,3,4.08,4,6.57,568,16,203,1472,51.22,Mass Recruiter,1
7.83,0,Chemical,2,4,4,5.18,2,3.94,0,0,55,1320,31.78,Not Placed,0
8.63,0,CS,1,2,3,6.16,5,6.38,466,38,394,2088,70.02,Mid-tier,1
7.44,3,CS,1,4,5,6.37,4,5.45,683,18,0,0,51.75,Mass Recruiter,1
7.35,0,CS,0,0,3,2.22,1,5.28,599,41,100,1137,35.29,Mass Recruiter,1
6.19,1,IT,1,2,4,3.71,1,5.81,471,20,185,1607,42.07,Mass Recruiter,1
6.58,2,Mechanical,4,8,0,0.0,2,4.98,0,0,124,1459,35.51,Mass Recruiter,1
6.44,0,IT,3,12,3,3.89,1,5.38,359,24,162,1453,67.96,Mid-tier,1
8.02,0,Civil,0,0,3,3.35,0,4.24,516,25,0,0,32.51,Not Placed,0
7.63,0,Chemical,2,3,2,4.32,0,1.55,0,0,0,0,24.5,Not Placed,0
6.18,0,Mechanical,1,6,0,0.0,3,3.41,222,7,113,1305,37.38,Mass Recruiter,1
7.04,0,IT,1,3,3,3.95,2,4.17,313,33,146,1724,48.26,Mass Recruiter,1
6.66,1,Civil,0,0,0,0.0,0,2.98,0,0,0,0,5.25,Not Placed,0
6.37,0,IT,0,0,6,2.3,1,6.06,521,23,307,1350,40.97,Mass Recruiter,1
7.94,0,IT,0,0,4,4.09,2,5.59,667,14,242,1808,44.74,Mass Recruiter,1
8.44,0,CS,0,0,6,5.07,4,6.81,456,40,31,1403,54.7,Mass Recruiter,1
7.53,0,IT,1,2,3,4.3,1,5.53,812,32,0,0,41.61,Mass Recruiter,1
8.22,0,Mechanical,0,0,1,4.36,2,1.62,0,0,264,1633,41.07,Mass Recruiter,1
9.08,0,CS,1,4,4,4.91,3,6.18,685,10,331,1690,69.12,Mid-tier,1
6.14,1,CS,3,10,4,4.79,7,7.73,354,36,0,0,53.84,Mass Recruiter,1
7.0,0,CS,0,0,4,3.49,6,6.05,556,30,167,1542,43.75,Mass Recruiter,1
6.65,0,ECE,0,0,4,2.62,1,5.61,611,27,72,1431,34.76,Not Placed,0
8.11,0,ECE,0,0,2,5.81,5,4.06,525,35,137,1485,36.49,Mass Recruiter,1
7.03,1,IT,2,4,2,2.83,6,5.11,0,0,170,1469,52.6,Mass Recruiter,1
6.24,0,IT,0,0,2,1.59,2,3.95,0,0,167,1436,25.03,Not Placed,0
8.66,0,EEE,1,2,2,3.63,2,3.17,658,25,0,0,41.8,Mass Recruiter,1
9.51,0,ECE,2,6,3,4.89,2,5.06,0,0,40,1284,51.24,Mass Recruiter,1
6.67,0,Biotech,0,0,1,1.97,0,1.0,421,7,0,0,10.97,Not Placed,0
5.96,0,IT,0,0,3,2.07,2,6.12,637,19,253,1470,37.96,Mass Recruiter,1
6.65,0,IT,1,4,3,3.55,2,5.99,302,44,95,1459,43.12,Mass Recruiter,1
5.68,0,ECE,2,3,1,1.25,1,4.97,0,0,159,1547,25.04,Not Placed,0
7.72,0,CS,0,0,6,3.49,3,7.19,681,15,287,1855,52.39,Mass Recruiter,1
6.13,0,IT,0,0,3,1.79,3,6.18,0,0,230,1584,25.64,Not Placed,0
6.97,3,EEE,0,0,4,2.78,1,2.69,0,0,0,0,8.64,Not Placed,0
6.0,1,Mechanical,1,8,3,3.69,1,2.83,0,0,0,0,31.81,Not Placed,0
6.65,3,CS,1,1,4,3.83,4,7.41,36,31,0,0,32.54,Not Placed,0
6.12,0,Mechanical,1,3,3,2.24,2,2.74,0,0,119,1461,35.41,Mass Recruiter,1
7.56,0,Chemical,0,0,4,3.89,3,3.3,0,0,60,1361,32.0,Not Placed,0
8.05,0,IT,1,2,3,6.5,5,6.29,0,0,143,1368,41.15,Mass Recruiter,1
8.73,0,ECE,0,0,3,3.26,5,5.38,787,21,169,1665,42.0,Mass Recruiter,1
5.56,2,ECE,1,4,5,2.76,3,5.92,506,8,88,1363,43.9,Mass Recruiter,1
6.15,0,CS,0,0,3,2.48,1,5.3,596,25,256,1185,44.84,Mass Recruiter,1
8.75,0,IT,0,0,0,0.0,3,3.88,50,1,308,1721,35.48,Mass Recruiter,1
6.39,3,Mechanical,2,4,3,2.57,3,3.27,0,0,25,1231,33.28,Not Placed,0
8.59,0,ECE,2,4,0,0.0,3,2.91,494,48,0,0,31.5,Not Placed,0
7.48,0,CS,2,8,2,3.38,3,5.04,172,19,0,0,40.31,Mass Recruiter,1
8.69,0,CS,2,4,3,4.82,5,7.49,483,20,117,1605,68.69,Mid-tier,1
8.86,0,Mechanical,2,6,0,0.0,3,3.59,436,32,8,1422,42.56,Mass Recruiter,1
6.55,0,Mechanical,1,4,2,2.56,1,4.09,0,0,122,1327,32.28,Not Placed,0
6.44,1,ECE,2,4,4,4.06,4,5.04,0,0,0,0,34.39,Not Placed,0
6.4,0,Chemical,0,0,2,1.58,1,1.32,159,8,0,0,17.45,Not Placed,0
5.87,2,Chemical,0,0,3,3.89,2,3.98,0,0,0,0,13.63,Not Placed,0
6.93,1,Mechanical,1,3,2,3.02,0,2.15,312,22,80,1406,24.99,Not Placed,0
7.1,0,CS,0,0,5,4.39,2,5.38,723,31,254,1448,48.22,Mass Recruiter,1
8.9,0,Chemical,0,0,1,5.13,0,2.31,316,17,0,0,24.72,Not Placed,0
5.28,2,CS,1,3,3,4.13,2,5.09,416,30,155,1808,44.7,Mass Recruiter,1
6.3,0,ECE,2,3,4,4.28,2,6.39,535,28,0,0,40.13,Mass Recruiter,1
7.14,1,ECE,1,2,4,4.94,5,5.38,0,0,103,1341,42.02,Mass Recruiter,1
6.37,0,CS,1,8,3,1.73,4,6.2,749,21,297,1560,61.33,Mid-tier,1
9.11,0,ECE,0,0,3,5.98,2,3.49,0,0,37,1479,34.57,Not Placed,0
5.38,4,CS,0,0,2,1.04,3,2.97,306,10,298,1572,15.51,Not Placed,0
5.59,3,CS,1,8,3,1.32,2,5.33,373,18,58,1424,33.72,Not Placed,0
7.79,1,Civil,1,4,4,4.35,3,3.88,0,0,0,0,27.44,Not Placed,0
6.63,1,IT,1,4,7,2.39,4,6.51,11,12,222,1438,46.42,Mass Recruiter,1
8.66,0,ECE,0,0,2,4.88,0,3.1,236,8,255,1622,45.1,Mass Recruiter,1
7.33,0,IT,2,4,3,4.84,4,5.31,679,14,95,1561,61.91,Mid-tier,1
5.63,2,CS,0,0,3,2.14,0,4.93,0,0,0,0,16.86,Not Placed,0
5.9,2,EEE,0,0,1,0.99,2,3.89,112,14,151,1339,16.54,Not Placed,0
6.6,1,Chemical,0,0,3,1.79,2,2.63,0,0,115,1075,18.03,Not Placed,0
8.81,0,CS,1,4,3,7.47,1,6.68,522,8,367,1823,67.89,Mid-tier,1
6.7,0,ECE,2,8,3,4.52,2,5.91,668,33,204,1624,60.63,Mid-tier,1
9.12,0,CS,1,2,5,7.89,5,6.11,905,9,422,1643,69.57,Mid-tier,1
7.96,1,Mechanical,0,0,2,3.68,2,2.55,186,17,78,1470,29.89,Not Placed,0
8.16,0,Civil,0,0,4,3.49,3,3.59,0,0,292,1678,39.33,Mass Recruiter,1
8.85,0,CS,1,3,5,6.19,4,8.18,355,33,365,1731,70.83,Mid-tier,1
7.22,0,ECE,2,4,5,2.82,2,6.38,501,14,84,1538,57.62,Mid-tier,1
8.23,1,IT,2,4,1,4.13,3,5.59,634,46,217,1289,48.13,Mass Recruiter,1
7.26,1,CS,2,8,4,4.0,7,7.71,670,27,166,1411,50.96,Mass Recruiter,1
8.26,0,CS,2,8,2,4.71,6,6.44,323,45,315,1639,55.55,Mid-tier,1
8.71,0,CS,0,0,2,3.63,7,5.06,645,33,401,1897,57.08,Mid-tier,1
6.72,1,CS,0,0,3,0.3,1,4.4,785,28,173,1639,40.72,Mass Recruiter,1
8.23,0,IT,0,0,3,4.24,3,4.42,0,0,172,1484,32.42,Not Placed,0
7.07,0,CS,0,0,4,3.41,4,4.92,438,23,216,1430,51.0,Mass Recruiter,1
5.82,0,CS,2,4,4,1.84,1,5.94,0,0,133,1442,38.19,Mass Recruiter,1
8.52,0,Civil,0,0,4,5.73,3,4.56,683,36,93,1153,31.98,Not Placed,0
5.88,3,CS,1,1,2,4.23,2,4.04,534,15,209,1701,41.46,Mass Recruiter,1
6.43,2,IT,1,2,4,3.18,2,5.05,346,30,163,1408,45.73,Mass Recruiter,1
7.74,2,Mechanical,0,0,3,2.16,1,1.9,525,32,87,1303,25.13,Not Placed,0
8.18,0,IT,3,8,4,6.18,0,5.95,682,25,104,1563,58.28,Mid-tier,1
8.04,0,IT,1,3,5,4.82,4,6.68,384,32,177,1533,50.53,Mass Recruiter,1
7.56,2,ECE,2,4,0,0.0,1,3.64,0,0,76,1210,26.22,Not Placed,0
6.61,3,ECE,0,0,3,3.79,2,4.79,0,0,201,1507,28.63,Not Placed,0
7.94,1,Mechanical,1,3,2,2.7,4,4.51,0,0,130,1569,34.95,Not Placed,0
8.99,0,Mechanical,2,6,4,6.65,4,5.29,975,36,0,0,62.37,Mid-tier,1
7.38,0,Civil,0,0,2,1.06,1,1.69,475,20,0,0,9.87,Not Placed,0
8.51,0,Biotech,0,0,2,3.66,1,1.0,0,0,0,0,18.03,Not Placed,0
8.63,0,ECE,1,2,3,4.39,3,5.2,670,41,0,0,49.37,Mass Recruiter,1
7.89,0,ECE,0,0,7,4.82,4,5.64,0,0,209,1677,38.53,Mass Recruiter,1
8.54,0,ECE,3,8,0,0.0,2,3.3,403,26,0,0,46.66,Mass Recruiter,1
6.25,0,ECE,2,10,5,4.03,2,6.03,0,0,113,1311,50.76,Mass Recruiter,1
7.95,0,IT,2,8,2,4.28,2,3.82,0,0,0,0,44.88,Mass Recruiter,1
6.6,0,Civil,0,0,0,0.0,1,1.38,0,0,0,0,6.04,Not Placed,0
6.91,1,Mechanical,2,4,1,3.73,0,2.19,0,0,8,1413,33.08,Not Placed,0
6.96,2,IT,2,10,3,5.72,3,5.52,0,0,115,1499,54.44,Mass Recruiter,1
5.36,3,CS,3,8,4,3.58,3,5.87,717,39,56,1255,53.66,Mass Recruiter,1
9.2,1,CS,2,4,5,7.65,2,6.61,867,22,269,1629,59.26,Mid-tier,1
6.62,3,Civil,0,0,3,1.23,2,2.91,597,30,6,1259,32.14,Not Placed,0
5.58,1,IT,0,0,3,1.41,1,4.97,659,31,267,1267,29.0,Not Placed,0
7.32,0,ECE,0,0,3,1.4,2,3.96,443,35,0,0,27.6,Not Placed,0
7.47,0,ECE,0,0,0,0.0,3,4.15,0,0,253,1653,22.39,Not Placed,0
5.69,1,ECE,1,4,3,2.96,3,4.32,234,39,131,1449,33.75,Not Placed,0
8.3,0,IT,2,8,2,3.65,4,5.19,0,0,0,0,43.14,Mass Recruiter,1
7.85,3,IT,0,0,5,3.42,2,5.5,359,15,245,1547,39.52,Mass Recruiter,1
8.28,0,Mechanical,1,8,2,5.13,4,4.16,246,36,291,1363,50.65,Mass Recruiter,1
5.97,4,Biotech,1,2,2,0.3,0,2.19,0,0,0,0,8.0,Not Placed,0
8.95,0,Chemical,1,4,2,6.23,2,3.14,0,0,81,1395,38.42,Mass Recruiter,1
9.41,0,EEE,1,8,2,5.9,3,3.93,0,0,89,1544,37.35,Mass Recruiter,1
7.81,0,CS,1,3,3,4.14,1,4.77,691,15,391,1642,47.49,Mass Recruiter,1
6.69,0,EEE,0,0,3,2.38,1,3.45,427,17,0,0,20.66,Not Placed,0
6.64,3,IT,1,4,5,4.97,2,5.56,766,24,0,0,46.77,Mass Recruiter,1
5.56,2,IT,1,6,6,3.5,0,5.67,530,22,187,1728,47.75,Mass Recruiter,1
8.44,0,ECE,1,1,1,2.58,3,3.52,452,26,161,1663,37.72,Mass Recruiter,1
6.72,2,ECE,2,4,2,3.74,3,5.08,0,0,164,1507,41.82,Mass Recruiter,1
6.08,2,CS,1,4,4,4.85,2,5.63,568,23,167,1698,42.29,Mass Recruiter,1
6.06,1,EEE,0,0,0,0.0,1,3.06,16,1,108,1444,14.53,Not Placed,0
6.01,0,CS,0,0,3,3.7,1,5.29,0,0,0,0,13.63,Not Placed,0
5.46,2,CS,2,6,5,2.39,5,6.32,528,5,225,1829,50.69,Mass Recruiter,1
7.01,0,Mechanical,0,0,1,2.59,2,3.15,0,0,132,1348,6.03,Not Placed,0
7.52,0,IT,0,0,1,3.6,5,5.36,14,6,155,1628,32.04,Not Placed,0
5.82,1,Biotech,4,18,3,3.13,1,3.26,0,0,0,0,34.25,Not Placed,0
5.81,5,Chemical,0,0,3,1.38,1,2.6,0,0,30,1299,7.45,Not Placed,0
7.03,0,CS,2,6,3,2.92,3,6.8,0,0,165,1564,46.57,Mass Recruiter,1
6.31,0,Mechanical,1,6,2,2.08,4,2.89,590,28,0,0,34.58,Not Placed,0
9.18,0,Chemical,3,8,4,5.82,1,4.53,163,27,0,0,58.03,Mid-tier,1
5.73,5,ECE,2,3,2,0.86,3,3.81,0,0,0,0,18.51,Not Placed,0
7.79,2,IT,1,1,2,1.4,3,5.79,463,19,277,1452,36.63,Mass Recruiter,1
7.15,0,IT,4,12,4,4.75,3,5.52,384,26,107,1548,66.45,Mid-tier,1
7.75,0,ECE,0,0,4,5.33,3,4.19,332,8,291,1509,46.02,Mass Recruiter,1
7.16,0,IT,1,3,6,3.24,3,5.54,307,33,144,1516,49.35,Mass Recruiter,1
6.37,2,CS,1,4,5,3.63,1,4.83,427,35,360,1538,50.84,Mass Recruiter,1
6.16,2,ECE,1,4,2,2.73,3,3.56,0,0,0,0,23.22,Not Placed,0
7.88,0,ECE,0,0,4,2.82,1,4.07,395,30,0,0,38.21,Mass Recruiter,1
7.14,1,ECE,1,1,2,3.5,3,3.69,408,25,268,1709,41.44,Mass Recruiter,1
5.99,3,Mechanical,3,12,5,4.22,2,5.67,663,31,35,1157,57.13,Mid-tier,1
7.59,0,Chemical,0,0,4,4.11,1,1.13,0,0,0,0,20.03,Not Placed,0
6.75,4,IT,0,0,2,3.46,3,3.19,164,10,0,0,14.89,Not Placed,0
7.2,2,Chemical,2,6,2,3.34,1,3.36,233,25,126,1206,28.48,Not Placed,0
8.6,0,ECE,0,0,1,3.62,3,4.09,166,0,125,1506,28.08,Not Placed,0
6.43,2,IT,0,0,4,3.42,0,4.15,761,26,301,1484,41.4,Mass Recruiter,1
6.53,4,IT,4,12,2,3.39,3,5.93,482,20,0,0,40.69,Mass Recruiter,1
6.38,3,Mechanical,0,0,2,0.54,1,3.63,270,9,0,0,3.0,Not Placed,0
7.15,0,IT,1,4,5,4.68,1,6.14,647,19,0,0,48.32,Mass Recruiter,1
6.42,1,Civil,0,0,1,1.36,1,3.21,91,5,51,1208,19.77,Not Placed,0
6.37,0,Chemical,1,6,3,4.2,0,2.4,202,23,0,0,35.58,Mass Recruiter,1
6.51,2,IT,0,0,6,4.35,2,6.92,230,36,15,1407,15.36,Not Placed,0
6.51,1,ECE,0,0,3,3.17,2,3.96,287,28,0,0,33.16,Not Placed,0
8.8,0,Civil,1,3,3,3.7,0,1.89,607,21,0,0,44.62,Mass Recruiter,1
9.27,0,Civil,0,0,1,3.2,4,2.87,64,8,194,1631,33.05,Not Placed,0
7.3,0,IT,1,3,3,2.73,1,4.28,583,28,285,1629,56.87,Mid-tier,1
6.28,2,IT,3,10,0,0.0,3,3.8,0,0,0,0,30.29,Not Placed,0
5.8,4,ECE,0,0,2,2.21,3,4.23,0,0,0,0,12.06,Not Placed,0
6.58,0,IT,1,3,5,3.29,2,5.99,0,0,51,1559,44.77,Mass Recruiter,1
9.05,0,ECE,0,0,3,4.17,3,5.43,697,26,327,1397,47.32,Mass Recruiter,1
7.66,2,Mechanical,0,0,2,0.64,2,3.9,0,0,148,1455,10.52,Not Placed,0
7.64,0,CS,1,3,3,3.72,3,3.95,392,24,134,1389,48.05,Mass Recruiter,1
8.63,1,EEE,1,3,0,0.0,1,2.64,271,12,83,1413,29.88,Not Placed,0
8.17,0,Chemical,1,6,2,3.94,3,2.96,0,0,36,1621,34.17,Not Placed,0
6.21,1,Civil,1,4,2,1.92,4,3.93,632,17,0,0,30.34,Not Placed,0
9.13,0,CS,2,4,3,6.52,2,4.89,594,26,628,2013,79.1,FAANG,1
9.13,0,Civil,2,3,2,7.44,2,4.08,848,40,268,1359,55.85,Mid-tier,1
8.62,0,CS,1,8,2,4.08,0,4.73,663,13,156,1560,40.32,Mass Recruiter,1
6.12,0,CS,3,10,5,3.48,3,7.81,545,30,423,1781,63.76,Mid-tier,1
7.28,0,Civil,0,0,1,3.78,1,1.98,0,0,117,1482,27.23,Not Placed,0
6.6,2,IT,0,0,2,1.63,3,4.22,0,0,306,1735,31.37,Not Placed,0
6.49,1,ECE,0,0,3,2.71,5,5.7,0,0,58,1448,14.91,Not Placed,0
8.56,0,Chemical,1,2,0,0.0,2,2.43,70,8,88,1652,38.57,Mass Recruiter,1
5.71,1,Mechanical,2,4,1,3.86,3,2.59,0,0,102,1174,33.1,Not Placed,0
6.93,1,ECE,1,3,4,4.36,2,4.7,545,12,68,1315,39.86,Mass Recruiter,1
6.2,1,CS,1,2,2,1.82,1,4.56,447,16,236,1895,38.48,Mass Recruiter,1
5.85,0,Civil,0,0,0,0.0,0,2.02,21,1,0,0,5.97,Not Placed,0
5.96,2,CS,0,0,0,0.0,8,5.15,101,6,0,0,6.82,Not Placed,0
6.52,3,CS,0,0,2,1.24,1,3.99,142,5,209,1548,20.55,Not Placed,0
6.4,3,CS,1,2,7,4.36,1,7.92,499,25,0,1442,39.42,Mass Recruiter,1
8.93,0,CS,1,4,4,5.45,3,4.96,361,27,568,1707,72.96,Mid-tier,1
5.99,1,Civil,3,10,2,4.1,2,4.64,0,0,0,0,36.79,Mass Recruiter,1
9.11,0,Chemical,0,0,3,5.0,1,1.41,433,16,83,1171,41.42,Mass Recruiter,1
7.6,0,ECE,0,0,3,4.7,7,4.33,0,0,198,1677,32.74,Not Placed,0
5.82,1,Mechanical,0,0,2,1.51,1,2.84,0,0,0,0,10.6,Not Placed,0
6.06,0,ECE,3,12,1,2.51,2,4.01,0,0,0,0,47.72,Mass Recruiter,1
7.34,1,Civil,0,0,0,0.0,0,2.45,0,0,0,0,11.19,Not Placed,0
7.97,1,CS,1,1,3,5.8,3,5.69,448,24,106,1724,49.39,Mass Recruiter,1
6.51,3,CS,2,6,2,2.82,2,5.94,361,19,316,1633,47.55,Mass Recruiter,1
6.77,0,Mechanical,0,0,2,1.0,1,1.83,0,0,0,0,14.64,Not Placed,0
6.73,0,IT,2,4,3,5.15,1,5.13,548,18,283,1408,60.08,Mid-tier,1
9.24,0,Mechanical,0,0,0,0.0,0,1.8,29,3,0,0,12.38,Not Placed,0
5.98,1,CS,0,0,3,1.44,2,5.25,487,33,0,0,23.26,Not Placed,0
6.45,0,ECE,0,0,1,0.3,4,3.43,55,11,0,0,20.23,Not Placed,0
7.11,0,EEE,1,3,3,2.77,1,3.74,600,55,64,1460,45.01,Mass Recruiter,1
6.88,2,EEE,1,2,1,3.29,4,3.73,0,0,65,1462,26.92,Not Placed,0
8.3,0,CS,2,6,1,4.19,3,6.05,456,13,148,1732,53.14,Mass Recruiter,1
9.55,0,Mechanical,0,0,0,0.0,1,2.27,0,0,97,1401,24.53,Not Placed,0
7.36,1,CS,0,0,5,3.93,6,6.53,368,38,259,1491,46.89,Mass Recruiter,1
6.81,2,Civil,1,2,2,2.38,0,3.35,490,25,0,0,26.11,Not Placed,0
7.33,0,Chemical,2,8,3,4.27,1,4.06,388,48,0,0,43.69,Mass Recruiter,1
6.41,1,IT,2,8,3,4.89,4,7.0,0,0,210,1955,51.32,Mass Recruiter,1
5.72,5,Chemical,0,0,3,0.74,0,2.91,0,0,0,0,2.13,Not Placed,0
7.18,0,CS,0,0,2,2.08,3,5.62,529,28,303,1534,42.76,Mass Recruiter,1
8.32,0,IT,0,0,3,5.54,2,2.27,619,34,230,1754,49.08,Mass Recruiter,1
6.82,0,Mechanical,1,3,1,2.78,0,1.0,267,3,0,0,20.93,Not Placed,0
7.41,1,CS,0,0,3,2.5,4,5.57,304,33,248,1712,42.56,Mass Recruiter,1
5.0,2,Mechanical,0,0,1,1.25,1,2.08,0,0,18,1491,7.35,Not Placed,0
7.48,0,Mechanical,0,0,2,3.05,3,3.13,633,3,0,0,23.39,Not Placed,0
6.5,2,IT,0,0,1,4.31,3,5.0,36,12,272,1520,26.9,Not Placed,0
6.69,2,IT,0,0,5,3.82,3,5.71,617,23,106,1514,39.62,Mass Recruiter,1
7.3,1,EEE,0,0,4,4.45,1,4.57,191,18,0,0,27.81,Not Placed,0
7.07,0,CS,3,8,1,3.74,6,6.43,518,35,160,1591,63.42,Mid-tier,1
6.97,2,CS,2,3,5,5.16,5,7.36,631,28,157,1756,52.2,Mass Recruiter,1
7.66,0,Civil,0,0,0,0.0,3,1.92,0,0,90,1546,22.83,Not Placed,0
7.57,0,EEE,0,0,4,2.93,3,4.49,433,7,0,0,20.8,Not Placed,0
8.26,0,CS,1,3,5,5.26,6,6.49,478,14,214,1195,61.24,Mid-tier,1
7.43,0,IT,3,10,4,6.1,0,6.18,0,0,127,1592,58.94,Mid-tier,1
6.55,1,IT,2,6,4,4.75,1,6.31,683,6,183,1679,52.77,Mass Recruiter,1
5.82,1,CS,1,3,6,1.54,5,7.32,674,40,301,1558,52.11,Mass Recruiter,1
6.77,0,CS,2,4,3,5.22,5,7.05,350,27,331,1432,63.13,Mid-tier,1
6.27,1,CS,1,4,4,2.24,2,4.83,326,27,275,1520,55.37,Mid-tier,1
8.54,1,ECE,2,8,4,6.76,1,4.46,469,39,89,1383,62.68,Mid-tier,1
9.03,0,EEE,1,2,3,4.57,4,5.39,498,9,24,1612,49.18,Mass Recruiter,1
6.46,1,IT,3,18,5,4.46,3,6.96,539,39,0,0,51.98,Mass Recruiter,1
5.24,3,Mechanical,0,0,2,0.59,3,4.13,0,0,27,1254,6.49,Not Placed,0
9.32,0,IT,1,2,4,6.7,3,6.08,532,0,627,1497,71.72,Mid-tier,1
7.14,0,IT,0,0,2,2.68,1,5.1,58,14,172,1738,38.53,Mass Recruiter,1
5.55,0,CS,4,8,4,2.77,0,5.62,298,35,232,1673,73.43,Mid-tier,1
8.44,0,Civil,2,3,3,3.25,5,4.34,0,0,159,1774,46.64,Mass Recruiter,1
8.78,0,ECE,0,0,2,5.48,2,4.18,582,21,0,0,26.16,Not Placed,0
8.83,0,ECE,1,3,3,4.1,3,4.85,375,23,0,0,38.74,Mass Recruiter,1
7.56,0,CS,1,6,3,3.0,1,4.72,332,38,286,1396,56.75,Mid-tier,1
6.25,0,Mechanical,0,0,2,2.41,4,4.03,256,7,0,0,20.02,Not Placed,0
7.01,0,Civil,1,8,3,4.11,2,3.97,488,34,79,1258,50.94,Mass Recruiter,1
8.57,0,IT,1,4,2,4.19,2,4.71,354,12,180,1753,54.03,Mass Recruiter,1
6.09,0,ECE,0,0,1,1.24,1,2.54,104,7,118,1373,24.26,Not Placed,0
6.05,3,Chemical,0,0,0,0.0,1,1.91,0,0,0,0,-0.11,Not Placed,0
6.47,0,IT,3,8,4,3.48,1,6.47,649,20,0,0,51.14,Mass Recruiter,1
6.33,0,Chemical,2,4,3,3.36,3,4.42,364,22,76,1445,27.92,Not Placed,0
6.29,4,EEE,0,0,2,3.63,0,2.44,561,13,0,0,11.11,Not Placed,0
7.6,0,CS,1,2,4,4.35,5,5.37,440,23,445,1746,61.32,Mid-tier,1
7.22,0,IT,1,8,4,4.0,0,4.32,570,17,266,1507,56.75,Mid-tier,1
5.54,5,Mechanical,0,0,5,4.34,2,3.85,0,0,102,1311,18.97,Not Placed,0
6.83,0,Civil,0,0,4,3.42,2,2.86,0,0,90,1431,33.49,Not Placed,0
6.29,0,Civil,0,0,2,1.8,2,2.9,584,44,18,1146,21.98,Not Placed,0
8.15,0,Mechanical,2,4,0,0.0,1,3.04,449,29,133,1244,45.24,Mass Recruiter,1
7.91,0,CS,0,0,2,2.16,4,4.08,74,22,381,1827,43.22,Mass Recruiter,1
7.41,0,Mechanical,4,8,0,0.0,1,2.63,811,37,100,1550,41.35,Mass Recruiter,1
7.67,1,CS,0,0,4,5.34,3,4.56,0,0,117,1642,38.1,Mass Recruiter,1
5.19,5,CS,1,3,5,3.49,1,4.94,540,47,104,1399,31.82,Not Placed,0
7.24,0,Civil,0,0,4,3.24,1,2.61,0,0,104,1236,26.7,Not Placed,0
7.02,1,ECE,1,4,2,2.68,2,4.07,536,26,0,0,31.98,Not Placed,0
6.83,4,ECE,0,0,3,2.78,3,4.06,747,15,112,1351,27.61,Not Placed,0
7.03,0,Chemical,0,0,5,4.91,1,3.57,0,0,83,1396,35.91,Mass Recruiter,1
6.44,1,Chemical,2,6,2,2.61,0,3.13,0,0,0,0,26.84,Not Placed,0
6.96,3,IT,1,1,7,2.94,3,5.93,0,0,307,1539,42.71,Mass Recruiter,1
8.52,0,Biotech,2,3,2,5.63,3,2.44,815,36,92,1376,57.04,Mid-tier,1
5.44,2,Civil,1,4,1,0.46,2,2.62,273,10,0,0,11.56,Not Placed,0
6.66,2,CS,0,0,2,1.63,3,6.38,166,11,281,1689,24.47,Not Placed,0
6.07,2,CS,2,8,3,4.95,8,7.28,553,21,57,1564,39.5,Mass Recruiter,1
5.5,4,CS,0,0,3,2.16,1,5.58,474,25,115,1479,27.11,Not Placed,0
6.85,4,CS,0,0,4,3.45,5,6.52,786,26,380,1408,38.94,Mass Recruiter,1
7.75,0,IT,0,0,3,3.63,2,4.7,523,7,245,1783,54.14,Mass Recruiter,1
6.26,0,CS,1,1,2,1.91,4,5.02,554,16,132,1611,42.13,Mass Recruiter,1
6.4,0,CS,2,6,4,3.15,3,6.68,250,45,322,1552,54.92,Mass Recruiter,1
6.37,0,ECE,0,0,5,2.67,4,5.49,292,10,46,1601,32.89,Not Placed,0
7.25,0,ECE,2,8,4,5.53,3,4.39,528,20,343,1787,61.86,Mid-tier,1
6.87,1,IT,2,4,1,4.3,4,5.83,515,11,155,1568,48.93,Mass Recruiter,1
8.62,0,CS,0,0,4,5.41,3,4.66,266,25,480,1538,51.24,Mass Recruiter,1
8.18,0,IT,0,0,5,6.58,5,5.01,396,19,213,1894,53.04,Mass Recruiter,1
8.43,1,CS,4,10,3,6.19,3,6.51,650,23,270,1092,73.25,Mid-tier,1
5.49,1,ECE,2,4,4,3.22,1,4.83,596,27,49,1117,44.82,Mass Recruiter,1
8.42,0,CS,0,0,4,5.66,5,5.23,411,39,123,1711,44.08,Mass Recruiter,1
7.63,0,Civil,0,0,2,1.93,3,2.9,0,0,0,0,16.36,Not Placed,0
8.11,0,ECE,1,3,3,4.64,2,4.53,0,0,334,1841,51.66,Mass Recruiter,1
5.93,2,ECE,1,2,1,0.3,1,3.81,0,0,319,1437,21.64,Not Placed,0
5.96,1,CS,0,0,4,1.69,0,5.03,387,35,140,1398,47.25,Mass Recruiter,1
8.07,1,CS,1,3,4,4.83,7,6.79,821,31,161,1456,53.48,Mass Recruiter,1
8.78,0,CS,1,4,3,4.52,2,4.91,494,31,0,0,51.06,Mass Recruiter,1
7.36,1,CS,2,10,2,4.78,4,5.73,510,28,178,1666,60.59,Mid-tier,1
6.03,0,IT,0,0,4,1.54,3,5.22,235,41,212,1797,44.17,Mass Recruiter,1
5.48,0,CS,0,0,4,1.91,3,6.08,489,26,0,0,15.53,Not Placed,0
8.27,0,IT,3,12,4,6.87,2,5.46,652,36,442,1826,85.68,FAANG,1
6.68,0,Civil,0,0,3,3.51,4,3.52,0,0,56,1319,20.25,Not Placed,0
6.14,1,CS,2,3,3,5.85,3,4.81,492,18,179,1659,48.1,Mass Recruiter,1
6.86,1,Mechanical,3,12,1,2.08,2,3.78,293,13,0,0,40.48,Mass Recruiter,1
5.9,2,CS,0,0,5,2.6,3,5.68,482,23,211,1679,39.62,Mass Recruiter,1
7.88,1,Civil,2,4,0,0.0,2,3.43,0,0,43,1443,35.67,Mass Recruiter,1
7.25,0,CS,0,0,2,2.31,1,4.48,0,0,0,0,25.64,Not Placed,0
7.18,0,ECE,0,0,3,3.0,2,4.11,800,17,171,1840,36.43,Mass Recruiter,1
7.76,0,Chemical,0,0,2,2.53,1,2.47,0,0,0,0,23.87,Not Placed,0
6.72,0,CS,2,6,3,5.5,3,6.52,0,0,328,1555,62.01,Mid-tier,1
5.0,4,IT,2,8,4,3.35,2,5.96,518,15,0,1411,34.03,Not Placed,0
8.79,0,ECE,0,0,3,6.74,2,4.07,339,12,305,1379,55.37,Mid-tier,1
7.14,0,IT,1,3,4,2.66,4,5.93,461,46,130,1737,48.34,Mass Recruiter,1
7.65,0,Mechanical,3,6,4,5.98,1,3.95,0,0,175,1528,60.86,Mid-tier,1
7.73,1,IT,0,0,5,5.23,3,5.66,209,17,496,2083,44.95,Mass Recruiter,1
5.86,3,ECE,1,3,2,2.63,1,3.46,0,0,128,1269,14.34,Not Placed,0
6.24,2,EEE,2,6,3,3.32,0,3.8,773,38,56,1180,42.99,Mass Recruiter,1
8.87,0,ECE,0,0,5,5.36,3,4.02,620,18,165,1387,60.81,Mid-tier,1
8.49,0,Mechanical,2,3,2,5.64,4,4.28,0,0,230,1417,47.46,Mass Recruiter,1
6.93,1,CS,1,4,5,4.8,2,4.74,632,25,161,1511,54.77,Mass Recruiter,1
6.51,0,IT,0,0,3,2.98,4,4.92,370,33,0,0,22.92,Not Placed,0
7.64,1,IT,0,0,3,3.62,3,4.48,524,29,0,0,18.04,Not Placed,0
7.63,1,Chemical,2,6,0,0.0,5,2.71,0,0,0,0,17.11,Not Placed,0
7.95,0,CS,2,8,4,3.42,2,5.02,470,35,0,0,60.26,Mid-tier,1
6.21,1,CS,2,3,2,0.81,5,6.66,612,32,194,1604,47.61,Mass Recruiter,1
6.2,1,Mechanical,4,8,0,0.0,2,2.61,0,0,0,0,27.87,Not Placed,0
5.63,3,Civil,0,0,1,0.3,2,1.57,0,0,24,1174,6.67,Not Placed,0
5.98,2,CS,2,8,2,4.05,4,5.56,182,20,120,1397,48.31,Mass Recruiter,1
7.41,0,ECE,0,0,2,2.26,2,3.43,154,10,180,1575,26.93,Not Placed,0
8.78,0,CS,3,10,3,4.14,1,5.36,466,6,22,1823,66.41,Mid-tier,1
7.27,1,CS,3,6,6,5.33,2,7.3,631,15,246,1099,73.69,Mid-tier,1
7.73,1,EEE,1,3,0,0.0,1,1.71,0,0,0,0,17.46,Not Placed,0
7.01,2,IT,1,6,2,4.78,1,3.43,0,0,175,1752,36.82,Mass Recruiter,1
9.18,0,Chemical,1,2,3,4.8,1,2.86,425,36,0,0,42.81,Mass Recruiter,1
7.6,2,Mechanical,0,0,4,3.63,1,3.02,240,31,0,0,18.92,Not Placed,0
7.57,0,Biotech,2,8,2,3.93,1,2.62,339,22,0,0,38.74,Mass Recruiter,1
8.1,0,CS,1,3,1,3.79,5,6.26,0,0,348,2119,50.81,Mass Recruiter,1
6.86,1,ECE,0,0,2,2.76,3,4.51,233,2,0,0,29.36,Not Placed,0
6.67,4,Biotech,0,0,0,0.0,2,1.0,0,0,126,1329,0.73,Not Placed,0
5.87,4,Chemical,0,0,2,0.3,2,1.78,0,0,0,1106,4.64,Not Placed,0
9.29,0,Mechanical,0,0,2,3.81,3,2.43,71,22,0,0,25.44,Not Placed,0
8.02,0,EEE,0,0,0,0.0,6,2.46,98,6,56,1430,19.5,Not Placed,0
6.59,1,ECE,2,6,2,2.69,0,4.85,361,25,0,0,35.72,Mass Recruiter,1
6.47,0,CS,1,4,1,1.27,2,4.85,90,25,235,1643,44.47,Mass Recruiter,1
8.37,0,Chemical,0,0,2,2.03,4,1.89,181,3,0,0,23.39,Not Placed,0
8.83,0,CS,1,3,2,3.74,6,6.26,685,12,507,1507,57.85,Mid-tier,1
8.86,0,Mechanical,2,3,0,0.0,3,2.91,0,0,233,1314,43.55,Mass Recruiter,1
8.98,0,IT,1,3,4,5.79,3,4.95,744,31,691,1937,69.2,Mid-tier,1
5.99,2,CS,0,0,2,1.89,1,4.08,0,0,307,1689,30.39,Not Placed,0
6.81,4,IT,1,3,6,5.23,7,5.93,655,31,76,1465,49.93,Mass Recruiter,1
8.84,0,CS,0,0,4,6.45,5,6.27,483,20,448,1764,71.21,Mid-tier,1
6.38,2,CS,0,0,5,5.07,6,5.17,259,39,133,1754,37.04,Mass Recruiter,1
5.73,0,IT,2,4,4,2.95,2,5.44,0,0,106,1451,46.22,Mass Recruiter,1
6.95,1,EEE,0,0,1,1.61,1,1.89,0,0,57,1251,14.32,Not Placed,0
6.57,0,CS,0,0,3,4.1,0,4.06,1289,24,315,1628,39.3,Mass Recruiter,1
6.44,3,CS,3,10,2,3.84,4,6.45,0,0,235,1573,58.55,Mid-tier,1
8.21,0,CS,1,3,3,3.49,4,5.93,459,32,251,1643,58.56,Mid-tier,1
6.86,1,CS,0,0,3,2.57,4,4.87,771,40,160,1575,38.28,Mass Recruiter,1
7.46,0,IT,1,2,3,4.22,5,6.5,419,31,243,1406,42.83,Mass Recruiter,1
5.74,4,Biotech,1,6,2,0.96,0,2.32,0,0,0,0,11.61,Not Placed,0
5.65,2,Chemical,0,0,1,0.3,0,2.46,0,0,0,0,1.65,Not Placed,0
7.99,0,CS,1,4,4,5.44,1,5.98,287,31,228,1654,47.66,Mass Recruiter,1
5.66,1,Chemical,0,0,0,0.0,1,1.01,0,0,0,0,7.46,Not Placed,0
7.73,2,Chemical,0,0,1,2.57,3,1.82,0,0,68,1203,17.99,Not Placed,0
6.39,2,CS,3,8,3,3.34,4,7.32,250,36,229,1427,60.16,Mid-tier,1
8.13,0,Chemical,0,0,4,3.63,4,2.88,0,0,0,0,23.19,Not Placed,0
8.07,0,Mechanical,0,0,3,4.7,0,3.03,687,38,101,1355,39.13,Mass Recruiter,1
6.38,0,Mechanical,3,10,3,4.41,2,4.22,558,22,0,0,49.17,Mass Recruiter,1
6.53,1,EEE,1,3,1,1.67,4,4.33,0,0,0,0,22.49,Not Placed,0
7.1,1,Biotech,0,0,3,3.85,1,1.51,799,23,0,0,19.78,Not Placed,0
6.42,0,CS,4,10,4,4.95,2,6.31,437,37,294,1552,69.81,Mid-tier,1
7.01,3,CS,4,10,4,5.86,0,6.15,529,17,129,1298,51.75,Mass Recruiter,1
5.77,4,ECE,2,4,2,3.91,1,5.24,446,44,0,0,23.26,Not Placed,0
5.72,1,CS,1,4,4,2.99,5,5.46,588,15,91,1237,39.01,Mass Recruiter,1
6.66,0,IT,1,4,0,0.0,3,3.5,118,5,91,1772,24.72,Not Placed,0
7.21,0,CS,0,0,2,1.8,6,4.63,0,0,189,1446,35.02,Mass Recruiter,1
7.81,2,ECE,2,8,4,6.49,1,5.22,271,11,271,1406,42.41,Mass Recruiter,1
7.06,0,Civil,0,0,2,3.16,2,2.51,0,0,41,1432,24.29,Not Placed,0
9.03,0,CS,1,4,2,3.2,1,5.88,634,36,486,1971,64.16,Mid-tier,1
7.46,1,CS,2,10,3,6.49,2,5.42,945,24,200,1710,70.64,Mid-tier,1
7.64,2,IT,0,0,2,2.89,4,4.43,568,39,224,1391,43.72,Mass Recruiter,1
6.97,0,CS,2,6,4,4.86,1,6.53,188,5,287,1491,58.09,Mid-tier,1
5.36,6,CS,1,4,6,3.91,3,6.79,299,26,109,1597,47.34,Mass Recruiter,1
5.16,2,Biotech,2,10,3,2.62,1,3.55,0,0,0,0,22.18,Not Placed,0
7.38,0,Civil,0,0,2,2.39,3,2.35,0,0,0,0,13.8,Not Placed,0
6.11,1,ECE,0,0,3,2.15,1,3.36,690,23,51,1318,18.75,Not Placed,0
8.25,0,CS,1,3,3,4.27,1,4.95,442,29,547,1763,60.17,Mid-tier,1
6.9,3,Civil,0,0,2,3.69,2,3.0,527,24,0,0,27.38,Not Placed,0
6.86,2,Civil,1,3,0,0.0,0,2.6,0,0,84,1397,14.66,Not Placed,0
7.81,1,Mechanical,3,8,1,4.4,3,3.93,0,0,0,0,37.54,Mass Recruiter,1
6.05,1,EEE,3,10,5,3.44,2,6.2,451,43,59,1280,55.75,Mid-tier,1
8.71,0,CS,1,6,1,3.57,3,4.75,456,24,498,1834,63.43,Mid-tier,1
7.5,0,CS,2,6,5,4.27,7,6.99,449,33,167,1564,58.35,Mid-tier,1
7.74,0,IT,3,12,4,5.06,3,7.4,613,18,90,1933,60.42,Mid-tier,1
5.56,5,IT,2,8,2,3.6,1,3.58,202,17,0,0,28.18,Not Placed,0
6.73,1,ECE,0,0,1,5.09,2,3.2,103,7,0,0,3.12,Not Placed,0
5.51,2,CS,1,2,2,1.52,2,3.68,0,0,173,1138,29.42,Not Placed,0
7.22,0,Civil,0,0,2,2.97,2,1.0,0,0,0,0,20.73,Not Placed,0
7.17,0,EEE,0,0,2,2.97,3,4.01,447,1,0,0,33.0,Not Placed,0
6.47,1,CS,1,2,1,2.69,1,4.48,472,39,0,0,34.48,Not Placed,0
6.74,0,EEE,0,0,1,2.92,1,1.96,135,4,0,0,14.65,Not Placed,0
7.1,0,CS,0,0,2,2.6,0,4.25,733,23,167,1537,39.94,Mass Recruiter,1
9.51,0,ECE,2,4,3,7.02,4,5.0,0,0,259,1480,65.77,Mid-tier,1
8.8,0,ECE,1,4,3,4.48,1,3.39,522,25,228,1498,51.12,Mass Recruiter,1
7.21,0,CS,1,1,2,3.86,5,4.5,0,0,236,1932,53.89,Mass Recruiter,1
6.82,0,EEE,0,0,2,1.51,1,2.3,0,0,100,1385,20.71,Not Placed,0
5.48,2,IT,0,0,4,3.18,1,3.94,693,21,158,1747,34.78,Not Placed,0
6.3,2,IT,1,2,4,2.4,2,4.89,662,17,204,1481,53.48,Mass Recruiter,1
8.73,0,CS,3,12,1,7.52,4,6.31,939,36,143,1440,73.72,Mid-tier,1
5.2,2,EEE,0,0,2,0.58,1,2.69,178,13,51,1344,2.98,Not Placed,0
7.4,0,ECE,1,6,3,5.05,7,5.19,415,43,0,0,33.78,Not Placed,0
6.55,1,IT,1,2,5,3.56,2,6.25,339,23,231,1430,46.25,Mass Recruiter,1
7.4,0,CS,2,6,3,4.15,3,5.85,351,19,122,1267,56.51,Mid-tier,1
7.48,2,ECE,2,3,4,5.49,1,5.29,0,0,59,1444,38.33,Mass Recruiter,1
7.56,0,ECE,2,4,1,3.5,4,4.24,633,24,233,1422,53.93,Mass Recruiter,1
6.07,1,CS,2,4,2,1.42,4,5.52,0,0,257,1298,41.17,Mass Recruiter,1
7.75,1,CS,0,0,4,3.99,7,7.18,494,35,264,1587,48.77,Mass Recruiter,1
6.97,1,CS,1,4,5,5.03,5,6.75,728,28,206,1361,53.9,Mass Recruiter,1
7.74,0,Mechanical,2,4,3,4.66,2,3.66,635,29,0,0,48.95,Mass Recruiter,1
6.46,2,CS,2,4,1,3.46,3,4.59,827,2,201,1297,43.63,Mass Recruiter,1
7.29,0,ECE,0,0,0,0.0,4,3.25,94,10,106,1526,31.11,Not Placed,0
5.89,0,IT,1,3,1,3.97,6,4.25,263,9,0,0,30.47,Not Placed,0
8.68,0,IT,0,0,5,6.47,6,6.18,0,0,0,0,39.21,Mass Recruiter,1
8.86,0,CS,1,2,3,5.78,7,6.13,669,9,448,2389,66.82,Mid-tier,1
7.71,0,EEE,1,3,2,3.64,3,4.84,0,0,140,1837,42.03,Mass Recruiter,1
6.21,0,IT,1,3,3,0.84,5,3.73,0,0,25,1381,40.37,Mass Recruiter,1
7.81,0,ECE,0,0,5,3.21,2,4.49,0,0,76,1920,42.05,Mass Recruiter,1
7.29,2,CS,0,0,5,3.23,1,4.82,784,46,279,1451,46.91,Mass Recruiter,1
7.6,0,ECE,0,0,2,4.14,3,4.24,481,20,140,1344,38.27,Mass Recruiter,1
8.02,0,ECE,0,0,0,0.0,4,4.24,22,1,91,1623,23.23,Not Placed,0
8.85,0,CS,2,6,3,5.64,3,6.08,572,37,43,2132,69.51,Mid-tier,1
7.0,0,IT,2,8,3,3.53,1,5.4,387,27,168,1655,45.82,Mass Recruiter,1
8.01,0,ECE,0,0,4,3.64,2,3.76,785,18,137,1646,45.59,Mass Recruiter,1
7.41,2,CS,3,10,0,0.0,2,4.95,530,22,400,1613,65.71,Mid-tier,1
6.17,1,IT,1,3,3,2.64,2,5.03,386,34,224,1426,48.57,Mass Recruiter,1
6.87,4,Mechanical,2,8,2,2.84,4,4.17,0,0,0,0,33.29,Not Placed,0
8.59,0,EEE,0,0,3,4.04,5,3.34,0,0,0,0,29.95,Not Placed,0
8.82,0,Biotech,0,0,3,7.66,3,2.49,1073,34,82,1502,40.92,Mass Recruiter,1
8.27,0,IT,0,0,3,4.54,4,4.89,91,30,123,1185,34.95,Not Placed,0
7.67,0,Chemical,0,0,3,2.13,1,2.12,441,41,0,0,16.71,Not Placed,0
7.79,0,Mechanical,0,0,1,2.71,0,4.13,0,0,245,1977,32.13,Not Placed,0
9.42,0,IT,1,2,3,3.86,5,6.4,1013,24,533,1838,54.23,Mass Recruiter,1
5.82,2,ECE,0,0,3,1.59,2,4.97,708,40,85,1521,21.84,Not Placed,0
7.85,0,CS,0,0,2,1.29,4,4.09,246,7,78,1599,33.25,Not Placed,0
5.96,6,ECE,2,6,3,3.78,2,5.45,0,0,118,1391,33.79,Not Placed,0
7.52,0,CS,2,4,5,5.89,5,6.55,0,0,111,1727,50.28,Mass Recruiter,1
6.49,0,CS,0,0,3,4.27,2,4.26,457,10,221,1543,38.3,Mass Recruiter,1
7.82,0,Mechanical,1,2,3,2.61,1,4.16,739,30,80,1376,43.05,Mass Recruiter,1
8.75,0,ECE,0,0,4,5.18,7,4.99,550,35,137,1522,52.7,Mass Recruiter,1
7.6,0,EEE,0,0,1,3.39,3,3.05,0,12,212,1599,37.1,Mass Recruiter,1
6.64,3,IT,0,0,5,3.13,1,5.01,399,29,66,1560,39.73,Mass Recruiter,1
8.41,0,ECE,0,0,2,1.75,4,4.51,871,19,183,1418,33.38,Not Placed,0
8.88,0,CS,1,1,3,5.82,4,5.3,720,23,598,1544,62.82,Mid-tier,1
6.65,0,IT,0,0,4,2.38,3,5.25,446,17,0,0,32.37,Not Placed,0
8.04,0,ECE,1,6,2,3.48,5,4.01,413,12,206,1454,46.77,Mass Recruiter,1
6.52,1,ECE,1,2,3,2.67,1,4.21,533,14,71,1413,31.3,Not Placed,0
8.62,0,ECE,0,0,2,2.65,2,4.03,774,6,145,1678,38.11,Mass Recruiter,1
8.5,0,Mechanical,3,8,0,0.0,2,3.73,0,0,138,1683,41.25,Mass Recruiter,1
6.47,2,CS,3,18,3,3.59,4,6.35,730,13,172,1634,57.17,Mid-tier,1
7.46,0,CS,1,3,3,2.96,3,6.07,483,37,220,1786,52.75,Mass Recruiter,1
8.86,0,CS,1,4,3,4.77,2,4.68,390,26,326,1649,57.25,Mid-tier,1
6.02,0,Civil,0,0,5,3.41,3,3.53,0,0,59,1277,35.47,Mass Recruiter,1
7.33,1,EEE,1,1,1,1.23,4,3.95,551,38,0,0,24.67,Not Placed,0
6.41,4,ECE,0,0,2,1.93,3,4.39,0,0,0,0,9.24,Not Placed,0
6.14,1,CS,3,12,6,5.81,3,7.1,417,18,199,1591,69.77,Mid-tier,1
8.02,0,ECE,0,0,3,3.05,0,3.15,0,0,179,1815,30.15,Not Placed,0
6.84,1,Mechanical,0,0,4,3.08,2,4.22,550,30,93,1409,38.54,Mass Recruiter,1
8.94,1,Mechanical,1,3,1,4.34,3,3.41,936,33,80,1280,41.88,Mass Recruiter,1
7.01,0,Civil,0,0,3,1.01,1,3.45,374,52,0,0,22.67,Not Placed,0
6.89,3,CS,0,0,4,4.69,3,5.35,0,0,294,2018,49.1,Mass Recruiter,1
8.07,1,Civil,3,6,1,3.86,1,3.6,694,46,0,0,34.07,Not Placed,0
6.5,1,CS,1,6,3,3.68,3,4.9,329,34,259,1435,43.5,Mass Recruiter,1
7.39,0,CS,1,4,7,4.66,1,6.23,529,40,140,1423,64.1,Mid-tier,1
7.56,0,CS,3,8,2,6.7,4,5.82,509,34,291,1481,68.66,Mid-tier,1
7.47,0,CS,2,4,5,6.02,2,5.95,529,33,208,1113,56.85,Mid-tier,1
9.14,0,CS,1,3,3,3.94,7,6.74,711,20,614,1628,73.39,Mid-tier,1
6.82,1,Civil,0,0,2,2.8,3,3.18,233,20,79,1343,15.42,Not Placed,0
6.05,0,ECE,0,0,4,1.37,2,4.68,250,48,29,1519,28.8,Not Placed,0
7.57,3,Mechanical,0,0,0,0.0,1,2.02,0,0,0,0,2.74,Not Placed,0
7.69,0,ECE,0,0,1,3.79,2,4.41,274,9,0,0,12.91,Not Placed,0
7.11,0,EEE,3,12,2,4.17,0,4.7,643,19,0,0,41.72,Mass Recruiter,1
7.02,0,IT,2,8,7,5.88,4,6.16,0,0,213,1900,68.47,Mid-tier,1
7.3,1,ECE,0,0,2,2.63,4,4.03,0,0,137,1621,20.26,Not Placed,0
8.62,0,CS,1,8,6,4.87,2,6.42,381,38,470,1640,76.97,FAANG,1
7.76,0,IT,1,1,3,3.14,1,6.48,260,28,67,1400,42.14,Mass Recruiter,1
6.02,0,CS,1,2,4,3.36,4,6.3,887,24,269,1539,49.64,Mass Recruiter,1
5.82,0,ECE,1,4,2,3.24,2,3.04,0,0,13,1827,35.5,Mass Recruiter,1
6.45,1,IT,1,4,3,2.21,5,6.14,574,36,215,1388,50.34,Mass Recruiter,1
7.36,0,EEE,0,0,0,0.0,0,1.81,0,0,0,0,14.55,Not Placed,0
6.16,1,CS,2,6,3,4.54,8,7.04,0,0,294,1472,52.41,Mass Recruiter,1
8.52,0,CS,1,2,6,5.67,4,6.44,474,38,437,1940,70.1,Mid-tier,1
5.91,1,Chemical,0,0,1,0.3,0,1.47,0,0,22,1372,13.21,Not Placed,0
5.88,4,ECE,0,0,3,0.3,1,4.1,700,17,100,1482,22.0,Not Placed,0
6.29,3,CS,1,4,6,3.98,1,5.32,631,36,0,0,32.4,Not Placed,0
7.27,0,ECE,1,3,4,3.49,4,4.94,0,0,105,1440,32.33,Not Placed,0
6.33,1,CS,0,0,4,3.01,4,5.61,372,30,282,1588,41.18,Mass Recruiter,1
6.61,2,Mechanical,0,0,0,0.0,2,3.06,83,3,0,0,13.72,Not Placed,0
5.27,1,CS,0,0,4,3.01,2,5.81,269,26,84,1370,38.33,Mass Recruiter,1
6.97,0,ECE,0,0,2,1.2,3,2.95,0,0,0,0,29.05,Not Placed,0
7.63,1,IT,0,0,5,3.4,9,7.33,311,32,226,1588,34.89,Not Placed,0
7.29,1,IT,1,3,4,3.59,3,6.26,712,27,0,0,32.41,Not Placed,0
5.84,2,Chemical,0,0,2,2.8,1,1.99,0,0,0,0,0.13,Not Placed,0
8.38,1,IT,0,0,6,5.83,6,7.31,436,40,191,1884,52.61,Mass Recruiter,1
6.71,3,Chemical,0,0,0,0.0,2,1.01,8,1,0,0,4.96,Not Placed,0
5.56,2,CS,0,0,4,1.1,4,5.77,633,32,109,1369,28.3,Not Placed,0
7.67,1,ECE,0,0,4,3.71,0,3.61,666,38,200,1457,36.31,Mass Recruiter,1
7.2,0,CS,4,18,4,5.74,3,7.11,579,35,178,1305,64.65,Mid-tier,1
5.15,0,CS,0,0,3,1.03,2,5.69,544,38,340,1560,37.33,Mass Recruiter,1
6.11,0,CS,0,0,1,1.68,1,5.12,25,8,258,1679,28.63,Not Placed,0
7.58,1,IT,2,4,3,3.08,2,4.91,576,42,115,1544,57.22,Mid-tier,1
7.82,0,ECE,0,0,0,0.0,3,3.44,30,10,224,1799,30.75,Not Placed,0
6.91,1,Mechanical,1,2,1,3.11,0,2.87,571,51,0,0,30.52,Not Placed,0
5.49,3,Mechanical,0,0,2,0.58,0,2.58,0,0,23,1516,12.74,Not Placed,0
6.11,2,ECE,2,4,5,2.58,1,5.69,416,36,0,0,37.84,Mass Recruiter,1
7.09,0,ECE,1,4,3,4.35,2,4.57,335,28,221,1312,51.76,Mass Recruiter,1
8.07,0,CS,0,0,3,3.66,3,5.59,0,0,0,0,18.4,Not Placed,0
7.51,1,Mechanical,2,6,5,7.33,1,4.73,526,21,16,1450,61.32,Mid-tier,1
7.13,0,Chemical,0,0,5,3.15,0,2.3,507,15,10,1125,41.86,Mass Recruiter,1
7.4,1,ECE,1,6,1,1.92,3,4.96,0,0,127,1485,39.38,Mass Recruiter,1
7.59,0,CS,0,0,2,1.54,5,4.96,655,18,143,1503,40.28,Mass Recruiter,1
9.02,0,CS,1,3,3,5.37,3,5.47,346,36,538,1424,54.12,Mass Recruiter,1
7.16,1,CS,0,0,3,3.76,5,6.13,549,42,270,1737,44.28,Mass Recruiter,1
6.73,0,Mechanical,0,0,4,1.83,2,3.1,631,37,0,0,27.96,Not Placed,0
6.16,0,IT,0,0,4,2.47,1,5.12,610,21,0,0,30.67,Not Placed,0
5.89,5,CS,0,0,3,1.36,0,3.83,155,34,76,1426,13.86,Not Placed,0
7.54,0,IT,0,0,3,1.24,5,5.08,550,32,116,1893,39.99,Mass Recruiter,1
7.89,1,CS,0,0,3,4.23,3,3.6,0,0,541,1940,46.65,Mass Recruiter,1
7.33,1,Mechanical,1,3,3,1.77,1,4.25,414,31,38,1283,31.68,Not Placed,0
8.38,0,CS,1,4,2,4.54,4,4.94,610,27,304,1310,51.85,Mass Recruiter,1
7.12,0,EEE,0,0,0,0.0,4,3.54,99,0,0,0,4.64,Not Placed,0
6.51,0,ECE,2,10,4,2.26,2,5.76,569,23,0,0,38.59,Mass Recruiter,1
7.0,0,Biotech,0,0,2,1.67,2,3.01,377,34,74,1207,28.37,Not Placed,0
6.34,3,ECE,0,0,1,1.02,3,3.68,121,2,0,0,7.99,Not Placed,0
7.2,2,Mechanical,2,8,3,4.61,5,5.77,0,0,0,0,42.07,Mass Recruiter,1
8.45,0,CS,0,0,5,5.68,6,7.52,290,23,110,1571,43.71,Mass Recruiter,1
6.41,2,EEE,1,6,1,0.46,2,2.2,425,30,0,0,16.5,Not Placed,0
6.47,2,CS,1,1,4,4.45,3,5.97,211,41,266,1474,53.19,Mass Recruiter,1
5.81,3,ECE,0,0,2,0.3,0,2.89,193,7,87,1601,18.62,Not Placed,0
6.35,0,ECE,1,3,2,2.22,0,3.44,508,5,112,1327,39.51,Mass Recruiter,1
6.55,0,IT,0,0,3,2.46,1,4.39,903,25,0,0,20.54,Not Placed,0
6.38,1,EEE,0,0,2,4.13,1,3.6,149,14,0,0,4.06,Not Placed,0
6.27,1,ECE,0,0,5,2.08,1,4.21,418,26,82,1657,31.37,Not Placed,0
7.0,0,ECE,0,0,3,3.61,2,4.45,683,11,237,1370,39.83,Mass Recruiter,1
5.9,1,EEE,0,0,3,2.28,1,3.6,0,0,47,1597,10.31,Not Placed,0
7.03,0,ECE,2,4,1,3.03,0,3.34,467,12,0,0,32.23,Not Placed,0
6.38,2,Mechanical,0,0,2,3.48,2,2.81,1052,37,0,0,8.66,Not Placed,0
5.83,5,IT,0,0,2,2.56,2,4.85,0,0,142,1633,8.91,Not Placed,0
6.37,2,Civil,0,0,1,1.96,2,2.68,0,0,0,0,3.36,Not Placed,0
7.88,0,IT,1,4,3,4.6,0,4.4,0,0,178,1684,45.52,Mass Recruiter,1
7.65,0,CS,1,1,3,3.13,4,5.28,520,27,247,1456,51.82,Mass Recruiter,1
7.91,0,Mechanical,0,0,1,2.68,1,2.52,259,14,0,0,12.68,Not Placed,0
8.23,0,Chemical,1,3,2,2.86,3,2.94,0,0,0,0,17.95,Not Placed,0
6.47,2,ECE,1,2,2,3.12,0,2.18,595,25,187,1346,35.23,Mass Recruiter,1
5.41,5,ECE,0,0,3,1.09,2,3.72,518,32,0,0,10.77,Not Placed,0
7.0,1,Mechanical,0,0,4,3.18,2,3.31,0,0,0,0,22.62,Not Placed,0
7.36,1,ECE,2,6,2,4.5,1,4.31,780,34,0,0,44.13,Mass Recruiter,1
7.11,0,IT,0,0,4,2.44,3,6.05,587,19,190,1215,35.61,Mass Recruiter,1
7.4,0,EEE,0,0,5,3.84,2,6.11,388,27,170,1325,34.44,Not Placed,0
6.9,0,CS,0,0,5,2.01,2,6.31,539,20,197,1625,40.93,Mass Recruiter,1
7.23,1,IT,0,0,4,4.08,4,6.47,277,32,0,0,28.05,Not Placed,0
6.58,2,Chemical,0,0,1,2.75,3,2.86,177,20,0,0,11.17,Not Placed,0
7.13,0,IT,2,6,5,5.99,2,6.52,648,18,289,1636,52.09,Mass Recruiter,1
5.29,1,ECE,0,0,2,1.15,2,3.21,255,5,0,0,13.7,Not Placed,0
6.68,1,Mechanical,0,0,1,1.7,1,2.52,18,4,129,1423,19.13,Not Placed,0
6.15,0,EEE,0,0,4,4.52,2,4.86,461,23,118,1560,43.88,Mass Recruiter,1
5.93,2,IT,1,2,2,2.15,0,5.93,628,17,329,1582,44.57,Mass Recruiter,1
7.74,0,EEE,1,2,4,5.65,3,6.04,0,0,214,1646,39.05,Mass Recruiter,1
7.77,1,IT,1,2,4,5.2,2,6.59,380,13,185,1565,57.19,Mid-tier,1
6.49,3,Biotech,3,6,1,1.93,2,3.66,0,0,0,0,19.78,Not Placed,0
7.56,0,IT,2,3,4,3.26,2,6.07,655,39,94,1479,55.96,Mid-tier,1
6.75,0,IT,1,2,1,1.83,1,5.71,679,27,351,1599,51.61,Mass Recruiter,1
6.24,0,CS,1,3,2,3.12,1,3.83,754,34,169,1692,48.66,Mass Recruiter,1
6.0,2,Civil,2,4,2,4.72,3,4.56,416,27,0,0,26.73,Not Placed,0
7.61,0,Mechanical,0,0,2,2.69,1,2.17,0,0,80,1482,22.14,Not Placed,0
6.85,3,IT,1,3,3,0.55,2,4.15,642,46,0,0,34.04,Not Placed,0
7.13,0,ECE,0,0,2,3.59,4,3.93,572,25,0,0,27.44,Not Placed,0
8.83,0,CS,4,14,3,7.82,8,6.75,693,32,0,0,76.46,FAANG,1
9.47,0,Mechanical,2,6,3,4.21,2,5.1,0,0,0,1222,47.26,Mass Recruiter,1
6.96,2,EEE,1,2,3,4.77,2,5.37,0,0,0,0,22.88,Not Placed,0
7.23,0,CS,1,3,4,4.95,2,5.81,458,7,181,1430,51.37,Mass Recruiter,1
8.68,0,EEE,1,2,1,5.22,4,3.46,268,31,121,1288,50.83,Mass Recruiter,1
5.71,1,EEE,0,0,0,0.0,2,3.44,69,8,0,0,-4.03,Not Placed,0
6.35,0,Mechanical,0,0,2,3.21,2,3.36,283,14,0,0,21.97,Not Placed,0
7.66,3,CS,1,4,1,4.2,6,6.23,691,30,101,1548,53.07,Mass Recruiter,1
7.52,0,ECE,0,0,2,1.51,6,3.78,0,0,153,1379,35.27,Mass Recruiter,1
7.68,0,IT,1,2,3,2.71,3,4.43,0,0,222,1281,47.79,Mass Recruiter,1
5.33,2,ECE,4,10,4,4.78,0,4.56,773,7,113,1215,52.61,Mass Recruiter,1
6.2,1,IT,1,2,2,4.0,2,5.19,264,23,0,0,28.25,Not Placed,0
5.91,1,CS,1,4,3,2.85,1,6.25,251,43,208,1437,43.11,Mass Recruiter,1
7.87,0,EEE,0,0,0,0.0,0,2.95,0,0,123,1281,23.79,Not Placed,0
9.11,0,ECE,0,0,4,4.15,3,3.71,347,22,543,2201,51.47,Mass Recruiter,1
7.16,0,IT,1,8,3,4.45,3,5.16,581,46,0,0,43.65,Mass Recruiter,1
5.65,2,Chemical,1,6,2,1.48,0,2.75,0,0,0,0,22.77,Not Placed,0
7.33,0,Chemical,0,0,0,0.0,1,1.0,0,0,72,1428,17.14,Not Placed,0
6.96,1,Civil,0,0,0,0.0,0,1.47,0,0,29,1476,19.35,Not Placed,0
7.37,1,ECE,0,0,1,2.36,3,3.97,0,0,66,1302,29.15,Not Placed,0
6.55,0,ECE,0,0,3,1.48,2,4.74,339,24,253,1700,40.97,Mass Recruiter,1
7.72,2,ECE,0,0,5,5.53,4,5.29,155,31,85,1339,32.35,Not Placed,0
6.81,2,CS,2,3,3,6.22,2,4.94,585,3,184,1300,62.64,Mid-tier,1
7.99,0,EEE,1,3,1,3.19,2,4.01,0,0,0,0,20.64,Not Placed,0
6.17,0,Civil,0,0,1,1.61,3,2.55,0,0,0,0,9.16,Not Placed,0
8.01,0,Mechanical,0,0,1,4.07,1,2.73,0,0,0,0,21.34,Not Placed,0
6.05,0,CS,1,3,3,2.41,1,4.78,829,36,397,1671,35.65,Mass Recruiter,1
7.87,0,CS,2,6,7,5.34,2,7.79,540,32,0,0,58.56,Mid-tier,1
8.04,0,CS,2,4,4,3.28,4,6.43,588,25,290,2405,65.01,Mid-tier,1
6.77,1,ECE,1,3,5,3.69,2,5.51,0,0,207,1249,47.38,Mass Recruiter,1
7.72,0,ECE,2,8,1,4.07,4,5.3,301,29,241,1678,54.47,Mass Recruiter,1
7.34,1,Chemical,0,0,1,0.46,1,2.13,22,2,99,1346,11.34,Not Placed,0
5.0,4,IT,0,0,3,1.34,1,4.31,626,51,211,1766,31.47,Not Placed,0
6.92,2,IT,3,10,6,6.6,1,8.5,786,28,0,0,57.64,Mid-tier,1
8.13,0,CS,2,6,4,5.69,4,6.13,570,33,545,1594,71.99,Mid-tier,1
6.3,3,Mechanical,0,0,3,2.94,2,2.96,562,32,0,0,11.86,Not Placed,0
5.82,2,IT,3,8,4,4.43,3,5.96,0,0,172,1781,61.83,Mid-tier,1
5.48,5,ECE,0,0,2,0.57,2,3.42,116,10,0,0,-0.34,Not Placed,0
5.96,3,Mechanical,1,3,3,2.44,0,2.43,0,0,0,0,20.65,Not Placed,0
8.12,0,Civil,1,3,3,3.7,3,3.86,0,0,0,0,32.85,Not Placed,0
6.38,1,IT,2,8,4,3.25,4,7.22,560,29,109,1740,41.68,Mass Recruiter,1
7.24,1,CS,2,4,5,6.07,1,6.33,652,31,245,1469,71.25,Mid-tier,1
7.14,1,CS,1,6,7,3.95,3,6.58,0,0,138,1377,37.9,Mass Recruiter,1
6.28,0,CS,3,14,5,4.68,5,7.22,0,0,148,1836,64.52,Mid-tier,1
7.27,0,Chemical,0,0,0,0.0,2,1.26,26,2,102,1354,12.86,Not Placed,0
7.7,1,Civil,2,6,1,4.25,3,3.76,0,0,92,1438,33.52,Not Placed,0
6.47,2,Chemical,0,0,4,0.99,4,2.87,0,0,0,0,10.96,Not Placed,0
7.75,0,CS,0,0,3,5.48,4,5.83,741,18,182,1699,43.06,Mass Recruiter,1
6.94,4,EEE,2,4,2,2.54,2,4.63,488,24,0,0,21.9,Not Placed,0
9.17,0,Chemical,0,0,0,0.0,1,1.76,69,4,0,0,9.76,Not Placed,0
7.53,0,CS,0,0,3,3.54,3,5.93,410,25,13,1458,34.53,Not Placed,0
5.17,1,CS,0,0,3,0.48,1,3.94,0,0,107,1517,23.39,Not Placed,0
7.82,1,Mechanical,0,0,0,0.0,4,3.74,0,0,0,0,14.25,Not Placed,0
6.57,2,CS,0,0,2,2.2,7,7.02,275,25,164,1385,22.33,Not Placed,0
5.28,1,ECE,0,0,3,0.3,2,4.82,286,28,0,0,5.76,Not Placed,0
7.46,1,IT,1,8,2,3.19,5,6.1,206,32,254,1183,51.4,Mass Recruiter,1
6.65,1,Mechanical,0,0,1,3.73,3,3.53,60,7,142,1358,21.21,Not Placed,0
7.21,0,ECE,0,0,2,2.67,3,4.03,674,25,112,1511,29.91,Not Placed,0
6.92,2,IT,4,14,2,5.5,2,4.45,317,26,193,1823,58.5,Mid-tier,1
6.32,1,IT,0,0,2,2.54,3,5.09,0,0,194,1232,21.88,Not Placed,0
8.29,0,EEE,1,4,2,4.88,1,4.43,414,11,126,1234,37.34,Mass Recruiter,1
8.52,0,Mechanical,0,0,3,3.63,1,3.56,0,0,250,1750,36.26,Mass Recruiter,1
8.97,0,Chemical,1,4,1,3.75,2,2.65,673,0,167,1965,37.54,Mass Recruiter,1
6.42,0,Mechanical,0,0,2,1.51,0,1.49,297,13,0,0,28.9,Not Placed,0
5.94,6,CS,0,0,3,1.63,2,4.58,305,23,84,1590,15.46,Not Placed,0
5.79,4,CS,0,0,5,0.91,3,5.95,350,37,209,1387,34.27,Not Placed,0
9.09,0,CS,1,4,4,6.2,3,5.52,908,32,604,1744,69.44,Mid-tier,1
7.17,1,Mechanical,0,0,3,1.93,2,2.26,705,27,119,1387,39.77,Mass Recruiter,1
6.79,1,CS,0,0,2,1.75,3,3.1,646,25,0,0,23.47,Not Placed,0
6.54,4,EEE,0,0,1,1.35,4,3.15,0,0,0,0,4.53,Not Placed,0
5.63,2,Mechanical,0,0,0,0.0,1,1.0,15,4,131,1260,8.42,Not Placed,0
8.27,0,CS,1,3,2,5.05,5,5.89,765,44,382,1548,67.26,Mid-tier,1
6.25,2,EEE,0,0,0,0.0,3,1.53,58,4,73,1168,12.92,Not Placed,0
6.89,1,Mechanical,0,0,1,0.9,4,2.51,0,0,71,1408,25.99,Not Placed,0
7.81,1,CS,1,8,2,4.99,3,5.09,509,34,0,0,42.67,Mass Recruiter,1
6.91,2,ECE,0,0,0,0.0,1,3.05,58,9,92,1181,24.12,Not Placed,0
6.57,0,IT,0,0,2,1.89,0,3.81,277,9,193,1823,41.66,Mass Recruiter,1
9.55,0,EEE,2,6,2,6.71,4,4.11,457,39,0,0,45.2,Mass Recruiter,1
7.94,0,CS,2,3,4,4.35,3,5.36,274,11,0,0,41.12,Mass Recruiter,1
7.17,0,ECE,3,12,2,4.08,1,5.24,0,0,157,1562,52.8,Mass Recruiter,1
6.56,0,Mechanical,0,0,3,2.66,1,3.29,412,18,139,1236,45.78,Mass Recruiter,1
7.01,0,IT,1,2,4,3.55,3,4.85,0,17,145,1931,38.5,Mass Recruiter,1
7.06,0,CS,0,0,2,2.5,0,4.16,137,13,88,1759,38.01,Mass Recruiter,1
7.64,0,EEE,0,0,1,3.11,5,3.95,338,14,281,1479,39.14,Mass Recruiter,1
6.15,1,CS,1,8,3,3.53,3,5.89,703,41,91,1694,44.21,Mass Recruiter,1
6.34,2,IT,1,2,3,3.43,3,4.8,681,16,296,1700,40.36,Mass Recruiter,1
7.68,0,Biotech,0,0,4,4.39,2,2.07,0,0,55,1440,27.07,Not Placed,0
6.3,1,CS,4,8,4,3.16,2,6.97,449,27,0,0,44.15,Mass Recruiter,1
6.5,0,CS,0,0,5,1.96,4,6.1,574,35,159,1625,33.41,Not Placed,0
9.34,1,ECE,0,0,5,4.69,5,4.99,476,32,200,1447,45.55,Mass Recruiter,1
7.55,0,IT,1,4,7,5.04,3,6.59,368,16,212,1425,60.12,Mid-tier,1
5.66,0,IT,4,10,4,5.31,0,6.28,0,0,209,1721,67.14,Mid-tier,1
6.2,0,CS,0,0,5,0.73,2,6.01,484,29,76,1350,35.9,Mass Recruiter,1
6.43,1,Mechanical,1,3,4,3.55,0,4.43,396,34,0,0,34.99,Not Placed,0
5.94,0,ECE,1,3,2,1.95,3,5.79,451,24,58,1661,31.4,Not Placed,0
5.0,0,IT,1,4,3,2.46,1,4.5,623,30,0,0,28.03,Not Placed,0
8.83,0,CS,2,6,3,4.96,6,7.28,0,0,357,1640,67.05,Mid-tier,1
8.37,0,CS,2,4,3,5.36,1,6.17,526,15,485,2196,69.03,Mid-tier,1
6.78,0,CS,0,0,4,4.03,4,6.66,694,33,0,0,39.86,Mass Recruiter,1
8.02,0,CS,4,8,3,5.26,2,7.41,719,22,0,0,62.0,Mid-tier,1
6.6,1,CS,0,0,3,1.7,0,4.6,499,24,349,1485,43.17,Mass Recruiter,1
8.31,0,EEE,0,0,1,4.46,3,3.37,211,12,0,0,32.54,Not Placed,0
5.0,2,CS,0,0,3,0.3,1,4.5,0,0,129,1885,31.07,Not Placed,0
7.23,0,IT,0,0,4,3.09,2,5.26,0,0,0,0,26.26,Not Placed,0
7.26,1,Biotech,1,3,1,2.9,2,2.12,0,0,0,0,24.65,Not Placed,0
5.72,2,ECE,0,0,0,0.0,4,2.97,71,4,0,1321,18.54,Not Placed,0
6.64,0,IT,1,3,2,2.12,3,5.5,648,17,225,1535,56.71,Mid-tier,1
7.23,0,IT,2,10,3,4.45,3,5.02,445,14,319,1198,63.98,Mid-tier,1
6.69,0,IT,0,0,2,3.49,2,4.62,0,0,299,1600,42.69,Mass Recruiter,1
5.49,1,Civil,0,0,0,0.0,1,1.99,0,0,0,0,4.63,Not Placed,0
6.11,3,ECE,1,2,3,2.94,2,5.24,0,0,0,0,18.28,Not Placed,0
5.92,2,EEE,1,3,0,0.0,2,4.11,92,8,86,1313,25.1,Not Placed,0
7.44,0,IT,1,2,1,3.0,1,3.45,258,3,283,1406,44.18,Mass Recruiter,1
5.51,3,IT,0,0,3,0.82,5,5.06,587,25,0,0,14.06,Not Placed,0
5.68,3,CS,1,2,2,1.63,1,5.09,856,24,175,1422,39.67,Mass Recruiter,1
5.52,5,Biotech,0,0,3,2.56,3,2.28,0,0,70,1542,6.46,Not Placed,0
6.78,0,CS,1,3,2,2.73,5,4.79,596,8,206,1662,41.71,Mass Recruiter,1
5.7,2,ECE,0,0,3,2.34,1,3.63,570,19,146,1302,24.6,Not Placed,0
6.67,1,ECE,1,3,4,2.99,3,3.85,520,41,0,1395,42.94,Mass Recruiter,1
6.81,1,CS,1,2,5,3.77,5,6.33,0,0,0,0,23.74,Not Placed,0
5.95,6,IT,1,4,3,4.0,3,4.56,509,27,161,1841,29.59,Not Placed,0
5.79,2,ECE,0,0,4,3.73,2,3.47,474,17,51,1261,28.06,Not Placed,0
6.47,0,CS,0,0,3,1.56,2,4.55,305,23,0,0,20.41,Not Placed,0
6.26,3,Civil,1,3,1,2.98,1,2.97,0,0,116,1287,18.37,Not Placed,0
5.89,3,ECE,1,2,2,3.7,6,4.72,167,21,166,1405,28.46,Not Placed,0
5.81,1,IT,1,4,1,2.01,1,4.53,149,18,152,1461,32.47,Not Placed,0
7.39,2,CS,1,6,5,3.79,6,7.52,131,37,139,1550,57.53,Mid-tier,1
6.69,0,CS,1,3,4,2.72,4,5.82,654,31,146,1721,48.14,Mass Recruiter,1
7.29,0,IT,0,0,3,2.5,1,4.87,820,31,0,0,33.54,Not Placed,0
5.81,1,CS,2,3,7,4.21,2,7.68,911,43,272,1901,63.01,Mid-tier,1
7.31,0,EEE,0,0,2,2.12,1,1.8,230,6,0,0,17.32,Not Placed,0
8.7,0,Mechanical,0,0,0,0.0,4,2.05,28,5,0,0,16.38,Not Placed,0
6.38,2,CS,0,0,7,3.53,4,5.79,905,37,292,1693,47.85,Mass Recruiter,1
9.0,0,IT,3,8,3,6.54,2,4.39,709,39,0,0,55.87,Mid-tier,1
8.18,1,Biotech,1,2,3,5.39,1,1.54,995,42,0,0,44.44,Mass Recruiter,1
6.12,2,Mechanical,0,0,2,0.53,1,1.69,0,0,0,0,0.5,Not Placed,0
7.16,2,ECE,0,0,2,1.87,2,4.21,0,0,128,1568,22.17,Not Placed,0
6.32,2,ECE,0,0,2,3.14,4,5.09,0,0,221,1516,27.58,Not Placed,0
7.57,1,Civil,0,0,5,3.79,4,3.24,222,17,0,0,28.11,Not Placed,0
6.35,0,IT,1,3,2,4.29,3,5.79,0,0,0,0,31.67,Not Placed,0
9.57,0,ECE,0,0,3,5.11,2,3.75,176,35,534,1892,56.32,Mid-tier,1
5.98,0,CS,3,8,1,4.33,4,6.68,506,26,116,1495,63.48,Mid-tier,1
6.08,2,CS,0,0,3,0.32,1,5.09,885,42,119,1701,17.87,Not Placed,0
7.19,1,Biotech,0,0,1,1.93,1,2.71,0,0,0,0,8.08,Not Placed,0
7.97,0,CS,2,8,5,4.22,6,7.19,139,25,511,1483,70.26,Mid-tier,1
5.84,4,ECE,2,8,3,3.65,2,3.2,254,29,0,0,28.45,Not Placed,0
7.87,1,ECE,0,0,0,0.0,1,2.98,80,0,111,1435,25.92,Not Placed,0
5.7,4,IT,2,10,3,2.69,1,5.27,318,36,290,1547,51.1,Mass Recruiter,1
5.92,2,Civil,2,4,4,2.49,3,4.34,295,30,52,1308,25.77,Not Placed,0
6.62,0,EEE,2,4,3,4.06,2,4.37,0,0,121,1528,47.03,Mass Recruiter,1
7.02,0,Mechanical,0,0,4,1.83,0,2.52,337,10,0,0,22.8,Not Placed,0
7.29,1,CS,2,6,7,4.77,4,6.75,696,14,132,1374,65.57,Mid-tier,1
6.28,4,IT,2,4,3,4.23,1,5.74,724,40,273,1465,45.79,Mass Recruiter,1
6.6,0,CS,1,3,4,3.64,1,5.49,407,22,140,1627,52.75,Mass Recruiter,1
6.98,4,Mechanical,0,0,1,2.5,3,2.95,0,0,0,1355,13.85,Not Placed,0
6.36,0,CS,0,0,3,3.12,2,5.25,305,30,160,1596,36.77,Mass Recruiter,1
7.52,0,IT,1,4,4,4.0,3,5.44,0,0,222,1857,58.21,Mid-tier,1
8.41,0,ECE,4,10,4,4.8,5,6.29,0,0,140,1559,64.3,Mid-tier,1
6.97,3,Mechanical,0,0,1,3.34,2,2.48,0,0,0,0,7.89,Not Placed,0
6.22,2,Mechanical,0,0,2,2.36,3,4.22,0,0,122,1543,20.35,Not Placed,0
8.0,0,CS,3,10,2,4.93,6,6.66,128,16,276,1694,78.64,FAANG,1
5.8,3,ECE,0,0,1,1.33,2,4.05,0,0,127,1390,23.44,Not Placed,0
7.51,0,ECE,2,6,5,4.94,2,6.05,577,34,0,0,51.07,Mass Recruiter,1
6.07,0,Mechanical,0,0,0,0.0,1,1.27,20,1,123,1596,10.98,Not Placed,0
6.97,4,CS,1,2,3,4.1,6,6.92,0,0,510,1538,49.92,Mass Recruiter,1
6.19,1,Mechanical,2,4,2,3.31,2,3.64,724,16,0,0,40.41,Mass Recruiter,1
6.91,2,IT,2,10,3,2.22,2,5.89,407,27,0,0,49.14,Mass Recruiter,1
6.97,1,Chemical,0,0,1,2.51,1,1.45,0,0,0,0,24.71,Not Placed,0
7.12,0,CS,2,8,5,3.9,6,6.39,526,43,263,1699,62.65,Mid-tier,1
6.28,1,CS,2,8,3,2.81,2,5.48,327,52,166,1755,46.28,Mass Recruiter,1
7.63,2,EEE,3,12,4,4.33,2,5.72,0,0,131,1318,60.3,Mid-tier,1
6.59,1,Mechanical,0,0,2,2.52,0,3.46,0,0,9,1203,21.5,Not Placed,0
6.59,2,CS,0,0,2,1.32,3,5.45,131,7,203,1437,26.61,Not Placed,0
6.31,4,IT,1,4,3,2.93,1,5.51,675,4,48,1373,44.15,Mass Recruiter,1
6.97,2,IT,0,0,2,2.37,1,5.92,268,14,0,0,22.73,Not Placed,0
7.9,0,ECE,2,6,2,4.3,4,5.63,678,39,190,1501,61.42,Mid-tier,1
9.41,0,IT,1,6,4,6.17,2,5.93,422,31,600,1610,66.72,Mid-tier,1
6.76,0,CS,1,4,4,3.6,3,5.27,0,0,91,1529,41.84,Mass Recruiter,1
7.28,0,Mechanical,2,8,0,0.0,1,1.54,0,0,170,1274,25.55,Not Placed,0
9.08,0,Mechanical,1,3,0,0.0,2,1.9,143,11,0,0,25.74,Not Placed,0
7.11,1,Chemical,0,0,0,0.0,3,1.0,0,0,52,1410,15.04,Not Placed,0
8.53,0,CS,1,2,1,3.73,3,5.14,382,18,212,1808,48.53,Mass Recruiter,1
8.16,2,CS,2,4,4,4.33,3,7.18,496,41,126,1327,49.66,Mass Recruiter,1
7.43,0,CS,2,4,3,4.92,3,5.54,514,17,118,1421,44.71,Mass Recruiter,1
6.11,0,CS,0,0,4,2.22,2,4.31,397,34,0,0,25.12,Not Placed,0
6.22,2,CS,0,0,5,4.44,0,4.69,829,19,0,0,19.34,Not Placed,0
6.13,1,ECE,1,6,3,1.57,1,6.31,362,29,0,0,30.94,Not Placed,0
6.09,0,Biotech,0,0,0,0.0,0,1.0,0,0,0,0,10.48,Not Placed,0
6.08,0,CS,1,4,2,0.74,2,5.16,318,19,225,1641,45.61,Mass Recruiter,1
7.2,0,CS,0,0,7,3.53,4,6.82,578,29,115,1388,52.88,Mass Recruiter,1
8.54,0,Mechanical,0,0,1,3.13,1,1.97,0,0,150,1283,31.0,Not Placed,0
8.68,1,CS,4,6,2,4.92,4,6.38,161,32,0,0,58.08,Mid-tier,1
7.06,1,IT,2,4,2,2.96,5,4.71,665,26,276,1489,63.6,Mid-tier,1
7.26,1,IT,1,3,5,4.63,4,7.55,0,0,171,1235,46.38,Mass Recruiter,1
6.94,0,EEE,0,0,3,3.82,6,4.29,0,0,150,1745,34.44,Not Placed,0
6.75,0,IT,1,3,5,4.45,6,5.78,480,30,0,0,43.71,Mass Recruiter,1
8.22,0,EEE,3,12,3,4.03,2,5.18,466,25,0,0,56.49,Mid-tier,1
7.67,1,Biotech,1,4,0,0.0,2,1.72,344,11,0,0,13.95,Not Placed,0
6.64,1,CS,0,0,5,2.87,2,5.71,0,0,230,1608,38.62,Mass Recruiter,1
7.55,0,Civil,1,2,1,3.35,3,2.53,0,0,0,0,19.8,Not Placed,0
6.48,0,Chemical,0,0,2,3.6,1,2.06,0,0,120,1522,12.99,Not Placed,0
7.19,0,CS,0,0,4,3.64,1,4.73,492,34,0,0,33.3,Not Placed,0
6.52,3,CS,0,0,5,3.77,1,4.29,595,23,182,1588,35.97,Mass Recruiter,1
6.98,0,Civil,0,0,1,4.08,2,2.61,0,0,0,0,8.74,Not Placed,0
7.48,0,CS,1,4,3,4.58,7,6.41,436,20,280,1239,53.87,Mass Recruiter,1
5.85,2,IT,1,2,5,1.51,1,3.74,593,29,166,1288,30.76,Not Placed,0
8.84,0,EEE,0,0,1,3.87,3,2.15,65,17,324,1639,47.68,Mass Recruiter,1
8.04,0,CS,0,0,3,3.33,2,3.89,203,19,0,0,29.5,Not Placed,0
5.68,1,CS,0,0,6,2.17,6,6.94,784,31,156,1784,36.67,Mass Recruiter,1
7.24,0,ECE,0,0,2,3.24,4,3.84,336,21,169,1995,34.17,Not Placed,0
8.43,0,Mechanical,0,0,3,4.69,2,2.43,0,0,9,1489,22.85,Not Placed,0
7.36,0,Mechanical,0,0,5,3.41,2,4.65,249,38,180,1567,35.6,Mass Recruiter,1
7.0,0,IT,2,6,2,4.34,3,5.7,450,41,0,0,35.93,Mass Recruiter,1
5.89,2,CS,1,4,3,1.85,5,5.21,366,32,193,1639,40.79,Mass Recruiter,1
7.04,0,IT,1,4,3,3.94,5,5.93,269,31,0,0,34.21,Not Placed,0
6.14,1,Mechanical,0,0,1,2.62,3,1.43,237,17,53,1348,22.85,Not Placed,0
6.68,3,CS,1,4,4,5.76,2,5.88,593,18,172,1839,50.52,Mass Recruiter,1
6.45,2,IT,1,3,2,1.69,3,4.99,718,30,0,0,28.11,Not Placed,0
8.34,0,ECE,0,0,2,3.41,4,4.59,0,0,140,1514,28.35,Not Placed,0
7.62,0,IT,3,6,5,6.3,6,7.33,345,14,0,0,57.48,Mid-tier,1
6.57,0,ECE,0,0,3,2.42,2,4.38,459,20,0,0,32.98,Not Placed,0
7.88,1,CS,1,3,3,2.43,4,4.51,207,10,0,0,38.43,Mass Recruiter,1
7.85,1,EEE,2,4,2,5.47,3,4.04,0,0,0,0,32.22,Not Placed,0
6.67,0,CS,2,6,3,3.23,7,6.2,302,37,192,1846,56.4,Mid-tier,1
6.73,2,CS,1,6,2,2.66,4,6.19,426,20,0,0,29.94,Not Placed,0
5.81,6,Mechanical,0,0,0,0.0,3,2.13,31,2,0,0,-8.33,Not Placed,0
8.05,0,IT,0,0,3,5.6,3,4.09,0,0,197,1333,38.71,Mass Recruiter,1
8.66,0,CS,1,1,4,5.01,2,5.98,559,35,540,2135,63.06,Mid-tier,1
8.36,0,Biotech,0,0,2,2.23,3,2.96,415,24,53,1543,32.56,Not Placed,0
7.09,2,CS,0,0,5,5.66,3,6.75,264,27,105,1489,37.68,Mass Recruiter,1
6.84,3,Mechanical,0,0,1,1.27,1,2.17,109,5,59,1476,11.04,Not Placed,0
6.91,0,Mechanical,1,3,1,1.73,3,3.13,0,0,0,0,37.33,Mass Recruiter,1
6.25,0,CS,0,0,5,2.46,4,7.37,546,28,168,1495,41.99,Mass Recruiter,1
7.66,0,ECE,0,0,3,1.86,4,3.6,477,54,215,1330,45.56,Mass Recruiter,1
6.24,1,CS,3,14,4,5.7,1,4.53,631,39,233,1588,65.11,Mid-tier,1
7.29,0,IT,1,2,3,3.25,3,5.45,749,33,205,1596,48.38,Mass Recruiter,1
5.62,0,EEE,2,8,3,3.66,1,4.36,551,11,48,1450,42.14,Mass Recruiter,1
6.29,1,CS,1,3,3,3.66,2,5.17,0,0,371,1628,41.54,Mass Recruiter,1
5.69,3,IT,1,4,4,2.37,1,5.81,278,42,0,0,24.38,Not Placed,0
8.43,0,IT,0,0,4,4.3,3,4.56,200,21,358,1926,48.83,Mass Recruiter,1
7.26,0,CS,0,0,3,1.96,5,4.78,657,33,242,1782,37.63,Mass Recruiter,1
6.05,1,Chemical,1,4,5,3.17,4,3.05,0,0,0,0,30.8,Not Placed,0
7.06,0,CS,2,6,5,6.06,4,7.5,399,29,0,0,48.4,Mass Recruiter,1
7.14,0,IT,2,3,2,2.94,3,6.3,0,0,215,1716,48.62,Mass Recruiter,1
5.61,2,IT,0,0,4,2.27,3,4.44,526,51,168,1808,35.38,Mass Recruiter,1
7.57,0,ECE,1,3,3,4.08,4,4.72,609,28,71,1388,45.39,Mass Recruiter,1
7.65,1,IT,1,4,3,4.58,3,5.41,524,18,659,1788,57.92,Mid-tier,1
8.52,0,CS,2,6,5,5.84,7,7.1,703,39,282,1662,82.44,FAANG,1
8.66,0,EEE,4,12,4,6.69,2,5.77,517,27,0,0,57.12,Mid-tier,1
5.71,0,CS,0,0,4,0.89,1,4.8,504,44,0,0,20.15,Not Placed,0
7.04,0,Chemical,0,0,0,0.0,2,1.73,34,0,0,0,19.47,Not Placed,0
6.31,1,EEE,1,2,4,2.18,2,3.64,543,29,100,1529,26.01,Not Placed,0
7.89,1,CS,0,0,4,4.55,3,6.59,431,32,289,1690,51.58,Mass Recruiter,1
6.88,0,Biotech,0,0,0,0.0,3,1.57,0,0,66,1196,17.31,Not Placed,0
8.46,0,ECE,0,0,4,4.1,1,5.02,0,0,0,0,18.96,Not Placed,0
6.23,1,Mechanical,2,3,1,3.38,0,2.87,295,14,183,1330,26.41,Not Placed,0
7.32,0,CS,2,4,1,3.52,3,4.29,281,30,265,1615,50.59,Mass Recruiter,1
7.82,0,Mechanical,2,6,1,4.43,2,2.72,0,0,0,0,38.52,Mass Recruiter,1
6.76,0,IT,2,3,4,4.08,7,6.6,609,32,304,1555,64.14,Mid-tier,1
5.0,1,ECE,3,10,4,4.46,0,4.47,0,0,0,0,45.14,Mass Recruiter,1
6.96,0,ECE,0,0,5,3.38,0,4.38,603,27,0,0,19.64,Not Placed,0
6.91,1,Biotech,1,6,2,0.3,2,2.4,564,10,0,0,35.67,Mass Recruiter,1
6.52,1,Mechanical,1,4,4,1.2,2,3.76,0,0,90,1373,41.29,Mass Recruiter,1
6.06,1,ECE,0,0,3,1.07,4,3.45,700,16,81,1359,24.46,Not Placed,0
6.35,2,ECE,3,14,2,3.73,7,6.41,344,39,0,0,32.96,Not Placed,0
9.36,0,IT,1,3,4,5.67,4,6.06,0,0,199,2057,42.27,Mass Recruiter,1
6.11,1,CS,2,4,4,3.66,2,5.43,661,27,0,0,45.47,Mass Recruiter,1
8.29,0,Mechanical,1,4,1,3.58,1,2.8,531,16,0,0,36.86,Mass Recruiter,1
6.52,1,ECE,1,4,4,3.36,3,4.75,605,28,0,0,35.36,Mass Recruiter,1
6.64,1,IT,0,0,3,1.62,1,5.02,387,32,188,1695,38.79,Mass Recruiter,1
5.83,3,ECE,2,6,7,3.43,3,7.32,634,36,72,1347,48.98,Mass Recruiter,1
5.78,2,CS,3,6,2,2.53,1,6.14,585,18,0,0,38.02,Mass Recruiter,1
7.78,0,ECE,0,0,1,2.16,4,3.26,29,5,209,1240,25.09,Not Placed,0
7.32,0,IT,0,0,3,4.05,4,5.02,524,25,0,0,25.11,Not Placed,0
6.88,2,IT,2,4,4,4.02,3,6.11,0,0,262,1473,32.62,Not Placed,0
6.07,0,ECE,1,2,5,2.48,2,4.93,434,23,175,1239,51.32,Mass Recruiter,1
6.9,4,Mechanical,3,8,4,5.91,1,6.18,647,56,130,1341,55.29,Mid-tier,1
6.0,4,Mechanical,2,8,1,1.24,1,4.17,0,0,121,1402,34.5,Not Placed,0
7.12,0,ECE,0,0,3,1.99,3,4.13,470,33,0,0,21.71,Not Placed,0
6.79,1,CS,1,3,4,4.43,3,5.47,319,28,157,1329,41.2,Mass Recruiter,1
8.51,0,CS,1,4,2,4.45,4,4.85,454,28,94,1426,52.76,Mass Recruiter,1
8.09,0,Civil,0,0,1,3.24,2,2.45,0,0,138,1252,22.97,Not Placed,0
5.0,4,Mechanical,0,0,2,1.63,0,2.79,0,0,0,0,-0.18,Not Placed,0
7.62,0,CS,1,2,4,3.73,1,4.8,380,29,160,1693,52.39,Mass Recruiter,1
6.61,0,IT,2,4,5,4.18,3,7.25,0,0,184,1630,50.46,Mass Recruiter,1
9.09,0,CS,1,4,3,4.38,2,6.23,338,26,648,2018,76.14,FAANG,1
8.0,0,IT,0,0,3,2.73,4,6.2,726,31,351,1803,46.84,Mass Recruiter,1
7.95,3,ECE,0,0,5,4.72,2,4.77,426,41,172,1795,41.41,Mass Recruiter,1
5.93,1,CS,1,3,1,1.57,5,4.19,765,24,145,1724,29.43,Not Placed,0
6.41,1,ECE,0,0,2,3.11,2,3.59,188,28,0,0,5.46,Not Placed,0
7.57,1,ECE,1,3,3,5.14,5,3.47,440,28,71,1314,46.02,Mass Recruiter,1
8.36,0,CS,1,2,4,3.84,6,5.92,533,25,495,1961,65.95,Mid-tier,1
7.52,2,IT,0,0,2,1.83,7,6.27,206,0,364,1381,20.99,Not Placed,0
6.75,0,Civil,4,8,2,4.58,1,3.08,0,0,86,1279,45.75,Mass Recruiter,1
5.68,5,CS,2,8,2,2.44,6,6.28,475,18,332,2222,53.21,Mass Recruiter,1
5.89,2,CS,0,0,3,0.99,4,5.85,842,18,212,1227,26.63,Not Placed,0
8.07,2,IT,0,0,4,4.96,3,5.43,595,25,181,1603,46.12,Mass Recruiter,1
7.5,1,EEE,0,0,1,2.12,1,3.27,168,14,0,0,15.24,Not Placed,0
5.52,2,EEE,2,3,2,2.16,0,2.54,313,37,118,1497,40.64,Mass Recruiter,1
9.04,0,Mechanical,1,2,2,5.14,1,2.26,698,35,280,1824,52.24,Mass Recruiter,1
9.13,0,CS,1,4,2,5.6,4,5.63,541,27,188,1305,58.57,Mid-tier,1
6.5,3,IT,2,4,1,1.41,4,4.86,353,23,25,1361,32.64,Not Placed,0
6.57,3,EEE,0,0,5,2.09,4,4.26,0,0,115,1443,24.02,Not Placed,0
6.68,2,Civil,1,4,1,2.53,1,3.07,0,0,0,0,17.61,Not Placed,0
8.85,0,Biotech,0,0,0,0.0,2,2.91,0,1,118,1244,34.89,Not Placed,0
7.11,0,CS,0,0,2,2.07,0,4.14,492,13,262,1591,27.55,Not Placed,0
5.63,4,CS,0,0,3,2.02,3,5.55,0,0,145,1455,18.04,Not Placed,0
6.83,1,Civil,2,8,3,3.93,1,3.14,0,0,0,0,44.0,Mass Recruiter,1
7.33,0,EEE,1,3,0,0.0,1,3.57,0,0,0,0,32.37,Not Placed,0
6.14,0,IT,0,0,4,1.4,0,2.81,474,45,238,1677,36.7,Mass Recruiter,1
7.02,0,Biotech,1,6,1,4.45,1,2.54,263,20,0,0,29.86,Not Placed,0
9.06,0,CS,1,4,4,3.95,2,4.83,814,38,199,1448,58.41,Mid-tier,1
7.78,0,IT,1,3,3,3.66,4,6.3,671,30,163,1584,47.11,Mass Recruiter,1
6.43,1,Mechanical,0,0,3,2.7,0,2.64,0,0,116,1213,26.29,Not Placed,0
5.36,2,ECE,0,0,3,4.38,1,3.34,620,23,44,1484,32.22,Not Placed,0
7.9,0,CS,1,3,3,3.3,4,5.71,320,20,0,0,30.51,Not Placed,0
5.73,1,Civil,0,0,3,0.57,2,3.64,633,30,0,0,22.93,Not Placed,0
7.17,3,CS,2,8,3,5.13,5,5.73,377,33,0,0,38.8,Mass Recruiter,1
5.25,0,Mechanical,0,0,0,0.0,4,1.51,0,0,125,1463,10.49,Not Placed,0
6.66,2,CS,1,3,2,2.42,6,5.22,230,30,289,1795,40.03,Mass Recruiter,1
7.29,1,Chemical,0,0,3,2.27,1,2.92,233,33,0,0,20.49,Not Placed,0
7.47,0,IT,0,0,3,5.17,3,5.28,637,35,209,1772,60.85,Mid-tier,1
8.49,0,ECE,1,2,4,6.02,4,5.9,717,42,266,1558,57.3,Mid-tier,1
7.13,1,Mechanical,0,0,5,4.21,3,3.68,0,0,124,1429,29.05,Not Placed,0
5.95,2,CS,4,14,2,4.4,6,7.13,284,24,0,0,48.56,Mass Recruiter,1
6.36,1,IT,2,3,1,4.18,1,4.21,596,40,221,1301,44.18,Mass Recruiter,1
9.34,0,Mechanical,0,0,0,0.0,1,2.04,0,0,0,0,17.96,Not Placed,0
5.58,1,ECE,1,2,2,2.63,2,3.88,791,14,90,1162,32.94,Not Placed,0
7.1,0,IT,2,6,6,5.75,5,7.35,253,32,0,0,57.31,Mid-tier,1
6.79,1,IT,1,2,4,1.88,3,4.99,458,37,137,1345,50.79,Mass Recruiter,1
6.71,2,ECE,1,3,4,2.96,0,3.63,0,0,206,1758,44.8,Mass Recruiter,1
7.26,0,CS,1,4,3,4.76,5,6.42,729,8,280,1816,51.31,Mass Recruiter,1
8.78,0,Chemical,0,0,4,6.94,3,4.11,505,19,0,0,41.75,Mass Recruiter,1
8.26,0,ECE,1,4,2,3.09,1,4.05,0,0,216,1460,37.86,Mass Recruiter,1
6.68,1,IT,2,3,2,3.54,2,6.68,468,24,261,1338,51.15,Mass Recruiter,1
6.14,1,Mechanical,1,4,0,0.0,1,2.59,295,23,0,0,18.13,Not Placed,0
5.62,1,IT,1,3,2,3.33,1,5.39,0,0,200,1819,38.31,Mass Recruiter,1
7.46,0,CS,1,4,3,6.58,2,5.32,563,26,145,1447,51.5,Mass Recruiter,1
6.83,1,Biotech,0,0,3,1.95,0,2.2,0,0,16,1535,16.47,Not Placed,0
7.71,2,ECE,2,6,2,4.6,3,5.32,0,0,54,1202,44.37,Mass Recruiter,1
7.13,0,Mechanical,2,8,2,4.74,1,2.86,0,0,0,0,34.61,Not Placed,0
6.52,0,CS,2,8,3,3.87,4,6.14,577,40,167,1469,52.28,Mass Recruiter,1
6.56,1,Biotech,1,6,1,3.25,1,1.6,174,13,0,0,25.74,Not Placed,0
6.74,1,CS,0,0,5,3.03,3,5.98,128,43,168,1600,39.1,Mass Recruiter,1
8.16,0,IT,1,8,4,3.55,2,6.4,643,38,286,2528,67.22,Mid-tier,1
8.9,0,IT,1,3,4,4.94,0,3.43,597,30,345,1706,58.46,Mid-tier,1
7.72,2,IT,0,0,1,2.16,1,3.68,218,10,231,1539,30.27,Not Placed,0
6.85,0,ECE,1,4,3,4.61,1,4.17,656,32,142,1321,38.67,Mass Recruiter,1
8.29,0,EEE,2,6,0,0.0,2,2.89,892,23,0,0,26.8,Not Placed,0
7.98,0,EEE,1,3,2,4.05,3,3.21,476,22,0,0,28.12,Not Placed,0
6.67,0,Mechanical,0,0,3,2.66,1,2.49,0,0,0,0,12.97,Not Placed,0
7.66,0,CS,0,0,4,3.42,6,5.84,175,33,138,1624,42.76,Mass Recruiter,1
7.7,2,EEE,0,0,1,3.11,1,3.86,0,0,0,0,7.79,Not Placed,0
5.96,2,Biotech,0,0,2,1.39,1,1.0,0,0,0,0,1.61,Not Placed,0
7.13,1,IT,0,0,0,0.0,2,3.17,0,0,303,1471,29.51,Not Placed,0
7.44,0,CS,1,3,3,5.17,2,5.52,362,31,42,1464,47.36,Mass Recruiter,1
5.61,2,Mechanical,0,0,6,1.56,1,4.84,510,26,0,0,11.35,Not Placed,0
7.51,0,IT,1,3,5,4.42,4,7.29,618,28,215,1292,61.5,Mid-tier,1
7.07,0,CS,0,0,3,1.26,0,5.68,0,0,123,1985,35.62,Mass Recruiter,1
5.95,3,EEE,1,3,5,2.52,2,3.56,0,0,36,1284,26.48,Not Placed,0
7.36,0,CS,2,6,3,3.51,0,5.1,705,34,239,1888,64.48,Mid-tier,1
6.17,2,CS,0,0,6,2.9,0,5.31,737,32,0,0,35.46,Mass Recruiter,1
6.45,0,Mechanical,0,0,0,0.0,2,2.88,6,2,39,1519,14.33,Not Placed,0
9.26,0,CS,1,4,4,4.91,3,6.02,425,50,523,2020,73.37,Mid-tier,1
8.58,0,EEE,2,3,2,3.96,7,3.64,354,27,212,1899,57.79,Mid-tier,1
6.72,1,CS,2,6,2,1.67,4,6.54,0,0,0,0,28.45,Not Placed,0
8.06,0,Mechanical,0,0,2,4.89,3,1.25,832,32,0,0,19.34,Not Placed,0
6.85,0,Chemical,0,0,1,0.79,1,2.15,0,0,69,1277,16.21,Not Placed,0
7.61,0,ECE,0,0,2,3.78,2,2.18,460,33,41,1395,18.55,Not Placed,0
5.47,3,IT,0,0,3,2.53,2,4.01,581,40,65,1418,26.05,Not Placed,0
6.32,1,CS,3,10,3,3.88,3,5.44,459,8,151,1783,56.36,Mid-tier,1
8.09,0,Chemical,1,2,0,0.0,3,3.61,0,0,0,0,31.44,Not Placed,0
8.64,1,CS,2,3,2,5.36,4,5.98,544,20,217,1853,61.2,Mid-tier,1
6.5,1,CS,1,4,4,2.74,4,6.48,581,34,254,1326,52.29,Mass Recruiter,1
6.42,2,Mechanical,3,10,1,4.41,1,3.38,438,30,93,1537,44.48,Mass Recruiter,1
8.11,1,Mechanical,2,4,3,4.43,1,4.17,611,37,267,1457,66.04,Mid-tier,1
6.19,1,IT,0,0,3,0.3,2,6.23,1,16,285,1509,34.45,Not Placed,0
7.93,3,CS,1,3,3,4.16,5,6.37,692,14,308,1444,56.5,Mid-tier,1
8.17,0,CS,1,2,2,2.56,4,4.81,610,44,551,1978,62.76,Mid-tier,1
7.89,1,IT,3,10,6,5.13,2,9.1,498,26,417,2011,73.09,Mid-tier,1
6.91,1,ECE,0,0,4,4.0,1,4.04,0,0,106,1289,36.39,Mass Recruiter,1
7.75,1,CS,2,8,3,3.97,3,5.83,525,30,220,1468,62.49,Mid-tier,1
5.45,3,Mechanical,0,0,2,2.49,0,3.32,0,0,0,0,5.75,Not Placed,0
8.68,0,ECE,0,0,4,7.18,2,4.18,596,6,0,0,36.32,Mass Recruiter,1
6.5,0,IT,2,10,2,2.18,5,6.58,411,25,0,0,57.69,Mid-tier,1
8.76,0,CS,1,8,6,7.15,2,6.43,820,24,543,1669,79.07,FAANG,1
7.5,2,Mechanical,0,0,3,2.1,1,2.85,796,22,104,1388,41.59,Mass Recruiter,1
7.51,0,IT,3,14,2,3.92,0,4.81,703,28,0,0,54.2,Mass Recruiter,1
5.83,2,IT,1,2,3,1.8,1,5.16,557,12,201,1429,27.38,Not Placed,0
5.68,3,Mechanical,0,0,0,0.0,1,1.64,22,3,0,0,-2.13,Not Placed,0
5.9,3,IT,0,0,3,3.83,2,4.01,580,34,0,0,19.45,Not Placed,0
6.21,1,Chemical,4,12,3,3.42,0,4.18,440,39,0,0,57.6,Mid-tier,1
6.3,0,IT,4,8,3,4.93,3,6.47,684,11,0,0,57.58,Mid-tier,1
6.14,3,IT,1,3,2,3.5,0,4.07,489,33,0,0,19.26,Not Placed,0
6.82,1,CS,3,8,4,3.84,6,8.0,0,0,237,1509,65.28,Mid-tier,1
7.27,0,Mechanical,0,0,2,2.46,1,1.8,238,17,0,0,15.4,Not Placed,0
8.44,0,IT,0,0,6,5.17,3,5.57,250,28,312,1944,50.65,Mass Recruiter,1
9.14,0,ECE,0,0,4,7.04,5,4.86,893,5,0,0,39.39,Mass Recruiter,1
6.56,0,Civil,1,3,1,0.3,0,2.44,0,0,0,0,9.12,Not Placed,0
6.53,1,Mechanical,0,0,3,1.82,3,3.31,626,29,0,0,24.35,Not Placed,0
6.22,0,Chemical,0,0,1,1.51,1,1.0,0,0,42,1094,17.19,Not Placed,0
8.26,0,Civil,1,3,2,3.6,2,2.55,0,0,45,1147,36.35,Mass Recruiter,1
8.59,1,Civil,0,0,1,2.96,2,1.84,0,0,0,0,20.6,Not Placed,0
7.52,1,Mechanical,0,0,1,1.89,4,2.3,204,13,0,0,12.61,Not Placed,0
7.36,0,ECE,0,0,1,3.55,1,3.34,59,9,32,1353,18.94,Not Placed,0
8.58,0,IT,0,0,4,3.75,1,5.6,0,0,163,1795,32.14,Not Placed,0
7.76,0,Mechanical,0,0,3,4.21,1,1.98,656,26,0,0,30.53,Not Placed,0
7.13,0,ECE,0,0,0,0.0,0,2.23,0,0,0,0,0.03,Not Placed,0
7.94,0,Biotech,0,0,1,2.42,3,2.71,0,0,103,1342,18.21,Not Placed,0
6.57,0,ECE,1,4,1,3.29,1,3.67,0,0,0,0,23.42,Not Placed,0
5.71,1,CS,1,2,5,3.84,1,5.76,739,29,214,1645,54.03,Mass Recruiter,1
6.79,1,IT,2,4,3,5.12,4,6.69,546,20,120,1986,56.06,Mid-tier,1
8.16,0,Mechanical,0,0,3,2.19,2,3.68,0,0,0,0,33.82,Not Placed,0
7.21,0,EEE,0,0,3,3.31,2,4.63,0,0,0,0,24.0,Not Placed,0
8.64,0,ECE,0,0,5,5.19,1,4.39,585,39,0,0,36.35,Mass Recruiter,1
7.11,2,CS,1,6,2,2.94,0,5.52,456,37,299,1693,47.51,Mass Recruiter,1
6.41,1,IT,0,0,3,3.27,3,4.21,482,26,69,1400,31.99,Not Placed,0
7.63,1,EEE,3,10,1,6.46,3,4.31,582,21,262,1582,66.39,Mid-tier,1
7.3,2,CS,2,10,4,4.53,5,6.17,446,34,0,0,54.75,Mass Recruiter,1
6.0,0,IT,1,4,3,3.52,1,5.23,770,5,0,0,31.01,Not Placed,0
8.69,0,Civil,0,0,2,3.73,2,1.97,0,0,0,0,21.07,Not Placed,0
7.17,0,CS,1,6,4,4.26,3,5.81,458,23,135,1578,48.96,Mass Recruiter,1
6.82,3,IT,0,0,3,1.49,6,4.79,430,16,120,1181,25.17,Not Placed,0
9.18,0,IT,2,6,2,6.33,1,3.61,451,20,0,0,46.5,Mass Recruiter,1
6.3,2,EEE,2,3,0,0.0,3,3.52,0,0,0,0,28.59,Not Placed,0
6.77,3,ECE,1,2,1,3.17,1,4.32,0,0,0,0,14.9,Not Placed,0
7.45,0,Chemical,0,0,1,3.0,4,1.98,0,0,0,0,10.72,Not Placed,0
6.28,4,ECE,0,0,1,0.4,2,3.17,37,2,123,1104,1.79,Not Placed,0
6.83,2,EEE,0,0,2,3.06,3,4.3,0,0,100,1297,18.5,Not Placed,0
7.51,1,Mechanical,0,0,2,4.71,1,2.65,0,0,83,1434,31.74,Not Placed,0
8.07,0,CS,1,3,2,3.69,3,5.9,296,14,558,1871,49.52,Mass Recruiter,1
6.63,2,CS,1,3,3,3.69,0,5.18,344,27,161,1522,45.53,Mass Recruiter,1
6.43,1,Mechanical,0,0,0,0.0,0,1.72,2,0,0,0,8.12,Not Placed,0
5.67,2,Mechanical,2,4,0,0.0,1,3.08,542,20,0,0,20.09,Not Placed,0
5.02,1,EEE,0,0,1,1.44,0,1.99,91,5,0,0,13.42,Not Placed,0
6.62,0,Mechanical,3,8,1,4.47,4,3.8,0,0,0,0,37.67,Mass Recruiter,1
6.34,1,IT,2,10,1,2.91,7,6.52,414,28,0,0,37.83,Mass Recruiter,1
7.74,0,IT,0,0,4,3.91,3,6.03,0,0,452,1860,49.53,Mass Recruiter,1
6.82,3,ECE,1,2,3,5.12,3,5.65,866,26,0,0,34.54,Not Placed,0
7.86,3,CS,3,18,3,7.56,2,6.51,312,29,150,1683,64.17,Mid-tier,1
8.43,0,CS,3,12,2,4.6,3,6.26,827,11,218,1344,69.86,Mid-tier,1
6.0,4,Chemical,0,0,1,0.3,1,2.11,66,6,0,0,-9.45,Not Placed,0
9.24,0,Mechanical,0,0,1,5.04,1,2.27,0,0,159,1313,30.65,Not Placed,0
7.13,0,CS,2,6,5,4.84,3,6.11,392,22,182,1693,47.21,Mass Recruiter,1
6.28,1,CS,1,4,5,3.42,5,5.64,799,24,265,1608,61.52,Mid-tier,1
7.42,0,Mechanical,0,0,0,0.0,1,2.41,0,0,0,0,8.37,Not Placed,0
7.58,0,ECE,1,4,2,6.46,3,4.62,645,52,0,0,42.93,Mass Recruiter,1
7.02,0,Chemical,1,8,2,3.76,2,3.6,0,0,0,0,25.94,Not Placed,0
7.86,0,CS,1,3,4,4.01,2,6.26,519,6,561,1789,58.44,Mid-tier,1
9.59,0,Chemical,0,0,1,5.25,2,1.9,0,0,221,1659,37.25,Mass Recruiter,1
5.94,3,CS,0,0,3,2.63,2,4.26,335,33,263,1657,26.49,Not Placed,0
6.61,2,CS,2,4,3,3.83,5,5.95,530,11,0,0,34.9,Not Placed,0
5.44,4,IT,1,2,1,0.3,1,5.32,268,16,66,1529,21.85,Not Placed,0
7.88,0,Mechanical,1,6,2,4.85,3,3.18,0,0,0,0,32.16,Not Placed,0
6.75,4,IT,0,0,4,3.88,4,4.17,369,44,254,1625,29.66,Not Placed,0
6.61,2,ECE,2,8,2,2.93,3,4.8,796,31,0,0,41.99,Mass Recruiter,1
6.78,2,EEE,1,4,4,3.57,1,4.21,0,0,85,1245,26.82,Not Placed,0
7.38,0,ECE,0,0,6,4.45,4,5.21,84,33,170,1327,32.69,Not Placed,0
8.07,0,IT,0,0,3,4.53,1,4.89,417,29,0,0,33.3,Not Placed,0
6.55,0,IT,1,4,4,3.92,3,5.46,270,28,363,1667,53.61,Mass Recruiter,1
7.7,0,Mechanical,1,3,2,4.36,3,4.4,0,0,0,1377,36.97,Mass Recruiter,1
5.89,5,Mechanical,2,6,1,2.93,1,4.08,427,32,0,0,22.57,Not Placed,0
8.82,0,CS,1,6,5,4.6,2,6.73,378,36,0,0,53.75,Mass Recruiter,1
8.93,0,CS,1,2,6,5.27,4,6.78,380,37,203,1495,56.24,Mid-tier,1
9.23,0,ECE,0,0,2,4.14,3,3.32,136,10,276,1347,37.37,Mass Recruiter,1
8.12,0,Mechanical,0,0,1,2.86,0,2.69,0,0,0,0,25.52,Not Placed,0
5.83,0,IT,2,6,5,4.08,3,6.35,243,32,0,1566,47.06,Mass Recruiter,1
6.98,2,Biotech,2,6,3,4.65,0,2.64,0,0,0,0,33.06,Not Placed,0
7.24,2,CS,1,4,2,5.5,3,5.23,0,0,199,1522,38.26,Mass Recruiter,1
6.79,1,CS,1,6,4,4.24,3,5.09,0,0,36,1532,44.49,Mass Recruiter,1
6.99,0,Civil,0,0,2,2.01,1,1.73,612,41,35,1384,30.2,Not Placed,0
7.23,0,CS,0,0,4,1.81,5,5.2,0,0,174,1646,40.34,Mass Recruiter,1
6.22,2,Chemical,0,0,1,1.46,3,1.0,0,0,0,0,10.5,Not Placed,0
8.61,0,Mechanical,0,0,1,4.59,4,4.28,0,0,104,1620,35.75,Mass Recruiter,1
7.29,0,CS,0,0,4,5.53,1,5.14,500,35,239,1573,34.71,Not Placed,0
7.13,0,Mechanical,2,8,1,3.93,1,2.74,540,23,87,1554,43.48,Mass Recruiter,1
6.85,1,CS,2,10,2,5.61,4,5.93,275,26,190,1533,54.59,Mass Recruiter,1
7.35,1,Mechanical,0,0,0,0.0,2,2.01,0,0,37,1395,12.57,Not Placed,0
7.91,1,Biotech,0,0,2,3.92,1,1.95,201,3,0,0,16.86,Not Placed,0
6.98,1,CS,2,6,4,3.75,6,7.1,434,18,318,1754,66.95,Mid-tier,1
7.04,0,Mechanical,4,8,0,0.0,0,4.03,0,0,43,1518,41.15,Mass Recruiter,1
7.47,0,Biotech,0,0,1,1.25,2,2.8,0,0,0,0,11.42,Not Placed,0
6.54,0,IT,0,0,3,2.55,5,3.68,235,44,0,0,21.77,Not Placed,0
7.44,0,Civil,0,0,4,3.12,1,3.37,743,23,0,0,30.57,Not Placed,0
7.94,1,CS,0,0,3,3.77,2,6.12,519,26,484,1575,46.98,Mass Recruiter,1
8.97,1,IT,1,3,2,3.04,3,4.35,0,0,75,1665,36.92,Mass Recruiter,1
8.18,0,Mechanical,1,1,2,3.88,0,2.25,255,25,0,0,30.81,Not Placed,0
9.14,0,ECE,1,4,5,6.02,4,5.45,381,38,245,1673,59.72,Mid-tier,1
6.29,4,CS,1,2,3,5.13,2,5.5,696,20,265,1454,41.78,Mass Recruiter,1
6.49,1,CS,1,8,2,2.0,2,5.48,680,30,263,1566,50.56,Mass Recruiter,1
6.88,0,IT,1,3,4,3.15,2,6.1,534,40,205,1738,45.82,Mass Recruiter,1
7.61,0,Mechanical,4,12,2,2.25,4,4.03,353,32,0,1327,64.39,Mid-tier,1
7.67,0,Chemical,1,4,3,3.82,2,4.39,0,0,117,1330,46.55,Mass Recruiter,1
6.09,1,Chemical,0,0,1,1.61,2,2.54,0,0,0,1176,12.14,Not Placed,0
7.56,3,IT,1,6,5,3.61,3,5.81,193,42,159,1601,45.7,Mass Recruiter,1
7.33,0,CS,0,0,5,5.02,6,6.94,515,22,189,1701,41.91,Mass Recruiter,1
7.89,0,Civil,0,0,4,5.15,1,3.16,0,0,133,1455,35.64,Mass Recruiter,1
8.41,0,ECE,2,4,4,5.09,3,5.77,0,0,121,1559,56.01,Mid-tier,1
7.82,2,CS,2,8,2,3.35,2,5.99,301,30,472,1999,65.24,Mid-tier,1
6.18,0,EEE,0,0,3,3.18,2,3.44,0,0,96,1316,19.21,Not Placed,0
7.8,0,IT,0,0,3,3.52,5,5.01,643,31,0,0,31.84,Not Placed,0
6.41,0,EEE,0,0,1,2.44,2,2.72,0,0,55,1382,19.26,Not Placed,0
8.03,0,IT,2,4,3,4.67,3,5.87,550,28,243,1732,64.89,Mid-tier,1
6.3,0,CS,0,0,2,1.09,3,3.86,0,0,298,1569,37.37,Mass Recruiter,1
6.4,2,CS,0,0,4,2.13,2,4.26,490,33,166,1390,36.22,Mass Recruiter,1
8.27,1,CS,0,0,2,2.29,4,4.46,141,11,43,1750,32.9,Not Placed,0
6.95,2,ECE,0,0,5,4.49,3,4.2,738,31,109,1589,41.59,Mass Recruiter,1
6.73,0,CS,1,8,2,3.06,3,5.37,530,17,280,1662,52.85,Mass Recruiter,1
7.54,0,Civil,0,0,3,3.52,1,2.64,0,0,84,1616,26.79,Not Placed,0
7.73,3,EEE,0,0,2,4.18,1,3.7,684,20,193,1223,38.82,Mass Recruiter,1
7.54,1,CS,2,4,2,3.73,6,5.61,0,0,644,1932,64.29,Mid-tier,1
7.47,0,CS,0,0,4,3.4,2,5.51,637,50,276,1239,42.28,Mass Recruiter,1
7.98,1,ECE,0,0,3,5.69,4,3.53,693,22,0,0,32.47,Not Placed,0
8.73,0,CS,1,3,2,4.03,2,5.98,660,24,294,1795,56.13,Mid-tier,1
7.12,0,IT,1,3,2,1.2,3,4.76,567,24,113,1338,38.44,Mass Recruiter,1
7.62,0,CS,1,3,2,4.08,2,5.57,411,34,170,1643,41.93,Mass Recruiter,1
8.93,1,CS,2,6,3,6.32,4,6.17,933,36,219,1908,68.41,Mid-tier,1
8.89,0,CS,2,3,3,4.5,2,6.71,847,26,104,1791,57.61,Mid-tier,1
7.63,0,IT,1,4,5,4.83,1,5.08,650,31,256,1466,52.82,Mass Recruiter,1
6.77,0,CS,0,0,4,3.47,6,5.69,410,37,176,1571,44.29,Mass Recruiter,1
6.1,2,CS,3,8,3,1.99,2,7.3,865,28,91,1566,49.66,Mass Recruiter,1
7.79,0,CS,1,4,4,4.19,5,6.37,514,21,84,1739,44.93,Mass Recruiter,1
5.41,3,CS,2,6,5,4.47,0,6.23,715,10,0,0,43.1,Mass Recruiter,1
8.18,0,Civil,0,0,0,0.0,2,1.88,72,5,0,0,16.24,Not Placed,0
5.67,1,ECE,1,2,4,2.76,1,4.81,472,7,0,0,29.4,Not Placed,0
7.42,0,Mechanical,3,18,2,3.2,4,3.25,385,33,0,1493,51.44,Mass Recruiter,1
8.31,0,ECE,0,0,4,5.13,3,5.24,0,0,202,1458,39.61,Mass Recruiter,1
5.99,3,ECE,2,8,2,3.82,4,5.28,362,34,94,1230,36.34,Mass Recruiter,1
7.66,0,Mechanical,0,0,3,3.76,2,3.82,0,0,141,1863,30.45,Not Placed,0
9.31,0,CS,0,0,3,4.89,3,5.45,550,31,226,1538,45.77,Mass Recruiter,1
8.94,0,CS,2,6,4,5.3,1,6.32,356,43,661,2021,69.57,Mid-tier,1
7.11,0,Mechanical,0,0,2,4.28,1,2.39,0,0,0,0,8.81,Not Placed,0
8.92,0,Mechanical,0,0,2,3.73,4,4.08,0,0,0,0,15.55,Not Placed,0
6.73,2,IT,0,0,1,0.3,1,2.98,335,26,191,1286,19.21,Not Placed,0
5.99,2,ECE,1,2,3,2.53,3,5.18,747,32,0,0,24.28,Not Placed,0
6.18,3,Biotech,2,4,0,0.0,0,1.96,439,21,47,985,27.06,Not Placed,0
6.31,1,CS,3,12,2,3.51,1,5.58,408,31,168,1656,58.28,Mid-tier,1
7.68,0,IT,0,0,2,1.27,1,5.21,0,0,108,1354,33.13,Not Placed,0
5.72,2,ECE,0,0,1,1.26,1,4.27,176,7,0,0,13.48,Not Placed,0
7.33,1,IT,0,0,5,1.99,3,4.46,0,0,127,1320,45.58,Mass Recruiter,1
6.56,0,ECE,0,0,3,2.94,3,3.9,467,23,207,1789,31.02,Not Placed,0
6.52,1,Mechanical,0,0,1,2.27,2,1.78,0,0,0,0,16.51,Not Placed,0
8.85,0,EEE,3,10,1,4.96,3,4.97,797,26,0,0,59.82,Mid-tier,1
8.39,0,CS,2,4,3,5.22,0,4.95,536,35,535,1576,68.9,Mid-tier,1
7.44,0,Mechanical,0,0,1,2.91,3,3.0,68,0,0,0,16.63,Not Placed,0
7.4,0,IT,0,0,4,3.6,5,6.03,0,0,236,1714,33.06,Not Placed,0
6.28,0,EEE,0,0,1,2.22,2,3.48,26,9,0,0,5.05,Not Placed,0
7.27,2,IT,1,1,3,3.73,4,6.56,281,45,0,0,41.15,Mass Recruiter,1
7.82,2,ECE,0,0,4,2.48,1,4.5,612,25,306,1505,41.92,Mass Recruiter,1
6.4,3,CS,4,8,5,6.55,4,6.56,0,0,280,1661,62.9,Mid-tier,1
5.7,3,IT,2,8,1,1.84,4,6.12,555,33,0,0,32.57,Not Placed,0
6.18,1,EEE,0,0,1,2.84,2,3.02,269,24,0,0,21.74,Not Placed,0
8.71,0,ECE,2,6,0,0.0,5,3.74,523,45,225,1505,60.01,Mid-tier,1
6.66,0,CS,2,6,2,2.62,4,5.07,481,34,179,1897,49.49,Mass Recruiter,1
6.16,2,CS,1,3,4,3.54,0,4.77,662,50,192,1548,34.88,Not Placed,0
7.29,0,ECE,1,2,1,3.0,0,3.38,0,0,0,0,27.85,Not Placed,0
6.02,1,CS,0,0,5,1.25,3,5.94,0,0,224,1182,29.66,Not Placed,0
7.76,0,CS,2,6,3,5.16,2,5.39,489,30,212,1601,58.64,Mid-tier,1
7.8,1,EEE,1,3,1,3.53,2,2.49,709,26,182,1303,41.15,Mass Recruiter,1
7.27,0,CS,1,4,3,4.63,4,4.71,166,29,117,1894,43.66,Mass Recruiter,1
9.34,0,IT,1,4,2,5.22,3,5.27,654,18,555,1860,71.79,Mid-tier,1
7.14,0,EEE,3,18,1,3.88,6,5.66,0,0,211,1625,52.77,Mass Recruiter,1
5.38,1,Civil,0,0,1,0.3,3,2.46,0,0,0,0,-3.94,Not Placed,0
7.54,0,ECE,0,0,3,3.06,2,3.16,0,0,137,1692,32.07,Not Placed,0
5.44,3,IT,0,0,2,2.74,3,4.57,91,14,0,0,14.91,Not Placed,0
5.84,0,IT,0,0,2,1.66,3,5.47,132,12,220,1706,30.99,Not Placed,0
5.48,6,CS,0,0,3,2.03,1,5.95,533,21,0,0,16.58,Not Placed,0
8.71,0,IT,1,4,4,5.09,5,7.36,416,34,413,1740,61.42,Mid-tier,1
7.53,1,IT,0,0,4,2.67,2,5.28,301,36,287,1261,37.64,Mass Recruiter,1
8.03,0,ECE,0,0,2,2.15,2,3.6,373,28,180,1719,28.93,Not Placed,0
8.69,0,EEE,1,8,0,0.0,4,3.15,0,0,156,1525,41.02,Mass Recruiter,1
8.97,1,EEE,0,0,2,4.71,5,3.19,590,24,0,0,44.64,Mass Recruiter,1
6.34,4,ECE,0,0,3,2.6,3,5.19,551,40,82,1612,28.75,Not Placed,0
6.74,0,EEE,0,0,1,1.92,1,2.72,138,3,0,0,14.91,Not Placed,0
8.72,0,Mechanical,0,0,2,3.63,2,2.36,0,0,0,0,27.36,Not Placed,0
7.72,0,Mechanical,0,0,1,2.85,2,2.04,207,19,62,1514,35.87,Mass Recruiter,1
7.34,1,Chemical,0,0,5,4.02,3,3.38,0,0,0,0,18.52,Not Placed,0
8.46,0,CS,1,4,1,3.16,7,5.98,0,0,277,1777,43.42,Mass Recruiter,1
6.54,2,Civil,0,0,2,1.52,2,2.48,675,37,0,0,13.1,Not Placed,0
7.59,0,CS,0,0,4,4.24,3,4.95,641,23,26,1498,54.69,Mass Recruiter,1
6.43,1,IT,0,0,0,0.0,4,3.86,17,1,259,1443,29.55,Not Placed,0
5.71,3,Civil,0,0,0,0.0,0,1.0,36,1,0,0,8.34,Not Placed,0
7.59,0,ECE,0,0,3,4.63,2,4.87,0,0,0,0,13.41,Not Placed,0
5.51,4,CS,2,4,2,1.08,2,5.65,101,37,37,1526,32.91,Not Placed,0
7.56,2,CS,2,4,4,5.47,4,6.5,94,43,251,1764,63.39,Mid-tier,1
9.15,0,CS,0,0,4,4.72,7,6.7,407,39,313,1782,46.61,Mass Recruiter,1
5.71,3,Biotech,2,6,3,2.7,1,2.27,0,0,0,0,20.38,Not Placed,0
5.55,1,CS,1,3,2,1.47,3,5.32,383,38,200,1533,26.99,Not Placed,0
6.24,0,Mechanical,0,0,5,4.22,3,4.58,0,0,88,1348,28.69,Not Placed,0
5.69,1,CS,1,3,3,3.09,1,4.12,393,32,278,1437,51.14,Mass Recruiter,1
6.2,0,CS,1,3,3,2.13,4,4.78,651,16,121,1499,43.45,Mass Recruiter,1
6.46,0,CS,1,3,4,1.73,1,4.44,625,23,167,1437,50.37,Mass Recruiter,1
7.33,0,Civil,1,4,1,3.97,5,5.37,265,15,0,0,27.38,Not Placed,0
7.42,1,Chemical,1,2,2,4.92,2,2.55,799,28,118,1329,38.04,Mass Recruiter,1
7.85,0,CS,0,0,3,3.99,2,4.97,402,40,310,1603,45.08,Mass Recruiter,1
7.64,3,CS,3,10,3,5.29,3,6.49,337,26,296,1700,66.57,Mid-tier,1
7.45,0,CS,2,4,2,5.62,2,5.07,762,21,197,1668,58.16,Mid-tier,1
5.0,1,Biotech,3,14,3,2.24,3,3.82,0,0,0,0,30.35,Not Placed,0
5.32,2,ECE,1,4,3,2.0,2,3.62,698,29,141,1328,26.17,Not Placed,0
6.96,0,ECE,0,0,3,4.79,2,4.14,557,23,108,1289,20.56,Not Placed,0
8.61,0,CS,0,0,6,4.96,2,7.11,461,40,525,1176,58.73,Mid-tier,1
8.65,0,Biotech,0,0,0,0.0,2,1.69,0,0,0,0,7.1,Not Placed,0
7.74,0,Biotech,0,0,4,4.81,0,3.09,0,0,0,0,11.38,Not Placed,0
7.63,0,ECE,1,1,4,6.4,2,5.67,416,27,75,1195,45.35,Mass Recruiter,1
6.53,2,EEE,2,4,1,5.15,1,3.11,427,27,75,1319,36.99,Mass Recruiter,1
8.04,2,ECE,0,0,4,5.08,3,4.15,0,0,156,1446,39.33,Mass Recruiter,1
7.43,0,EEE,0,0,4,4.55,1,5.7,415,36,0,0,35.07,Mass Recruiter,1
7.28,0,CS,1,2,2,2.47,0,4.63,389,25,161,1704,40.13,Mass Recruiter,1
7.74,0,ECE,0,0,2,2.16,1,3.38,249,14,95,1418,32.39,Not Placed,0
5.97,0,CS,0,0,4,2.86,2,4.16,562,37,54,1373,38.38,Mass Recruiter,1
7.57,1,CS,1,4,1,2.94,2,3.52,0,0,321,1534,35.19,Mass Recruiter,1
6.79,2,Mechanical,2,4,2,3.36,2,3.58,618,17,34,1404,42.68,Mass Recruiter,1
7.37,0,CS,1,3,5,5.05,2,6.42,449,27,525,2084,69.44,Mid-tier,1
8.75,0,EEE,0,0,2,1.92,1,1.78,675,34,157,1578,36.35,Mass Recruiter,1
7.4,0,IT,1,3,3,2.94,4,5.92,285,30,0,0,31.79,Not Placed,0
5.54,2,CS,0,0,1,0.3,0,3.65,86,6,219,1944,23.38,Not Placed,0
7.77,1,CS,1,3,2,3.01,3,5.42,527,24,212,1065,48.5,Mass Recruiter,1
7.42,1,IT,0,0,5,5.51,1,4.38,0,0,92,1709,37.97,Mass Recruiter,1
5.49,2,CS,0,0,3,3.3,0,3.94,487,29,114,1297,29.44,Not Placed,0
7.78,0,Mechanical,0,0,2,2.66,1,4.24,0,0,89,1414,15.29,Not Placed,0
7.68,0,Civil,0,0,3,3.39,2,3.03,0,0,0,0,18.48,Not Placed,0
8.84,0,IT,2,4,1,7.3,3,5.09,343,40,318,1747,58.88,Mid-tier,1
6.91,1,EEE,0,0,3,3.1,0,4.06,454,31,145,1321,21.13,Not Placed,0
5.9,3,CS,2,6,3,4.65,3,5.39,0,0,187,1462,46.0,Mass Recruiter,1
6.06,1,IT,1,2,4,2.99,5,5.79,380,22,0,0,37.59,Mass Recruiter,1
6.33,0,Chemical,1,2,3,1.9,1,2.54,43,27,0,0,31.08,Not Placed,0
6.73,2,Mechanical,0,0,2,1.95,1,2.36,0,0,0,0,13.97,Not Placed,0
6.94,0,Chemical,2,4,2,5.43,2,3.11,337,31,0,0,32.21,Not Placed,0
9.2,0,CS,1,3,5,4.87,4,6.13,416,27,760,2121,69.9,Mid-tier,1
5.56,1,CS,1,4,2,2.33,1,3.81,547,26,0,0,36.63,Mass Recruiter,1
5.6,5,Mechanical,2,4,4,2.68,2,4.89,648,20,0,0,33.6,Not Placed,0
7.71,2,EEE,2,3,3,6.21,1,4.05,0,0,137,1358,46.03,Mass Recruiter,1
7.07,0,EEE,1,4,2,3.73,4,5.27,389,35,154,1922,47.36,Mass Recruiter,1
8.1,0,CS,3,12,2,4.78,4,6.17,216,22,232,1648,64.65,Mid-tier,1
9.33,0,CS,3,12,4,6.84,3,7.3,782,37,443,1769,85.94,FAANG,1
6.96,2,ECE,0,0,1,2.21,1,2.45,222,8,131,1322,22.04,Not Placed,0
7.58,0,CS,1,3,1,4.25,4,4.8,0,0,140,1807,44.96,Mass Recruiter,1
8.68,0,CS,2,8,4,7.54,4,7.04,349,26,97,1339,68.6,Mid-tier,1
6.51,2,CS,1,3,4,1.76,4,4.24,475,26,237,1748,42.07,Mass Recruiter,1
6.11,0,Civil,0,0,0,0.0,0,1.0,0,0,0,0,-6.24,Not Placed,0
5.85,2,CS,0,0,3,0.68,3,5.78,759,32,0,0,18.63,Not Placed,0
8.43,0,CS,0,0,2,4.29,2,4.47,146,15,378,2226,42.56,Mass Recruiter,1
6.71,0,Mechanical,0,0,0,0.0,1,1.0,0,0,47,1282,16.32,Not Placed,0
7.77,0,CS,2,10,6,4.2,4,6.9,412,11,177,1775,70.99,Mid-tier,1
6.74,2,Mechanical,0,0,1,1.9,5,3.54,0,0,0,0,18.27,Not Placed,0
6.81,2,CS,2,3,2,3.14,1,3.79,576,37,127,1352,42.52,Mass Recruiter,1
8.47,0,CS,0,0,1,3.4,2,5.16,255,10,363,1976,37.56,Mass Recruiter,1
8.95,0,CS,0,0,2,3.5,6,5.38,0,0,215,1708,52.31,Mass Recruiter,1
5.2,4,ECE,2,6,1,2.92,4,5.54,376,25,0,0,27.85,Not Placed,0
6.85,4,ECE,0,0,1,2.1,2,3.52,76,12,72,1356,18.94,Not Placed,0
6.04,0,Biotech,0,0,5,1.81,0,3.2,582,21,0,0,20.32,Not Placed,0
7.23,0,Mechanical,0,0,1,3.8,0,2.87,0,0,106,1422,28.06,Not Placed,0
6.72,1,CS,1,3,3,2.24,2,6.6,537,29,0,0,44.55,Mass Recruiter,1
7.34,3,Mechanical,0,0,1,0.98,0,2.04,0,0,0,0,13.73,Not Placed,0
5.16,3,IT,2,3,2,3.45,2,5.57,831,37,12,1406,30.87,Not Placed,0
8.46,0,Civil,2,8,3,4.69,2,3.32,417,35,0,0,51.15,Mass Recruiter,1
8.4,0,Mechanical,2,6,3,5.63,1,4.03,108,23,146,1399,50.39,Mass Recruiter,1
7.7,1,ECE,0,0,3,4.48,0,2.76,163,5,0,0,17.73,Not Placed,0
8.85,0,CS,0,0,6,5.68,3,6.3,427,40,636,1672,61.76,Mid-tier,1
9.22,0,EEE,3,6,2,6.14,3,3.39,0,0,0,1583,54.17,Mass Recruiter,1
6.31,1,EEE,2,6,0,0.0,0,3.26,0,0,0,0,16.84,Not Placed,0
8.9,0,Chemical,0,0,0,0.0,0,1.0,56,11,0,0,13.44,Not Placed,0
6.22,3,IT,0,0,4,1.99,1,4.3,0,0,0,0,15.59,Not Placed,0
6.94,2,CS,0,0,5,3.62,7,6.6,0,0,0,0,18.65,Not Placed,0
7.4,2,Mechanical,2,4,0,0.0,3,2.84,0,0,73,1256,33.35,Not Placed,0
8.03,0,IT,0,0,1,3.17,3,3.28,164,7,0,0,22.43,Not Placed,0
7.17,1,Chemical,0,0,1,1.84,3,2.11,0,0,0,0,10.68,Not Placed,0
5.22,2,CS,3,8,1,3.21,6,5.87,585,24,0,0,51.8,Mass Recruiter,1
5.56,3,Chemical,0,0,4,3.24,3,2.24,446,30,0,0,25.0,Not Placed,0
6.47,0,IT,0,0,3,1.76,2,4.78,624,15,267,1555,36.03,Mass Recruiter,1
8.07,0,EEE,0,0,4,4.92,3,4.3,0,0,0,0,25.47,Not Placed,0
6.46,2,IT,2,6,2,4.26,3,4.91,289,21,82,1749,39.97,Mass Recruiter,1
8.77,0,ECE,0,0,4,6.22,1,5.02,573,33,112,1504,42.09,Mass Recruiter,1
6.95,1,ECE,0,0,4,2.78,4,4.48,674,23,71,2009,34.42,Not Placed,0
6.77,0,CS,2,8,4,4.46,4,6.1,391,53,116,1329,59.62,Mid-tier,1
7.87,1,Civil,2,3,3,5.74,2,4.38,910,19,75,1286,49.74,Mass Recruiter,1
6.92,0,IT,1,3,5,3.67,3,5.6,360,13,185,1756,49.82,Mass Recruiter,1
7.12,1,Chemical,1,3,1,3.29,1,2.83,0,0,0,0,30.57,Not Placed,0
8.22,1,EEE,0,0,0,0.0,6,3.86,0,0,145,1478,23.22,Not Placed,0
6.52,0,ECE,0,0,0,0.0,2,3.33,27,1,72,1467,21.13,Not Placed,0
6.42,0,IT,0,0,4,2.87,0,4.68,0,0,221,1344,25.53,Not Placed,0
9.13,0,EEE,0,0,2,5.99,6,3.99,0,0,0,0,32.21,Not Placed,0
6.22,4,Mechanical,1,4,4,3.86,2,3.39,603,42,0,0,19.23,Not Placed,0
5.79,4,IT,0,0,6,3.29,1,5.66,435,23,173,1605,28.11,Not Placed,0
6.35,2,CS,1,1,2,4.31,3,5.59,0,0,193,1417,34.21,Not Placed,0
7.46,0,CS,1,2,2,2.78,4,6.97,50,27,115,1700,46.41,Mass Recruiter,1
7.39,2,EEE,0,0,3,3.11,4,3.07,600,33,70,1612,39.59,Mass Recruiter,1
5.78,6,CS,1,3,3,1.44,2,5.8,494,37,0,0,24.62,Not Placed,0
7.52,1,IT,0,0,2,1.98,4,5.19,199,20,177,1285,34.27,Not Placed,0
6.06,2,ECE,0,0,4,2.36,7,4.76,0,0,157,1417,24.4,Not Placed,0
5.89,2,CS,0,0,2,2.02,8,4.85,232,2,217,1810,27.98,Not Placed,0
5.91,0,ECE,1,4,1,2.66,3,4.45,0,0,0,0,30.14,Not Placed,0
6.19,2,Mechanical,0,0,3,2.72,2,2.82,0,0,0,0,19.92,Not Placed,0
6.05,0,CS,0,0,5,3.27,1,5.07,748,9,0,0,24.66,Not Placed,0
8.16,0,ECE,0,0,0,0.0,5,3.57,18,2,294,1254,25.86,Not Placed,0
7.84,3,Civil,2,8,0,0.0,0,3.0,453,18,0,0,33.65,Not Placed,0
9.06,0,IT,1,4,2,5.98,7,5.84,186,36,513,1770,54.48,Mass Recruiter,1
5.86,1,IT,1,3,5,3.82,3,5.54,739,24,229,1583,39.41,Mass Recruiter,1
8.04,1,IT,4,18,2,5.62,5,6.16,0,0,173,1507,53.7,Mass Recruiter,1
7.91,1,IT,0,0,4,3.27,6,6.45,356,20,363,1870,48.64,Mass Recruiter,1
5.81,2,IT,0,0,3,1.0,2,4.31,0,0,0,0,15.92,Not Placed,0
6.09,1,Mechanical,0,0,1,2.73,3,3.18,0,0,0,0,12.03,Not Placed,0
6.7,1,Mechanical,0,0,1,2.8,2,2.76,0,0,0,0,9.34,Not Placed,0
6.95,0,CS,2,4,2,2.14,7,7.12,373,21,162,1299,47.87,Mass Recruiter,1
7.85,0,Mechanical,2,8,1,4.95,2,4.01,0,0,39,1270,40.96,Mass Recruiter,1
5.27,1,Biotech,0,0,1,1.64,1,2.32,0,0,0,0,7.81,Not Placed,0
7.89,1,CS,2,4,2,3.92,4,4.15,490,8,188,1884,61.0,Mid-tier,1
9.38,0,ECE,0,0,2,6.25,3,3.72,0,0,0,0,22.12,Not Placed,0
7.3,0,ECE,3,8,2,3.93,2,5.27,0,0,121,1743,55.41,Mid-tier,1
5.91,1,EEE,0,0,1,1.44,1,2.92,0,0,114,1460,14.81,Not Placed,0
6.94,1,CS,1,1,3,4.42,5,5.31,381,12,351,1921,47.19,Mass Recruiter,1
8.19,0,Mechanical,0,0,1,3.56,6,3.23,0,0,0,0,18.07,Not Placed,0
6.44,0,ECE,1,3,4,5.14,2,3.99,474,18,86,1393,49.81,Mass Recruiter,1
5.95,2,CS,0,0,4,1.67,6,6.25,448,22,237,1691,38.18,Mass Recruiter,1
8.42,0,EEE,1,2,2,3.23,2,4.3,359,31,0,0,32.89,Not Placed,0
6.55,1,IT,1,3,3,2.89,1,5.18,0,0,143,1420,40.76,Mass Recruiter,1
7.34,2,ECE,3,8,3,4.5,5,5.07,355,21,139,1635,63.47,Mid-tier,1
7.35,0,IT,1,3,6,5.93,1,6.09,407,45,0,0,37.67,Mass Recruiter,1
7.86,0,ECE,0,0,2,3.34,4,3.4,168,0,211,1364,37.33,Mass Recruiter,1
6.69,0,IT,1,4,2,1.98,4,5.68,107,33,0,0,33.44,Not Placed,0
6.79,1,Civil,0,0,1,2.18,2,1.45,135,11,0,0,15.01,Not Placed,0
7.72,0,IT,0,0,5,4.04,4,5.59,553,22,0,0,31.11,Not Placed,0
8.05,1,IT,4,18,4,6.55,12,7.71,526,26,281,1361,66.36,Mid-tier,1
8.13,0,CS,0,0,4,3.88,3,5.31,650,37,282,1651,52.84,Mass Recruiter,1
6.69,4,ECE,0,0,2,3.52,2,3.86,0,0,93,1197,23.68,Not Placed,0
9.43,0,EEE,0,0,3,5.7,4,3.96,0,0,132,1236,31.66,Not Placed,0
6.87,0,Mechanical,0,0,1,3.24,2,3.05,0,0,0,0,4.58,Not Placed,0
5.74,2,CS,2,6,5,3.56,4,6.38,712,28,0,0,37.08,Mass Recruiter,1
6.98,2,ECE,0,0,3,1.0,3,4.69,439,12,54,1527,22.78,Not Placed,0
6.62,2,EEE,0,0,0,0.0,4,3.3,10,2,0,0,11.94,Not Placed,0
6.6,1,EEE,2,6,1,2.48,3,3.91,583,26,99,1496,48.9,Mass Recruiter,1
7.18,0,CS,2,4,5,3.18,2,5.9,0,0,235,1746,59.35,Mid-tier,1
6.19,0,ECE,0,0,5,1.41,1,5.1,0,0,0,0,15.06,Not Placed,0
7.63,0,IT,1,6,5,4.26,3,6.24,831,33,0,0,42.96,Mass Recruiter,1
6.92,2,CS,4,8,1,3.68,5,5.96,491,34,191,1321,55.66,Mid-tier,1
6.19,1,Mechanical,0,0,4,1.29,1,2.84,0,0,0,0,13.54,Not Placed,0
6.49,2,CS,0,0,3,2.79,3,3.89,279,18,142,1488,28.28,Not Placed,0
8.38,0,EEE,0,0,2,3.59,2,1.96,0,0,310,1577,40.47,Mass Recruiter,1
8.61,0,Civil,0,0,1,2.85,5,2.64,0,0,0,0,36.57,Mass Recruiter,1
9.22,0,Mechanical,2,4,1,5.26,4,3.55,509,13,218,975,49.64,Mass Recruiter,1
7.12,2,ECE,3,14,3,4.4,3,6.27,0,0,11,1307,47.47,Mass Recruiter,1
8.65,0,Civil,0,0,1,4.08,2,2.37,0,0,76,1603,35.4,Mass Recruiter,1
7.93,0,CS,2,8,4,5.73,1,4.73,0,0,184,1302,56.3,Mid-tier,1
7.28,0,ECE,1,4,4,4.5,1,5.61,748,16,104,1472,53.35,Mass Recruiter,1
8.74,0,Chemical,2,3,0,0.0,1,2.01,0,0,48,1373,39.04,Mass Recruiter,1
5.65,3,Civil,1,2,3,1.51,2,3.4,0,0,29,1186,24.74,Not Placed,0
7.2,0,EEE,0,0,2,2.25,2,3.45,0,0,87,1546,17.37,Not Placed,0
6.32,0,Chemical,0,0,0,0.0,2,2.43,0,0,0,0,0.3,Not Placed,0
6.56,0,Mechanical,0,0,2,1.9,1,3.73,297,14,21,1125,17.98,Not Placed,0
8.91,0,ECE,2,6,3,6.88,2,4.17,0,0,0,0,38.38,Mass Recruiter,1
7.0,1,IT,1,3,0,0.0,5,3.81,301,17,310,1778,46.17,Mass Recruiter,1
7.35,0,ECE,0,0,2,1.4,5,4.14,314,10,0,0,26.52,Not Placed,0
8.74,0,IT,0,0,3,3.48,6,5.86,709,40,0,0,28.45,Not Placed,0
7.03,1,Civil,0,0,3,3.08,1,2.85,0,0,0,0,25.62,Not Placed,0
9.27,0,Mechanical,0,0,1,6.21,5,2.67,168,13,316,1549,33.54,Not Placed,0
5.65,4,IT,2,6,2,3.24,5,6.63,369,36,101,1371,50.33,Mass Recruiter,1
5.26,2,ECE,0,0,4,2.66,1,2.91,742,43,0,0,7.75,Not Placed,0
5.75,1,CS,2,3,5,4.26,11,8.27,784,31,143,1636,55.43,Mid-tier,1
6.67,0,ECE,0,0,2,3.83,0,3.38,0,13,29,1365,28.17,Not Placed,0
5.0,1,IT,0,0,3,0.53,1,4.48,0,0,0,0,25.97,Not Placed,0
6.77,0,CS,2,6,2,2.44,5,4.92,317,35,236,1198,39.33,Mass Recruiter,1
7.49,0,ECE,0,0,3,3.83,2,3.49,742,27,195,1516,50.62,Mass Recruiter,1
8.47,0,CS,1,4,6,5.86,6,7.64,582,4,247,1608,59.42,Mid-tier,1
5.68,2,Mechanical,0,0,1,0.3,1,3.04,0,5,10,1167,8.25,Not Placed,0
7.61,2,Mechanical,0,0,2,3.0,1,2.7,157,19,0,0,16.72,Not Placed,0
7.4,0,IT,2,4,2,2.84,4,4.52,635,27,0,0,45.14,Mass Recruiter,1
8.6,0,IT,1,4,2,4.14,3,5.78,470,43,431,2054,69.75,Mid-tier,1
9.37,0,CS,0,0,4,4.89,6,5.23,686,24,0,0,41.97,Mass Recruiter,1
7.83,0,ECE,0,0,4,3.5,3,4.12,0,0,0,0,39.74,Mass Recruiter,1
6.89,0,Mechanical,0,0,1,2.79,2,2.39,59,2,0,0,20.11,Not Placed,0
5.9,4,IT,0,0,4,1.29,4,6.03,691,36,124,1442,30.15,Not Placed,0
6.9,0,CS,4,6,3,4.72,3,5.71,718,24,313,1579,66.04,Mid-tier,1
7.14,1,ECE,0,0,5,4.32,4,2.9,366,40,53,1420,26.98,Not Placed,0
8.59,0,Mechanical,0,0,2,3.19,2,1.8,0,0,199,1233,21.91,Not Placed,0
7.87,2,EEE,2,3,4,4.67,5,4.36,0,0,0,0,41.37,Mass Recruiter,1
8.47,0,Mechanical,0,0,3,3.55,3,4.87,0,0,109,1385,28.92,Not Placed,0
7.66,0,ECE,1,1,4,4.64,3,4.2,414,38,0,0,42.74,Mass Recruiter,1
7.91,0,CS,0,0,3,2.35,8,5.48,583,26,424,1541,45.11,Mass Recruiter,1
7.1,0,CS,3,8,3,4.07,3,6.96,532,39,202,1772,72.31,Mid-tier,1
9.09,0,CS,1,4,1,4.58,1,4.42,617,40,396,1749,53.13,Mass Recruiter,1
6.13,4,CS,0,0,4,2.56,3,6.76,533,29,238,1536,30.6,Not Placed,0
5.74,1,CS,2,6,3,2.75,3,6.78,0,0,135,1639,41.05,Mass Recruiter,1
6.28,1,ECE,0,0,3,0.3,2,3.48,468,28,0,0,22.31,Not Placed,0
6.73,0,CS,0,0,2,1.75,2,4.14,344,37,0,0,23.4,Not Placed,0
5.92,1,CS,1,2,5,3.55,2,7.82,0,0,184,1554,41.47,Mass Recruiter,1
7.51,0,Civil,1,3,2,4.29,1,3.48,405,19,0,0,29.98,Not Placed,0
7.24,1,IT,0,0,3,3.56,2,5.07,0,0,40,1719,32.36,Not Placed,0
6.0,2,ECE,0,0,3,1.66,3,4.43,0,0,85,1582,17.33,Not Placed,0
6.76,0,Civil,0,0,0,0.0,0,1.0,0,0,51,1431,12.62,Not Placed,0
8.54,0,Civil,0,0,0,0.0,2,2.33,45,5,0,0,8.82,Not Placed,0
6.65,1,CS,1,6,2,2.85,2,5.77,363,13,189,1584,50.9,Mass Recruiter,1
6.64,4,ECE,0,0,3,2.22,4,3.96,263,29,111,1289,31.47,Not Placed,0
7.82,0,IT,3,14,6,5.52,4,7.73,440,10,0,0,76.31,FAANG,1
7.15,0,IT,0,0,3,1.74,3,4.85,714,28,80,1576,35.63,Mass Recruiter,1
7.36,0,Chemical,0,0,1,3.73,1,3.62,247,19,82,1526,28.01,Not Placed,0
7.61,1,IT,0,0,3,2.73,4,5.98,507,15,0,0,31.91,Not Placed,0
5.97,6,EEE,0,0,2,2.63,3,3.2,0,0,0,0,14.8,Not Placed,0
7.37,0,IT,3,10,4,5.21,2,6.18,534,20,256,1838,69.91,Mid-tier,1
7.83,3,ECE,0,0,0,0.0,5,4.66,20,10,0,0,4.88,Not Placed,0
5.55,0,EEE,0,0,3,3.13,0,4.79,497,27,132,1420,31.15,Not Placed,0
8.13,0,CS,1,8,2,5.41,6,5.84,384,36,302,1372,53.92,Mass Recruiter,1
6.28,1,CS,2,6,4,2.88,2,5.05,369,31,176,1767,48.91,Mass Recruiter,1
8.98,0,ECE,0,0,4,5.46,7,5.73,0,0,51,1642,36.17,Mass Recruiter,1
7.37,0,ECE,4,12,2,5.21,2,5.37,0,0,123,1490,66.18,Mid-tier,1
5.91,2,ECE,2,8,3,3.14,0,5.09,609,13,23,1265,45.93,Mass Recruiter,1
7.06,2,CS,1,3,4,3.83,4,5.03,393,42,99,1491,40.76,Mass Recruiter,1
6.72,0,CS,2,8,5,3.94,2,5.36,336,20,58,1473,54.97,Mass Recruiter,1
6.72,0,CS,0,0,3,1.48,6,4.58,0,0,274,1206,28.81,Not Placed,0
8.23,0,EEE,0,0,0,0.0,4,2.72,0,0,0,0,21.26,Not Placed,0
8.99,0,IT,1,2,4,5.92,6,6.39,741,50,558,1915,67.72,Mid-tier,1
7.43,0,ECE,2,3,4,4.68,3,6.15,0,0,0,0,45.92,Mass Recruiter,1
5.0,3,Mechanical,0,0,2,1.38,2,2.91,150,18,0,0,10.11,Not Placed,0
6.27,1,CS,0,0,4,1.86,2,4.13,486,32,69,1584,33.06,Not Placed,0
7.66,0,ECE,3,10,1,5.35,2,4.19,565,33,0,0,55.3,Mid-tier,1
8.31,0,Civil,0,0,2,2.14,2,2.6,0,0,0,0,18.91,Not Placed,0
7.47,0,CS,0,0,5,5.14,7,7.71,0,0,216,2137,44.73,Mass Recruiter,1
6.98,0,CS,0,0,4,0.81,3,6.93,0,0,0,0,37.22,Mass Recruiter,1
5.19,2,CS,1,3,3,2.53,3,6.43,391,28,0,0,19.63,Not Placed,0
7.06,1,IT,2,10,2,4.24,1,5.2,623,41,0,0,41.13,Mass Recruiter,1
6.19,4,CS,1,3,3,2.16,1,6.5,464,29,141,1556,31.65,Not Placed,0
7.14,1,EEE,0,0,2,0.31,4,3.04,109,17,107,1525,18.95,Not Placed,0
5.0,3,IT,2,4,1,2.47,4,5.05,0,0,20,1063,23.83,Not Placed,0
7.49,0,IT,2,4,4,3.86,0,5.33,677,38,0,0,48.12,Mass Recruiter,1
8.77,1,ECE,1,2,6,4.59,5,6.68,446,40,0,0,46.47,Mass Recruiter,1
6.96,2,EEE,0,0,1,2.03,3,1.69,251,11,0,1350,6.55,Not Placed,0
6.3,1,IT,2,3,3,5.01,0,5.63,0,0,0,0,20.0,Not Placed,0
9.61,0,Mechanical,0,0,1,4.98,0,2.7,196,13,157,1415,31.21,Not Placed,0
6.32,3,Mechanical,0,0,2,3.67,0,2.13,0,0,144,1446,22.85,Not Placed,0
6.22,0,Civil,0,0,0,0.0,1,2.01,14,2,0,0,1.72,Not Placed,0
8.49,0,CS,0,0,3,5.28,1,3.95,483,36,356,1301,47.28,Mass Recruiter,1
7.58,0,EEE,0,0,0,0.0,2,1.59,0,0,199,1720,25.67,Not Placed,0
5.8,4,CS,0,0,2,1.22,1,4.6,214,11,175,1325,15.64,Not Placed,0
6.45,0,ECE,1,4,2,2.47,1,3.49,536,16,183,1545,35.62,Mass Recruiter,1
8.01,0,Mechanical,0,0,1,1.24,1,2.68,31,6,0,1578,27.8,Not Placed,0
7.05,0,IT,0,0,3,4.05,4,4.08,428,60,266,1564,50.57,Mass Recruiter,1
5.25,4,Chemical,0,0,1,0.93,2,1.88,64,3,0,0,1.55,Not Placed,0
5.26,1,IT,0,0,5,2.83,1,5.55,0,0,0,0,20.77,Not Placed,0
6.19,0,IT,0,0,3,1.5,5,6.27,567,15,88,1436,29.38,Not Placed,0
5.99,5,CS,0,0,4,0.78,4,6.44,448,29,281,1101,28.91,Not Placed,0
7.54,0,CS,2,4,2,4.72,0,4.45,702,32,448,1956,69.24,Mid-tier,1
7.82,0,IT,1,3,2,2.87,2,4.24,527,27,0,0,41.34,Mass Recruiter,1
5.59,0,CS,1,3,5,2.93,2,5.39,730,17,237,1481,48.43,Mass Recruiter,1
8.68,0,ECE,2,4,2,3.33,2,4.19,465,22,249,1551,62.21,Mid-tier,1
9.08,0,CS,2,4,2,4.9,0,5.45,342,36,290,1408,52.76,Mass Recruiter,1
9.52,0,CS,0,0,4,5.72,2,4.99,583,39,435,1828,61.89,Mid-tier,1
6.96,0,CS,2,6,1,3.48,1,4.91,474,18,228,2060,58.18,Mid-tier,1
5.16,2,IT,0,0,5,2.48,3,5.75,558,45,55,1366,31.06,Not Placed,0
7.38,0,IT,0,0,5,3.44,4,5.88,595,30,415,1615,61.97,Mid-tier,1
6.75,1,Mechanical,2,8,0,0.0,2,2.74,0,0,0,0,19.17,Not Placed,0
8.85,0,Chemical,0,0,1,4.19,4,2.3,0,0,0,0,17.64,Not Placed,0
5.6,2,Mechanical,0,0,4,2.75,1,3.12,0,0,0,0,16.81,Not Placed,0
5.72,5,ECE,0,0,3,2.36,0,3.26,573,28,342,1535,32.54,Not Placed,0
7.8,0,Biotech,0,0,1,3.94,2,2.37,185,1,132,1406,27.68,Not Placed,0
9.43,0,Biotech,0,0,4,4.62,4,2.08,478,24,0,0,45.12,Mass Recruiter,1
7.57,0,ECE,0,0,3,4.74,2,3.71,444,29,191,1301,30.06,Not Placed,0
6.39,1,CS,0,0,4,3.68,7,6.47,742,36,136,1659,45.25,Mass Recruiter,1
7.83,0,IT,1,2,3,3.66,3,5.83,415,21,87,1596,54.92,Mass Recruiter,1
6.81,3,Civil,2,4,5,3.69,2,4.6,0,0,0,0,35.62,Mass Recruiter,1
7.02,0,Mechanical,1,3,1,3.08,2,3.83,701,38,0,0,29.91,Not Placed,0
5.87,1,IT,3,12,5,2.47,3,6.54,0,0,0,0,49.91,Mass Recruiter,1
6.55,3,Civil,0,0,1,0.68,2,2.68,0,0,0,0,2.46,Not Placed,0
8.2,0,CS,1,3,2,3.81,3,5.89,700,26,145,1596,57.86,Mid-tier,1
6.89,0,CS,0,0,3,4.34,5,5.51,533,23,138,1693,39.6,Mass Recruiter,1
8.88,0,Chemical,1,6,1,5.2,2,1.88,0,0,82,1469,41.23,Mass Recruiter,1
7.1,0,ECE,1,3,4,4.31,3,5.38,476,39,0,1053,44.03,Mass Recruiter,1
6.06,3,IT,4,8,2,4.07,1,5.51,362,33,0,0,37.2,Mass Recruiter,1
6.19,1,IT,0,0,2,2.96,6,5.13,0,0,188,1566,23.48,Not Placed,0
7.24,0,Civil,1,3,2,3.96,1,2.39,0,0,59,1423,34.01,Not Placed,0
7.26,1,ECE,0,0,4,3.02,3,4.36,0,0,192,1439,27.41,Not Placed,0
7.11,0,EEE,1,3,0,0.0,4,3.53,7,9,181,1754,35.69,Mass Recruiter,1
8.73,0,CS,1,3,4,6.05,4,6.37,568,30,305,1777,66.71,Mid-tier,1
7.32,0,Mechanical,0,0,1,2.57,1,3.22,226,20,68,1561,29.1,Not Placed,0
6.09,3,CS,0,0,5,3.88,3,5.0,808,42,275,1464,38.24,Mass Recruiter,1
7.17,1,CS,0,0,4,3.49,3,5.67,583,26,205,1545,38.66,Mass Recruiter,1
7.59,1,CS,0,0,4,3.04,4,5.83,624,24,0,0,33.41,Not Placed,0
7.43,0,Mechanical,1,2,2,5.2,3,4.46,0,0,0,0,34.17,Not Placed,0
7.52,0,CS,3,8,3,5.97,2,6.07,753,13,147,1781,64.54,Mid-tier,1
7.55,1,CS,0,0,4,4.22,2,5.26,0,0,0,0,14.56,Not Placed,0
7.27,2,EEE,0,0,3,2.7,2,3.15,266,29,0,0,26.42,Not Placed,0
6.22,1,Biotech,0,0,1,0.3,0,1.3,35,9,0,0,5.57,Not Placed,0
5.0,0,CS,1,4,2,2.91,0,3.94,732,40,214,1609,37.3,Mass Recruiter,1
8.03,0,ECE,0,0,4,2.81,4,3.85,0,0,222,1717,39.38,Mass Recruiter,1
6.92,0,CS,0,0,4,1.95,5,5.95,590,36,208,1657,39.46,Mass Recruiter,1
8.92,0,ECE,1,4,2,6.64,3,4.5,369,50,0,0,39.56,Mass Recruiter,1
6.22,1,CS,0,0,3,2.15,4,6.37,0,0,200,1627,27.3,Not Placed,0
7.95,0,CS,0,0,4,3.67,1,5.37,642,18,686,2107,62.31,Mid-tier,1
6.06,0,Mechanical,1,3,2,2.75,1,3.67,0,0,0,0,24.32,Not Placed,0
5.9,3,IT,0,0,3,1.48,3,4.76,503,27,220,1166,36.85,Mass Recruiter,1
8.56,0,Mechanical,1,2,1,4.05,2,1.82,0,0,99,1498,37.66,Mass Recruiter,1
7.08,0,IT,1,4,4,3.19,1,4.56,402,28,141,1658,46.01,Mass Recruiter,1
6.71,4,CS,1,4,5,2.55,1,4.74,693,36,215,1558,50.02,Mass Recruiter,1
6.93,2,Mechanical,0,0,0,0.0,3,1.76,6,1,52,1252,20.11,Not Placed,0
5.93,5,ECE,2,6,4,4.34,2,5.27,441,35,0,0,19.67,Not Placed,0
8.95,0,Civil,2,3,2,5.7,5,2.86,818,38,50,1523,58.69,Mid-tier,1
8.3,0,IT,0,0,4,5.32,1,5.33,557,28,363,1507,54.53,Mass Recruiter,1
6.19,2,ECE,0,0,2,1.89,2,4.01,0,7,224,1590,28.97,Not Placed,0
7.09,1,Biotech,0,0,0,0.0,2,1.0,0,0,0,0,0.2,Not Placed,0
6.42,0,Civil,0,0,1,1.89,1,1.0,0,0,0,1194,20.0,Not Placed,0
6.57,3,Mechanical,0,0,3,1.37,1,3.48,0,0,83,1286,12.49,Not Placed,0
6.25,2,ECE,4,14,2,3.69,2,4.79,0,0,307,1218,49.11,Mass Recruiter,1
6.38,2,EEE,1,6,0,0.0,0,2.37,107,7,160,1369,35.5,Mass Recruiter,1
7.26,2,CS,2,6,4,5.54,3,5.82,610,36,278,1540,57.64,Mid-tier,1
6.84,2,Mechanical,0,0,2,3.39,2,4.24,0,0,0,0,12.97,Not Placed,0
6.53,1,Civil,1,3,3,3.45,3,4.62,0,0,0,0,20.53,Not Placed,0
8.64,0,IT,2,4,2,4.97,4,4.81,470,31,490,1848,60.34,Mid-tier,1
6.4,0,Biotech,2,4,3,2.58,3,3.21,0,0,0,0,33.75,Not Placed,0
6.2,2,CS,0,0,3,1.38,2,4.84,0,0,148,1603,31.19,Not Placed,0
6.92,3,IT,0,0,1,1.23,5,5.16,197,6,284,1412,25.47,Not Placed,0
6.31,1,Civil,1,3,1,2.16,3,2.09,0,0,30,1238,35.01,Mass Recruiter,1
6.33,1,Chemical,0,0,1,1.19,1,1.49,0,0,0,0,8.69,Not Placed,0
8.55,0,IT,1,4,3,6.9,3,5.41,0,0,540,1960,52.93,Mass Recruiter,1
5.82,2,ECE,0,0,3,3.54,3,5.11,0,0,45,1455,21.27,Not Placed,0
7.21,0,Chemical,1,4,1,3.38,1,2.71,0,0,139,1281,33.43,Not Placed,0
7.3,0,ECE,2,4,3,3.76,1,5.4,0,0,11,1431,34.78,Not Placed,0
7.9,0,IT,1,3,4,4.66,0,5.1,396,32,416,1992,60.32,Mid-tier,1
8.53,0,Civil,0,0,1,4.35,3,1.0,174,12,0,0,24.74,Not Placed,0
7.64,0,Mechanical,4,10,3,6.5,3,4.77,0,0,122,1602,64.17,Mid-tier,1
5.61,4,ECE,1,2,3,3.56,0,3.4,317,19,86,1352,24.31,Not Placed,0
6.59,1,EEE,0,0,3,0.32,1,3.76,0,0,0,0,4.22,Not Placed,0
6.63,1,ECE,1,2,5,3.93,1,4.84,0,0,116,1216,38.13,Mass Recruiter,1
5.67,2,CS,0,0,1,0.3,8,4.07,90,3,371,1174,23.88,Not Placed,0
7.58,0,Mechanical,0,0,0,0.0,3,1.15,0,0,0,0,16.01,Not Placed,0
6.28,0,ECE,0,0,2,2.44,1,3.12,123,14,108,1446,26.14,Not Placed,0
6.88,0,CS,1,3,4,3.2,3,5.74,369,28,495,2050,55.01,Mid-tier,1
6.19,1,Mechanical,0,0,1,1.92,2,2.98,91,2,0,0,-4.73,Not Placed,0
7.72,1,Chemical,0,0,1,2.41,1,1.0,113,9,0,0,13.28,Not Placed,0
9.1,0,EEE,0,0,3,4.17,0,1.67,575,29,296,1388,48.0,Mass Recruiter,1
7.6,0,ECE,2,6,4,3.66,4,5.75,0,0,0,0,53.69,Mass Recruiter,1
6.14,2,Mechanical,2,8,2,4.06,1,4.37,388,23,0,0,37.46,Mass Recruiter,1
7.08,0,CS,3,14,5,5.54,2,7.62,479,27,161,1672,75.14,FAANG,1
8.49,0,IT,1,6,2,5.02,2,5.1,330,22,256,1385,54.82,Mass Recruiter,1
6.55,1,ECE,0,0,2,1.77,1,3.54,0,0,0,1327,13.83,Not Placed,0
8.08,0,CS,3,8,3,5.17,4,6.13,646,30,275,1856,73.52,Mid-tier,1
6.25,0,EEE,0,0,1,1.98,2,2.39,0,0,0,0,17.08,Not Placed,0
8.28,0,IT,2,6,2,3.6,9,5.85,225,24,0,0,41.71,Mass Recruiter,1
7.11,0,IT,1,2,2,1.66,5,4.72,665,21,133,1572,46.23,Mass Recruiter,1
8.58,0,CS,1,6,2,5.99,3,5.32,398,33,181,1928,53.22,Mass Recruiter,1
6.54,0,CS,3,14,6,3.5,3,5.4,715,46,80,1529,63.51,Mid-tier,1
8.92,0,CS,1,4,4,3.54,2,4.85,499,39,35,1491,47.26,Mass Recruiter,1
5.78,2,CS,1,3,3,2.88,7,6.38,621,24,140,1645,34.69,Not Placed,0
7.08,0,Chemical,0,0,0,0.0,1,1.16,0,0,0,0,2.52,Not Placed,0
9.01,0,Mechanical,0,0,1,2.85,2,2.0,0,0,117,1395,29.73,Not Placed,0
7.94,3,Mechanical,0,0,3,5.19,1,3.51,0,0,0,0,20.0,Not Placed,0
8.12,0,ECE,0,0,2,3.28,3,4.31,0,0,195,1607,37.87,Mass Recruiter,1
6.45,1,ECE,0,0,3,3.11,1,2.52,0,0,186,1878,33.58,Not Placed,0
8.15,0,IT,1,3,5,3.8,2,5.32,418,24,354,1640,63.24,Mid-tier,1
6.76,2,Mechanical,0,0,0,0.0,2,1.83,16,1,82,1443,10.28,Not Placed,0
6.95,0,CS,1,4,3,1.44,6,6.65,586,24,220,1292,49.7,Mass Recruiter,1
9.02,0,CS,3,10,2,6.27,3,7.34,445,15,150,1468,60.64,Mid-tier,1
7.31,0,IT,1,4,3,3.77,2,7.75,289,17,208,1730,57.53,Mid-tier,1
6.29,1,IT,0,0,2,3.87,4,4.81,0,0,0,1480,19.08,Not Placed,0
7.2,0,IT,2,3,3,3.59,2,6.17,779,26,203,1201,45.68,Mass Recruiter,1
5.24,3,ECE,0,0,3,1.64,4,5.72,915,17,72,1456,32.41,Not Placed,0
7.78,0,ECE,0,0,7,4.55,5,4.87,586,32,58,1474,49.85,Mass Recruiter,1
7.57,0,Civil,0,0,1,1.8,4,2.6,108,7,0,0,17.19,Not Placed,0
7.85,2,IT,2,3,3,5.28,4,6.7,0,0,204,1469,46.57,Mass Recruiter,1
7.44,0,CS,0,0,4,5.8,2,5.96,0,0,161,1790,34.82,Not Placed,0
9.01,0,ECE,1,6,4,6.22,4,5.66,0,0,0,1253,49.73,Mass Recruiter,1
5.88,0,Biotech,0,0,2,0.3,3,3.73,0,0,0,0,16.36,Not Placed,0
6.2,0,CS,2,3,3,2.3,2,5.88,503,29,0,0,49.26,Mass Recruiter,1
7.02,3,ECE,3,6,1,5.46,4,5.07,0,0,0,0,36.88,Mass Recruiter,1
7.51,1,Mechanical,0,0,1,2.06,0,1.37,77,5,131,1275,10.78,Not Placed,0
6.0,1,CS,0,0,5,1.43,1,5.53,732,29,0,0,31.53,Not Placed,0
8.03,0,EEE,1,1,2,5.29,6,4.83,0,0,0,0,26.85,Not Placed,0
7.58,0,Biotech,0,0,3,2.96,2,3.81,0,0,31,1168,19.53,Not Placed,0
6.52,0,Mechanical,1,6,3,3.19,0,2.67,0,0,0,0,19.99,Not Placed,0
6.69,0,Civil,0,0,3,1.95,3,3.11,498,35,128,1266,32.86,Not Placed,0
8.06,1,Mechanical,2,6,1,4.91,2,3.75,107,7,175,1404,43.44,Mass Recruiter,1
7.17,0,IT,0,0,3,2.93,0,4.76,237,40,248,1416,39.45,Mass Recruiter,1
5.42,5,Civil,0,0,0,0.0,0,1.0,24,1,0,0,-11.58,Not Placed,0
7.21,1,CS,1,4,3,2.58,0,5.73,447,22,0,0,37.53,Mass Recruiter,1
6.21,2,Chemical,1,6,2,0.48,2,3.49,0,0,0,0,16.31,Not Placed,0
7.32,1,Mechanical,1,4,2,4.89,1,1.88,0,0,0,0,20.58,Not Placed,0
6.65,1,CS,2,8,2,2.93,2,6.1,0,0,327,1339,46.3,Mass Recruiter,1
6.01,1,ECE,0,0,4,1.29,4,4.04,0,0,115,1430,13.62,Not Placed,0
8.76,0,CS,2,4,4,5.97,2,5.03,893,42,270,1858,57.84,Mid-tier,1
7.58,2,CS,2,6,3,3.01,4,7.6,695,29,0,0,44.39,Mass Recruiter,1
7.46,2,Chemical,1,4,3,4.25,1,3.18,0,0,65,1491,26.62,Not Placed,0
7.62,1,Mechanical,0,0,0,0.0,1,1.53,98,8,0,0,21.49,Not Placed,0
6.91,0,EEE,0,0,2,2.96,3,3.68,0,0,0,0,14.68,Not Placed,0
7.79,1,ECE,0,0,3,3.25,3,3.39,730,39,0,0,36.03,Mass Recruiter,1
8.38,0,EEE,0,0,4,4.33,5,4.31,468,35,0,0,38.16,Mass Recruiter,1
7.49,0,IT,0,0,2,2.38,3,4.89,0,0,0,0,17.35,Not Placed,0
6.91,2,CS,1,6,4,2.48,7,6.0,547,42,119,1467,48.2,Mass Recruiter,1
6.03,2,Mechanical,2,10,3,2.92,2,2.11,0,0,0,0,37.89,Mass Recruiter,1
6.82,0,Mechanical,0,0,0,0.0,0,2.01,0,0,98,1251,24.63,Not Placed,0
6.14,0,CS,2,8,5,4.97,2,6.26,637,45,118,1270,51.18,Mass Recruiter,1
8.69,2,IT,1,4,3,5.2,2,5.15,385,23,235,1448,34.38,Not Placed,0
5.75,2,ECE,0,0,3,1.71,2,3.51,402,12,136,1399,25.09,Not Placed,0
6.35,0,Biotech,0,0,2,2.52,2,1.95,0,0,41,1258,9.95,Not Placed,0
6.36,0,EEE,0,0,0,0.0,2,1.79,32,4,106,1554,19.85,Not Placed,0
5.45,3,EEE,1,4,0,0.0,2,3.26,0,0,118,1392,25.51,Not Placed,0
8.25,0,Chemical,1,3,4,3.71,1,3.86,432,0,0,0,32.49,Not Placed,0
5.38,1,EEE,0,0,1,1.38,1,3.13,98,10,10,1174,8.95,Not Placed,0
7.74,0,CS,1,3,3,4.57,5,4.96,536,29,0,0,34.63,Not Placed,0
6.02,0,ECE,0,0,4,2.33,2,4.75,0,0,122,1482,29.93,Not Placed,0
8.97,0,Chemical,0,0,1,4.42,1,1.0,65,15,0,0,25.49,Not Placed,0
6.2,3,EEE,0,0,3,2.52,3,3.03,313,38,0,0,22.01,Not Placed,0
9.07,0,Civil,0,0,3,6.17,5,3.09,540,20,76,1108,47.98,Mass Recruiter,1
6.1,1,CS,0,0,1,2.29,2,4.34,229,10,225,1532,26.92,Not Placed,0
7.31,0,IT,0,0,5,2.51,6,5.25,458,42,148,1652,34.85,Not Placed,0
5.76,5,ECE,1,3,3,3.15,3,3.45,0,0,114,1672,32.01,Not Placed,0
7.58,3,CS,2,4,2,4.21,3,5.99,708,30,306,1914,50.47,Mass Recruiter,1
7.83,2,IT,4,10,4,5.18,4,6.39,574,14,96,1640,70.84,Mid-tier,1
5.99,3,CS,1,1,2,3.85,1,5.07,314,37,116,1456,34.89,Not Placed,0
6.37,0,CS,0,0,0,0.0,1,3.9,50,2,0,0,17.28,Not Placed,0
6.11,1,EEE,1,3,2,2.9,2,3.9,538,1,186,1435,35.1,Mass Recruiter,1
6.49,1,ECE,2,10,4,3.54,5,6.39,587,21,0,0,44.45,Mass Recruiter,1
6.89,1,ECE,0,0,4,4.62,4,4.38,718,14,133,1362,45.57,Mass Recruiter,1
6.69,0,IT,1,3,3,3.32,1,4.66,607,16,171,1489,34.92,Not Placed,0
8.41,1,IT,0,0,4,4.21,2,5.32,420,16,212,1389,51.79,Mass Recruiter,1
6.88,4,EEE,0,0,3,3.0,1,3.61,647,28,100,1616,20.84,Not Placed,0
8.11,0,CS,0,0,1,2.4,3,5.2,122,8,273,1447,31.63,Not Placed,0
5.23,2,EEE,2,10,3,0.93,2,4.87,297,34,155,1417,43.39,Mass Recruiter,1
8.22,0,CS,1,3,1,4.13,2,3.72,166,17,389,1894,46.7,Mass Recruiter,1
8.47,0,EEE,2,4,2,5.01,2,5.26,524,11,109,1182,51.38,Mass Recruiter,1
6.81,0,Mechanical,1,3,2,3.75,3,3.6,0,0,0,0,29.89,Not Placed,0
6.87,0,EEE,0,0,2,3.3,1,3.12,0,0,0,0,21.72,Not Placed,0
5.67,3,IT,1,6,3,1.81,5,5.41,612,44,0,0,35.66,Mass Recruiter,1
7.47,0,Civil,0,0,2,3.83,3,3.13,0,0,0,0,22.84,Not Placed,0
5.13,5,IT,1,6,5,1.42,3,6.47,1128,24,92,1335,37.3,Mass Recruiter,1
7.45,0,CS,0,0,3,2.7,2,4.53,634,30,0,0,31.33,Not Placed,0
8.08,1,CS,0,0,4,3.77,4,5.44,574,34,202,1625,41.4,Mass Recruiter,1
8.93,0,ECE,1,2,2,5.6,2,3.55,490,29,233,1608,57.29,Mid-tier,1
5.85,1,CS,1,3,3,1.95,3,5.69,166,22,0,0,18.06,Not Placed,0
5.0,2,IT,2,3,1,0.3,1,4.08,185,27,0,0,19.48,Not Placed,0
6.71,0,IT,1,2,1,2.11,3,4.67,0,0,0,0,22.44,Not Placed,0
6.21,1,CS,0,0,3,3.51,4,6.45,460,39,0,0,20.38,Not Placed,0
5.93,5,EEE,1,4,0,0.0,4,2.79,360,10,0,0,6.5,Not Placed,0
7.72,0,ECE,0,0,2,2.92,1,3.05,118,16,0,0,27.86,Not Placed,0
7.43,1,CS,2,3,5,3.04,6,7.6,0,0,0,0,41.0,Mass Recruiter,1
5.91,3,Mechanical,0,0,3,1.06,1,3.52,934,36,86,1300,23.5,Not Placed,0
7.02,0,Civil,0,0,1,2.39,3,2.67,79,9,0,0,12.75,Not Placed,0
7.08,0,ECE,1,2,1,2.14,0,4.78,767,43,131,1348,47.75,Mass Recruiter,1
6.17,0,IT,2,8,1,2.78,5,6.23,250,16,207,1762,53.45,Mass Recruiter,1
5.54,2,IT,3,8,3,4.21,4,5.78,797,23,0,1254,53.8,Mass Recruiter,1
7.26,0,Civil,1,6,4,3.83,1,2.52,466,38,0,0,34.09,Not Placed,0
5.73,0,ECE,0,0,2,0.5,1,3.56,1011,11,0,0,15.83,Not Placed,0
5.01,1,CS,0,0,5,0.3,3,6.14,991,29,0,0,26.65,Not Placed,0
5.99,5,CS,1,6,1,1.6,2,3.78,286,23,362,1462,46.88,Mass Recruiter,1
7.4,1,EEE,0,0,0,0.0,3,3.11,21,3,0,0,19.78,Not Placed,0
7.43,2,Mechanical,0,0,2,3.99,3,2.2,84,15,0,0,9.41,Not Placed,0
6.05,4,Civil,4,8,1,1.89,2,4.62,0,0,0,0,34.73,Not Placed,0
8.61,0,IT,1,1,4,6.35,8,6.36,0,0,565,1730,64.86,Mid-tier,1
7.84,0,EEE,3,8,0,0.0,2,2.88,0,0,97,1286,45.46,Mass Recruiter,1
6.69,0,Mechanical,0,0,1,0.82,0,1.59,0,0,60,1529,21.34,Not Placed,0
7.63,0,ECE,0,0,7,5.3,1,4.98,663,25,138,1398,51.82,Mass Recruiter,1
6.89,0,IT,0,0,5,3.57,3,6.38,502,38,0,0,30.99,Not Placed,0
6.33,0,Mechanical,2,6,5,3.37,0,4.61,0,0,0,0,35.88,Mass Recruiter,1
7.66,2,IT,2,6,2,4.05,2,5.35,967,38,138,1504,50.3,Mass Recruiter,1
7.72,1,IT,0,0,3,4.19,3,5.26,382,18,93,1608,42.87,Mass Recruiter,1
9.09,0,Mechanical,1,4,6,5.24,2,3.42,470,34,125,1288,57.57,Mid-tier,1
8.31,0,EEE,3,8,1,4.96,2,3.4,445,33,0,0,55.48,Mid-tier,1
7.12,0,CS,0,0,3,3.35,2,5.15,388,49,220,1500,47.13,Mass Recruiter,1
8.54,0,CS,1,6,6,5.94,4,6.48,533,29,0,0,44.97,Mass Recruiter,1
5.01,2,Civil,0,0,2,0.4,3,3.36,330,20,0,0,9.48,Not Placed,0
6.55,2,CS,0,0,4,2.56,1,4.28,493,33,0,0,25.69,Not Placed,0
7.55,0,ECE,1,3,4,3.52,6,5.87,0,0,54,1466,38.76,Mass Recruiter,1
9.14,0,IT,0,0,6,5.7,1,6.78,0,0,46,1728,45.04,Mass Recruiter,1
7.28,0,EEE,2,10,1,4.2,1,2.35,0,0,95,1393,42.91,Mass Recruiter,1
7.15,0,CS,1,6,4,5.58,2,5.33,502,39,630,2232,66.78,Mid-tier,1
7.11,0,Chemical,0,0,1,2.31,0,1.83,86,8,0,0,13.27,Not Placed,0
8.59,0,ECE,2,6,3,5.44,2,5.38,461,38,0,0,47.33,Mass Recruiter,1
7.78,0,CS,1,3,2,4.53,6,5.45,446,38,531,2054,56.05,Mid-tier,1
6.61,0,Chemical,0,0,2,0.3,3,3.82,0,0,0,0,21.59,Not Placed,0
9.04,0,CS,2,3,1,4.38,3,4.83,573,30,532,1355,68.74,Mid-tier,1
8.36,0,CS,2,4,1,5.22,2,5.91,126,33,559,1531,67.67,Mid-tier,1
7.98,0,IT,4,10,1,5.31,6,7.34,531,25,174,1502,67.4,Mid-tier,1
6.44,0,CS,0,0,3,2.43,3,3.87,761,30,148,1428,36.94,Mass Recruiter,1
7.35,1,CS,0,0,3,2.11,2,5.48,393,40,52,1721,27.06,Not Placed,0
6.33,1,CS,1,6,3,2.02,7,7.4,269,22,252,1445,41.63,Mass Recruiter,1
5.52,2,Chemical,1,3,1,0.98,2,2.33,0,0,0,0,23.34,Not Placed,0
7.07,0,ECE,1,3,1,2.11,1,4.1,476,29,289,1594,54.13,Mass Recruiter,1
5.43,2,IT,1,3,2,1.68,3,4.77,595,35,0,0,29.6,Not Placed,0
7.8,0,ECE,1,4,5,6.12,3,5.51,0,0,152,1553,57.66,Mid-tier,1
6.29,0,CS,1,6,2,3.38,2,3.73,746,23,130,1628,43.43,Mass Recruiter,1
7.43,0,EEE,0,0,3,4.38,2,4.04,609,39,0,0,26.69,Not Placed,0
7.82,0,Civil,0,0,1,4.72,0,1.64,0,0,0,0,2.27,Not Placed,0
7.29,0,Mechanical,0,0,3,3.51,2,3.24,0,0,0,0,15.41,Not Placed,0
6.52,1,ECE,1,3,2,2.14,0,3.8,489,30,0,0,24.22,Not Placed,0
7.44,2,Civil,0,0,4,3.7,2,2.46,0,0,0,0,16.13,Not Placed,0
6.01,2,CS,2,6,6,4.59,3,8.54,296,40,145,1354,43.49,Mass Recruiter,1
7.47,0,Mechanical,0,0,0,0.0,4,1.88,45,4,89,1333,20.65,Not Placed,0
7.81,0,ECE,4,10,5,5.67,3,5.12,604,32,68,1268,57.2,Mid-tier,1
7.04,1,IT,0,0,2,2.39,6,5.26,0,0,167,1490,26.2,Not Placed,0
6.2,2,EEE,0,0,0,0.0,0,3.25,0,0,0,0,7.49,Not Placed,0
6.76,4,ECE,0,0,4,3.17,1,4.68,0,0,95,1456,29.5,Not Placed,0
8.32,0,ECE,2,4,2,4.41,3,5.59,446,13,178,1315,58.22,Mid-tier,1
8.7,0,IT,4,12,2,8.61,5,6.47,803,36,351,1921,80.03,FAANG,1
8.75,0,Civil,0,0,2,4.5,3,3.6,135,12,0,0,22.45,Not Placed,0
6.37,3,Biotech,0,0,1,1.33,1,2.12,155,14,0,0,12.05,Not Placed,0
6.13,2,EEE,1,4,2,1.55,4,4.41,385,30,170,1460,31.0,Not Placed,0
7.03,1,CS,1,4,3,3.32,3,6.87,986,19,283,1737,51.33,Mass Recruiter,1
5.61,4,IT,2,6,4,3.89,2,5.81,282,23,0,0,37.7,Mass Recruiter,1
7.14,1,Chemical,0,0,2,1.6,1,1.78,383,16,0,0,23.2,Not Placed,0
7.05,2,IT,3,8,3,4.48,5,6.38,0,0,0,0,45.23,Mass Recruiter,1
5.84,2,CS,0,0,4,3.59,4,5.51,533,18,273,1610,41.99,Mass Recruiter,1
5.82,0,CS,2,6,5,1.85,4,5.87,557,28,122,1627,69.8,Mid-tier,1
7.32,1,EEE,2,6,2,4.28,2,4.67,0,0,13,1347,37.13,Mass Recruiter,1
6.6,0,Biotech,1,3,1,0.79,1,2.4,0,0,0,0,24.24,Not Placed,0
6.34,0,IT,2,4,5,3.79,1,7.03,550,25,122,1365,56.5,Mid-tier,1
6.72,0,CS,0,0,3,3.21,1,3.81,0,0,199,1331,37.06,Mass Recruiter,1
7.28,1,Mechanical,0,0,5,4.43,2,3.64,549,22,126,1417,39.33,Mass Recruiter,1
7.27,1,IT,1,6,4,3.04,3,5.61,977,34,0,0,34.24,Not Placed,0
6.15,2,CS,0,0,2,2.68,1,4.7,0,0,120,1631,23.56,Not Placed,0
7.36,1,Chemical,0,0,0,0.0,4,1.0,0,0,53,1320,19.26,Not Placed,0
8.98,0,EEE,0,0,3,5.91,3,2.15,602,32,0,0,24.04,Not Placed,0
7.02,0,Civil,0,0,3,3.29,4,3.01,0,0,142,1450,35.61,Mass Recruiter,1
7.26,3,EEE,0,0,2,3.92,3,4.05,138,22,0,0,10.1,Not Placed,0
6.39,1,IT,1,3,4,3.68,7,5.71,249,36,262,1452,50.39,Mass Recruiter,1
7.93,1,CS,0,0,3,4.63,4,5.81,278,23,113,1470,41.49,Mass Recruiter,1
5.99,3,ECE,2,6,3,4.87,2,5.0,0,0,18,1331,42.6,Mass Recruiter,1
7.1,1,CS,0,0,1,0.52,1,4.24,58,8,0,0,11.33,Not Placed,0
7.67,0,CS,4,6,0,0.0,5,5.18,179,21,233,1334,53.83,Mass Recruiter,1
6.64,0,IT,0,0,3,2.45,5,5.07,0,0,229,1441,40.24,Mass Recruiter,1
5.65,3,IT,1,4,3,1.77,2,5.28,468,17,0,0,27.66,Not Placed,0
9.51,1,CS,2,3,3,6.09,5,6.14,686,17,362,1933,78.13,FAANG,1
8.73,0,CS,3,18,2,4.87,8,7.2,763,28,470,1745,81.2,FAANG,1
5.76,1,Mechanical,0,0,1,1.69,1,2.11,0,0,0,0,12.92,Not Placed,0
5.77,1,CS,1,1,3,1.82,4,5.17,908,35,368,1574,48.57,Mass Recruiter,1
5.6,2,Civil,0,0,3,2.67,2,2.18,663,37,0,0,14.1,Not Placed,0
6.77,1,Mechanical,0,0,3,2.05,0,3.12,0,0,0,0,17.31,Not Placed,0
6.68,3,Chemical,0,0,2,2.99,3,2.14,0,0,29,1386,13.07,Not Placed,0
8.68,0,ECE,0,0,1,4.16,4,4.8,0,0,237,1728,28.22,Not Placed,0
8.92,0,ECE,0,0,4,5.19,2,4.47,617,44,96,1361,42.06,Mass Recruiter,1
5.0,4,Civil,0,0,3,0.32,2,2.67,0,0,0,0,-0.73,Not Placed,0
5.81,0,EEE,1,4,0,0.0,5,3.21,164,3,0,0,20.99,Not Placed,0
6.9,0,IT,0,0,3,2.3,6,5.83,588,23,134,1240,27.02,Not Placed,0
6.42,2,ECE,0,0,1,2.9,0,2.47,73,22,123,1330,16.68,Not Placed,0
6.87,1,EEE,1,3,4,3.81,5,5.6,0,0,277,1565,45.65,Mass Recruiter,1
5.18,0,Mechanical,2,8,1,0.8,0,2.08,441,21,103,1558,34.35,Not Placed,0
5.94,1,ECE,0,0,4,0.49,3,4.57,0,0,89,1314,25.46,Not Placed,0
5.89,4,Chemical,0,0,4,1.92,2,2.52,0,0,34,1381,11.03,Not Placed,0
6.26,2,Mechanical,0,0,1,3.64,2,1.93,0,0,0,0,3.55,Not Placed,0
5.0,0,IT,0,0,2,0.3,3,4.11,0,0,71,1169,12.89,Not Placed,0
6.77,2,Mechanical,3,8,2,3.45,1,3.54,541,39,0,0,42.25,Mass Recruiter,1
6.46,2,ECE,0,0,2,1.72,2,2.9,240,15,0,0,6.21,Not Placed,0
8.0,0,IT,0,0,2,4.98,4,4.31,0,0,130,1586,32.11,Not Placed,0
8.72,0,EEE,0,0,4,6.07,2,5.49,0,0,143,1884,45.45,Mass Recruiter,1
7.62,0,EEE,1,3,0,0.0,0,3.65,245,6,156,1589,33.04,Not Placed,0
6.52,0,Civil,0,0,1,1.86,3,2.1,25,9,0,0,14.77,Not Placed,0
9.36,0,CS,1,4,1,4.43,3,5.88,0,0,402,1786,57.56,Mid-tier,1
8.76,0,Chemical,0,0,2,4.45,0,2.2,976,18,0,0,20.59,Not Placed,0
6.21,3,ECE,1,3,0,0.0,4,4.58,83,8,43,1704,25.56,Not Placed,0
9.25,0,CS,1,4,4,7.55,4,6.49,603,19,300,1731,69.47,Mid-tier,1
5.91,4,CS,0,0,3,2.38,2,4.68,617,39,68,1499,28.74,Not Placed,0
6.79,0,CS,2,6,6,3.62,2,6.33,93,16,197,1348,47.6,Mass Recruiter,1
7.68,0,CS,3,8,2,2.4,2,5.66,142,24,179,1632,53.59,Mass Recruiter,1
6.49,2,EEE,1,2,2,3.34,1,4.72,0,0,0,0,16.1,Not Placed,0
7.41,1,EEE,1,2,2,2.82,4,4.84,371,29,311,1712,49.65,Mass Recruiter,1
7.25,0,Chemical,0,0,4,3.34,3,5.1,559,15,96,1286,31.13,Not Placed,0
6.49,1,IT,0,0,2,0.58,3,5.13,170,4,246,1818,26.51,Not Placed,0
6.99,0,CS,3,14,2,3.31,3,4.87,371,31,163,1461,66.39,Mid-tier,1
8.86,0,ECE,0,0,1,5.62,4,2.92,78,7,74,1367,29.11,Not Placed,0
8.89,0,Mechanical,0,0,3,6.16,3,2.67,0,0,0,1341,30.83,Not Placed,0
6.17,0,Mechanical,0,0,4,2.64,2,3.51,244,23,0,0,21.84,Not Placed,0
6.4,2,CS,0,0,1,3.06,1,3.64,0,0,0,0,4.27,Not Placed,0
8.05,0,IT,2,6,2,5.25,3,6.41,787,33,290,1392,81.11,FAANG,1
8.97,1,ECE,0,0,5,3.62,4,4.44,360,10,0,0,35.45,Mass Recruiter,1
8.92,0,IT,1,3,2,4.15,3,5.57,559,21,224,1269,54.35,Mass Recruiter,1
6.6,0,ECE,0,0,3,4.41,3,4.27,694,43,69,1542,38.78,Mass Recruiter,1
8.55,0,CS,1,3,2,5.3,4,5.21,522,43,124,1384,39.99,Mass Recruiter,1
7.33,0,IT,0,0,4,2.83,0,5.56,547,36,150,1686,32.49,Not Placed,0
6.08,3,IT,0,0,6,4.97,3,6.31,504,8,99,1602,37.42,Mass Recruiter,1
7.12,2,CS,2,6,5,5.81,4,7.54,684,26,403,1828,64.37,Mid-tier,1
6.86,0,Mechanical,0,0,1,1.68,3,2.49,151,10,0,0,9.17,Not Placed,0
5.88,0,IT,0,0,2,2.49,3,3.87,384,16,235,1814,32.58,Not Placed,0
8.04,0,Civil,2,6,2,5.52,2,4.08,468,20,0,0,42.31,Mass Recruiter,1
7.16,0,ECE,1,2,0,0.0,2,3.37,106,12,0,0,29.78,Not Placed,0
8.29,0,ECE,1,4,3,4.89,4,4.39,0,0,285,1287,40.21,Mass Recruiter,1
6.19,1,ECE,2,6,1,2.34,0,3.22,751,16,144,1263,35.32,Mass Recruiter,1
6.42,4,ECE,2,10,2,3.55,4,4.99,0,0,0,0,30.2,Not Placed,0
5.48,1,Civil,0,0,2,0.3,1,2.51,118,7,0,0,10.34,Not Placed,0
6.3,1,ECE,0,0,1,2.03,1,3.29,202,8,93,1297,18.64,Not Placed,0
8.17,0,Civil,1,4,0,0.0,4,2.55,0,0,63,1498,21.45,Not Placed,0
7.02,1,CS,0,0,4,3.28,2,5.31,586,35,491,2131,52.47,Mass Recruiter,1
5.68,1,CS,1,3,1,2.68,6,4.98,637,11,0,0,32.57,Not Placed,0
7.19,1,EEE,0,0,3,4.06,0,1.89,629,20,174,1798,29.86,Not Placed,0
7.07,0,IT,1,3,4,5.35,6,5.84,544,35,314,1706,60.31,Mid-tier,1
6.68,0,IT,0,0,3,1.67,5,5.91,0,0,216,1574,16.86,Not Placed,0
9.05,1,Mechanical,1,4,2,4.33,0,1.43,239,29,0,0,29.04,Not Placed,0
7.92,1,IT,0,0,3,4.17,2,3.71,272,17,164,1906,48.3,Mass Recruiter,1
7.01,0,ECE,0,0,3,1.7,2,5.05,0,0,266,1556,38.02,Mass Recruiter,1
6.41,1,CS,0,0,4,0.78,2,5.73,500,36,191,1556,38.82,Mass Recruiter,1
6.3,0,IT,1,4,3,3.03,2,5.13,419,23,72,1240,46.08,Mass Recruiter,1
5.83,3,Mechanical,0,0,0,0.0,3,3.96,84,8,0,0,2.08,Not Placed,0
6.13,0,IT,2,4,2,3.42,0,5.51,579,23,0,0,35.58,Mass Recruiter,1
6.1,1,CS,0,0,6,2.6,3,4.94,205,40,248,1504,51.11,Mass Recruiter,1
5.18,2,CS,2,4,4,3.22,3,6.22,727,0,0,0,36.06,Mass Recruiter,1
5.41,1,Civil,0,0,5,0.69,4,3.29,0,0,0,0,12.69,Not Placed,0
7.16,1,ECE,2,6,2,3.51,1,4.18,730,18,258,1605,55.31,Mid-tier,1
7.37,0,IT,1,3,5,5.07,1,5.24,405,16,127,1224,46.42,Mass Recruiter,1
8.76,0,Civil,0,0,3,3.97,2,2.3,0,0,96,1481,31.11,Not Placed,0
7.42,0,IT,1,3,3,3.26,6,6.45,0,0,0,0,39.18,Mass Recruiter,1
5.64,2,CS,1,4,1,3.46,1,3.67,219,7,0,0,7.17,Not Placed,0
7.47,2,CS,2,8,3,6.84,1,5.92,482,34,308,1734,60.15,Mid-tier,1
6.11,0,Mechanical,0,0,1,0.3,3,3.45,0,0,0,0,1.19,Not Placed,0
8.38,1,IT,2,8,3,4.74,5,6.28,496,42,63,1406,62.77,Mid-tier,1
6.46,0,IT,0,0,0,0.0,4,3.67,25,2,127,1141,22.95,Not Placed,0
7.34,0,CS,0,0,3,4.42,2,6.63,618,20,0,0,25.62,Not Placed,0
6.95,2,IT,1,2,4,3.45,3,5.78,460,24,232,1427,31.58,Not Placed,0
8.21,0,IT,1,1,2,4.66,6,4.59,643,25,534,1854,65.63,Mid-tier,1
8.06,0,IT,0,0,2,4.54,2,4.31,781,16,213,1330,44.23,Mass Recruiter,1
7.63,0,CS,1,4,5,4.11,3,6.61,840,38,315,1764,65.51,Mid-tier,1
6.13,1,Mechanical,2,10,1,1.46,1,3.42,680,30,6,1627,40.52,Mass Recruiter,1
6.66,0,Mechanical,1,4,3,3.21,2,3.93,527,37,88,1604,39.03,Mass Recruiter,1
6.58,3,CS,2,6,4,2.82,5,6.52,378,29,129,1918,56.3,Mid-tier,1
7.18,0,CS,2,6,3,6.4,2,4.78,437,22,276,1717,52.6,Mass Recruiter,1
5.88,1,EEE,0,0,1,0.61,1,3.07,281,16,0,0,15.37,Not Placed,0
5.99,0,CS,1,3,3,1.07,1,5.03,620,39,196,1993,44.98,Mass Recruiter,1
7.55,0,Mechanical,0,0,3,3.83,3,3.78,0,0,0,0,20.21,Not Placed,0
5.63,2,Mechanical,0,0,1,0.3,2,3.82,0,0,71,1267,8.91,Not Placed,0
7.93,0,Chemical,0,0,1,4.77,3,1.93,0,0,0,0,24.02,Not Placed,0
7.68,0,CS,1,3,3,4.81,4,6.83,616,42,255,1430,50.77,Mass Recruiter,1
5.9,0,IT,0,0,3,3.05,3,4.27,356,43,172,1448,43.7,Mass Recruiter,1
5.25,1,CS,0,0,5,2.8,2,6.45,425,28,140,1299,29.61,Not Placed,0
7.45,0,CS,1,4,4,4.14,3,5.14,573,25,0,0,48.73,Mass Recruiter,1
6.52,0,IT,0,0,3,0.82,3,5.04,524,21,141,1676,37.72,Mass Recruiter,1
6.51,2,Chemical,0,0,2,2.67,1,2.74,514,40,0,0,16.16,Not Placed,0
6.59,1,Chemical,2,6,2,4.69,2,2.35,0,0,61,1487,33.24,Not Placed,0
6.48,1,IT,2,4,3,3.44,2,4.99,466,19,231,1669,52.86,Mass Recruiter,1
7.27,0,IT,1,3,3,4.35,3,4.04,407,19,275,1508,54.5,Mass Recruiter,1
6.25,1,ECE,0,0,2,0.86,0,4.16,242,3,54,1550,18.97,Not Placed,0
7.82,1,ECE,0,0,6,5.18,0,5.95,0,0,180,1729,51.32,Mass Recruiter,1
5.5,2,ECE,1,4,0,0.0,3,4.15,137,12,176,1541,27.23,Not Placed,0
7.07,0,ECE,1,2,2,2.62,0,3.65,781,38,0,0,30.38,Not Placed,0
7.57,0,Mechanical,0,0,1,2.31,3,3.19,144,11,0,0,10.74,Not Placed,0
6.53,0,IT,0,0,5,3.34,3,5.51,415,28,0,0,30.19,Not Placed,0
5.82,4,IT,1,3,7,3.61,3,6.28,615,28,50,1794,42.7,Mass Recruiter,1
5.47,4,ECE,0,0,1,2.17,3,4.33,0,0,45,1464,8.74,Not Placed,0
7.39,0,Mechanical,0,0,1,2.18,1,3.58,0,0,72,1299,15.95,Not Placed,0
6.8,2,EEE,0,0,3,3.52,4,5.32,681,15,244,1911,25.6,Not Placed,0
7.23,0,IT,3,12,3,5.28,5,6.24,356,29,238,1251,67.69,Mid-tier,1
8.56,0,CS,1,4,6,5.93,5,7.77,323,26,152,1622,61.61,Mid-tier,1
6.53,2,Civil,2,4,2,2.23,0,3.32,216,32,0,0,21.54,Not Placed,0
7.27,0,ECE,2,6,3,3.38,1,5.98,0,0,213,1319,48.09,Mass Recruiter,1
5.88,4,ECE,2,4,1,2.23,1,4.8,0,0,0,0,21.51,Not Placed,0
7.29,0,Mechanical,0,0,3,3.83,0,3.1,0,0,120,1406,18.72,Not Placed,0
8.32,0,IT,1,8,5,4.88,2,5.21,483,45,195,1441,56.6,Mid-tier,1
7.57,2,IT,4,10,4,4.8,2,6.47,473,16,266,1451,63.95,Mid-tier,1
7.69,3,CS,3,12,3,6.47,1,6.66,665,18,0,0,49.06,Mass Recruiter,1
6.4,4,IT,1,2,3,3.6,3,5.3,805,40,48,1380,35.1,Mass Recruiter,1
6.12,0,CS,3,10,1,2.37,3,5.84,0,0,228,1533,49.01,Mass Recruiter,1
6.14,0,Mechanical,0,0,3,2.78,0,2.87,0,0,0,0,24.2,Not Placed,0
8.93,0,Chemical,0,0,0,0.0,1,1.0,0,0,197,1246,22.36,Not Placed,0
6.27,0,ECE,1,3,1,1.67,4,4.32,0,0,12,1410,17.34,Not Placed,0
5.69,2,CS,0,0,5,1.7,3,7.06,782,22,247,1514,39.21,Mass Recruiter,1
5.5,0,ECE,2,8,5,3.49,3,5.52,0,0,90,1497,62.26,Mid-tier,1
7.56,0,IT,0,0,6,5.79,1,6.2,689,29,0,0,28.91,Not Placed,0
6.85,0,Civil,0,0,1,0.3,2,1.0,0,0,0,0,6.89,Not Placed,0
7.8,0,Mechanical,0,0,1,1.82,3,2.56,272,18,0,0,25.78,Not Placed,0
5.97,1,EEE,0,0,2,2.23,3,4.23,178,19,74,1364,29.68,Not Placed,0
6.02,1,Mechanical,0,0,2,2.87,2,3.79,113,13,0,1120,16.12,Not Placed,0
6.05,1,EEE,1,4,3,3.64,1,4.39,316,23,98,1304,37.97,Mass Recruiter,1
7.93,0,CS,3,10,6,6.48,5,8.51,657,40,0,0,73.4,Mid-tier,1
8.71,2,CS,0,0,4,3.93,3,6.29,0,0,406,1779,36.59,Mass Recruiter,1
5.82,2,CS,1,6,1,1.94,2,4.9,527,54,0,0,34.28,Not Placed,0
5.87,1,Mechanical,1,3,3,1.46,2,3.81,285,25,0,0,28.84,Not Placed,0
5.74,4,IT,0,0,4,4.72,2,4.42,0,0,378,1605,27.17,Not Placed,0
7.53,0,CS,1,4,1,2.5,2,5.19,675,22,138,1677,41.21,Mass Recruiter,1
5.72,3,Mechanical,0,0,0,0.0,1,2.47,27,2,77,1212,15.32,Not Placed,0
7.94,0,EEE,0,0,3,4.71,0,3.2,744,32,181,2043,40.55,Mass Recruiter,1
5.97,1,IT,1,3,6,4.32,5,6.82,518,42,198,1551,60.18,Mid-tier,1
5.62,2,Chemical,1,4,2,1.75,0,3.06,0,0,0,1263,16.83,Not Placed,0
5.75,0,ECE,0,0,0,0.0,4,3.03,86,7,46,1498,7.85,Not Placed,0
9.02,0,CS,1,2,3,3.5,2,5.37,552,33,238,2021,54.82,Mass Recruiter,1
7.35,0,Chemical,0,0,3,2.34,4,2.85,0,0,0,0,18.69,Not Placed,0
6.29,0,CS,4,8,2,3.69,2,6.69,0,0,181,1160,53.4,Mass Recruiter,1
6.94,2,ECE,3,10,2,4.48,1,4.06,334,30,165,1258,61.68,Mid-tier,1
5.71,6,CS,1,3,2,2.0,5,5.07,0,0,244,1797,30.06,Not Placed,0
5.55,2,Mechanical,3,12,2,3.88,0,3.92,0,0,0,0,41.73,Mass Recruiter,1
7.17,3,Mechanical,0,0,3,3.63,4,3.86,0,0,0,0,10.74,Not Placed,0
9.39,0,EEE,0,0,1,3.65,2,2.6,0,0,0,0,17.96,Not Placed,0
7.59,0,IT,0,0,5,4.12,4,5.12,772,29,160,1635,49.08,Mass Recruiter,1
6.48,0,IT,0,0,3,3.39,1,5.37,510,32,238,1340,43.28,Mass Recruiter,1
8.22,1,CS,1,4,2,4.57,3,5.43,527,16,197,1304,45.06,Mass Recruiter,1
6.31,0,CS,0,0,3,3.28,2,6.13,432,45,294,1651,39.38,Mass Recruiter,1
6.3,2,Mechanical,0,0,6,3.18,0,3.98,350,26,0,0,24.39,Not Placed,0
7.66,0,IT,0,0,1,3.76,1,3.27,53,7,291,1643,48.47,Mass Recruiter,1
6.35,2,Chemical,1,2,3,3.65,1,2.97,0,0,0,0,19.32,Not Placed,0
8.29,1,Mechanical,0,0,4,2.48,3,3.34,580,36,395,1656,41.97,Mass Recruiter,1
9.49,0,IT,1,3,3,4.04,3,5.32,1033,24,288,1594,63.26,Mid-tier,1
8.76,0,ECE,1,8,3,6.12,3,4.64,462,12,0,0,49.77,Mass Recruiter,1
6.8,0,CS,1,8,5,4.15,6,7.21,794,36,242,1547,53.21,Mass Recruiter,1
7.07,0,Civil,0,0,3,2.98,0,3.73,564,42,104,1261,32.05,Not Placed,0
8.87,0,ECE,1,1,1,4.68,2,2.8,619,17,0,0,39.02,Mass Recruiter,1
8.5,0,CS,0,0,3,5.55,1,4.8,328,30,190,1477,45.6,Mass Recruiter,1
7.02,0,ECE,1,6,4,4.54,1,4.55,312,10,0,0,49.06,Mass Recruiter,1
5.91,4,ECE,0,0,2,1.36,3,3.7,83,15,0,0,10.46,Not Placed,0
7.94,0,IT,1,2,3,3.04,1,5.5,627,23,259,1491,57.96,Mid-tier,1
6.79,2,IT,3,10,2,6.47,4,5.77,514,52,167,1743,59.11,Mid-tier,1
6.64,0,IT,0,0,5,4.06,4,6.27,713,24,218,1619,59.62,Mid-tier,1
7.37,0,IT,1,3,5,4.24,2,4.95,343,33,115,1746,51.2,Mass Recruiter,1
6.54,1,CS,0,0,7,3.19,2,5.24,590,16,173,1580,48.26,Mass Recruiter,1
6.77,2,Mechanical,0,0,2,3.72,1,3.6,0,0,0,0,15.33,Not Placed,0
6.93,3,IT,1,6,3,2.52,2,5.07,537,30,0,0,26.45,Not Placed,0
8.94,0,ECE,1,2,5,6.16,3,6.21,436,37,715,2054,64.27,Mid-tier,1
6.39,3,ECE,0,0,2,1.93,0,3.49,143,13,89,1278,15.01,Not Placed,0
5.66,2,Civil,0,0,3,2.39,0,2.28,463,43,168,1302,17.35,Not Placed,0
6.42,0,ECE,0,0,2,2.12,2,2.54,0,0,9,1353,16.29,Not Placed,0
6.57,1,Civil,0,0,0,0.0,1,2.0,80,6,0,0,4.95,Not Placed,0
6.27,4,CS,1,4,3,3.86,1,5.82,331,36,210,1751,35.49,Mass Recruiter,1
7.37,2,IT,1,3,5,2.58,3,5.45,779,27,183,1535,46.66,Mass Recruiter,1
6.4,0,CS,2,3,2,3.11,0,4.91,419,44,130,1550,48.36,Mass Recruiter,1
6.45,1,Mechanical,0,0,1,0.47,1,2.48,8,6,0,0,-5.34,Not Placed,0
6.21,2,IT,3,12,3,3.89,3,6.62,326,43,0,0,50.01,Mass Recruiter,1
7.09,3,CS,2,3,3,3.91,4,6.57,558,32,0,0,43.87,Mass Recruiter,1
8.18,1,Civil,0,0,2,4.57,2,2.34,0,0,68,1491,32.67,Not Placed,0
8.08,0,Biotech,0,0,1,2.16,2,2.29,408,5,0,0,20.8,Not Placed,0
7.07,0,ECE,0,0,2,1.03,2,4.31,189,16,127,1395,34.88,Not Placed,0
6.04,0,EEE,2,4,0,0.0,1,2.77,295,11,127,1226,30.07,Not Placed,0
5.19,2,CS,0,0,5,1.11,3,6.09,579,21,0,0,31.36,Not Placed,0
7.47,1,CS,2,6,5,3.92,2,7.04,245,28,577,1862,72.03,Mid-tier,1
7.91,1,Mechanical,1,3,0,0.0,2,2.09,196,14,0,0,27.39,Not Placed,0
8.84,0,CS,0,0,5,5.96,3,6.01,436,24,514,1876,56.64,Mid-tier,1
6.07,2,IT,2,4,2,3.02,2,4.54,727,31,115,1647,62.6,Mid-tier,1
8.08,0,CS,2,4,5,5.9,2,7.54,357,29,117,1560,63.5,Mid-tier,1
7.46,0,CS,2,8,5,2.84,2,6.28,316,18,0,0,51.86,Mass Recruiter,1
7.93,0,EEE,2,3,4,5.19,5,5.63,0,0,0,0,29.2,Not Placed,0
6.3,2,ECE,0,0,1,0.3,1,3.06,80,10,90,1484,16.66,Not Placed,0
6.58,0,CS,1,6,2,0.3,6,5.89,0,0,115,1229,37.51,Mass Recruiter,1
7.24,0,ECE,0,0,0,0.0,4,3.53,3,1,0,0,9.33,Not Placed,0
6.03,2,IT,1,3,3,3.82,4,6.59,321,31,121,1421,50.57,Mass Recruiter,1
7.38,2,Chemical,0,0,3,3.89,2,2.71,0,0,0,0,15.61,Not Placed,0
7.5,1,EEE,2,3,2,3.0,4,4.59,567,20,0,0,38.71,Mass Recruiter,1
8.6,0,ECE,1,8,2,6.13,5,4.15,682,28,196,1551,60.97,Mid-tier,1
6.06,1,Chemical,0,0,2,1.29,1,1.14,0,0,0,0,15.53,Not Placed,0
6.42,0,CS,3,18,2,5.43,3,5.96,440,10,250,1516,59.27,Mid-tier,1
6.31,1,Biotech,0,0,1,1.7,4,1.63,0,0,0,0,7.85,Not Placed,0
7.83,0,IT,3,12,4,6.14,3,6.55,580,34,253,1509,81.46,FAANG,1
6.49,0,ECE,0,0,2,2.3,2,3.99,0,0,222,1739,34.89,Not Placed,0
6.2,1,Mechanical,0,0,1,1.29,0,2.9,0,3,0,0,0.59,Not Placed,0
8.1,0,CS,0,0,2,3.7,1,4.05,601,28,543,1586,64.36,Mid-tier,1
8.72,0,Civil,1,3,2,4.71,1,1.25,0,0,0,0,26.68,Not Placed,0
8.6,0,Mechanical,3,10,2,5.61,3,4.32,699,41,0,0,62.16,Mid-tier,1
6.34,0,IT,1,4,3,4.4,3,4.85,584,17,0,0,35.86,Mass Recruiter,1
7.47,0,CS,1,6,6,4.5,2,6.9,0,0,261,1525,51.58,Mass Recruiter,1
5.4,3,ECE,0,0,3,1.61,1,2.6,0,0,186,1288,12.38,Not Placed,0
6.28,1,Mechanical,2,6,3,5.08,1,3.92,615,26,79,1202,44.54,Mass Recruiter,1
9.22,0,IT,3,6,6,9.12,1,6.25,244,29,68,1330,69.5,Mid-tier,1
7.04,0,IT,0,0,4,2.43,3,4.57,442,31,221,1429,51.47,Mass Recruiter,1
6.02,0,Civil,0,0,3,1.69,5,2.92,507,38,32,1209,34.08,Not Placed,0
7.64,3,IT,1,4,2,1.66,6,4.95,753,44,254,1303,45.36,Mass Recruiter,1
6.13,2,ECE,0,0,4,3.58,4,5.07,0,0,96,1422,28.65,Not Placed,0
7.69,0,ECE,2,8,6,5.26,2,7.18,694,34,78,1189,61.08,Mid-tier,1
7.53,0,Mechanical,0,0,2,3.57,1,3.09,206,0,0,0,12.78,Not Placed,0
6.77,3,IT,1,1,3,2.18,3,4.58,436,37,113,1575,38.55,Mass Recruiter,1
7.77,0,Mechanical,0,0,1,1.89,2,1.73,268,11,0,0,19.99,Not Placed,0
8.15,0,IT,2,3,2,5.99,3,4.45,870,29,0,0,39.92,Mass Recruiter,1
8.25,0,CS,0,0,1,4.87,7,5.65,277,6,191,1606,46.89,Mass Recruiter,1
5.12,3,ECE,0,0,2,0.96,2,4.28,279,19,105,1524,29.25,Not Placed,0
9.11,0,IT,1,2,2,5.93,3,5.52,596,21,317,1848,72.58,Mid-tier,1
7.31,0,ECE,2,6,2,2.95,5,5.4,354,24,0,0,57.02,Mid-tier,1
8.21,0,IT,0,0,4,3.0,1,5.24,476,38,203,1581,36.8,Mass Recruiter,1
7.99,0,EEE,0,0,3,3.37,2,4.41,486,28,65,1405,40.57,Mass Recruiter,1
5.58,0,Chemical,0,0,3,1.87,3,2.89,803,43,74,1551,35.74,Mass Recruiter,1
8.78,0,IT,1,3,3,3.89,2,5.74,0,0,507,2116,57.13,Mid-tier,1
6.08,2,CS,2,6,6,2.35,2,5.82,615,41,0,0,47.01,Mass Recruiter,1
6.53,2,CS,2,4,3,4.49,5,6.87,463,43,86,1812,47.38,Mass Recruiter,1
8.71,0,EEE,0,0,5,4.78,2,5.01,0,0,0,0,30.91,Not Placed,0
5.43,1,Mechanical,0,0,3,1.05,0,3.5,0,0,0,0,19.91,Not Placed,0
7.87,2,IT,0,0,5,3.37,2,4.57,0,0,272,1671,45.87,Mass Recruiter,1
6.51,1,IT,2,3,5,4.57,4,7.19,713,4,95,1299,65.03,Mid-tier,1
5.91,4,CS,1,3,2,3.84,3,4.96,565,21,135,1514,32.52,Not Placed,0
6.76,0,Civil,3,8,3,4.25,3,4.59,0,0,125,1444,56.34,Mid-tier,1
6.93,0,CS,1,4,3,3.26,4,4.68,202,29,239,1484,57.07,Mid-tier,1
7.63,1,Mechanical,0,0,1,3.67,5,3.79,0,0,0,0,22.2,Not Placed,0
7.91,0,CS,1,3,3,5.78,7,6.19,374,23,282,1455,61.85,Mid-tier,1
7.61,0,Civil,0,0,3,4.75,2,3.65,0,0,138,1418,32.37,Not Placed,0
6.05,1,IT,2,8,5,4.1,3,5.56,336,16,135,1195,54.59,Mass Recruiter,1
7.09,1,IT,1,3,5,3.03,1,4.99,687,18,232,1750,56.04,Mid-tier,1
6.7,3,Civil,0,0,2,2.11,0,2.19,234,26,30,1266,11.51,Not Placed,0
6.16,4,Mechanical,1,6,2,1.67,4,3.93,372,23,131,1458,21.4,Not Placed,0
9.11,0,IT,1,4,3,6.06,7,6.78,775,28,525,1797,74.98,FAANG,1
8.27,0,ECE,0,0,2,2.42,6,3.63,0,0,140,1588,24.34,Not Placed,0
6.83,1,Biotech,0,0,2,0.8,1,1.68,527,19,0,0,15.73,Not Placed,0
6.71,3,CS,1,3,3,4.14,4,6.85,532,32,184,1751,51.75,Mass Recruiter,1
6.37,0,CS,1,4,7,3.81,1,6.49,461,8,220,1670,53.21,Mass Recruiter,1
9.1,0,Mechanical,3,12,2,6.15,6,4.02,697,32,0,0,61.32,Mid-tier,1
6.94,2,ECE,1,4,3,4.11,4,5.64,0,0,73,1051,33.55,Not Placed,0
5.25,3,IT,0,0,2,2.51,2,4.25,106,5,156,1822,15.79,Not Placed,0
7.59,0,CS,0,0,3,4.86,3,5.03,538,0,551,1797,42.56,Mass Recruiter,1
8.85,0,ECE,1,3,4,3.5,3,5.83,0,0,291,1521,56.7,Mid-tier,1
7.25,0,EEE,2,4,1,3.94,2,5.01,469,15,118,1481,56.89,Mid-tier,1
8.7,0,EEE,0,0,1,2.7,2,2.02,0,0,0,0,23.44,Not Placed,0
6.94,4,CS,1,4,0,0.0,7,4.37,235,10,429,2019,35.82,Mass Recruiter,1
6.13,0,Mechanical,1,2,1,1.46,1,2.71,0,0,15,1071,24.35,Not Placed,0
7.72,0,ECE,2,4,4,6.26,4,5.67,264,36,0,0,41.57,Mass Recruiter,1
7.06,1,ECE,1,2,0,0.0,4,3.45,137,12,0,0,24.72,Not Placed,0
6.29,1,ECE,0,0,5,3.97,0,3.95,302,22,24,1417,36.05,Mass Recruiter,1
7.68,0,Mechanical,3,14,2,3.53,2,4.43,572,18,0,0,51.81,Mass Recruiter,1
7.99,0,CS,1,3,4,5.27,4,4.63,403,17,496,1842,57.81,Mid-tier,1
6.22,2,ECE,0,0,3,3.13,1,4.13,291,27,0,0,27.36,Not Placed,0
6.19,0,CS,1,2,4,2.51,2,6.11,0,0,158,1672,36.56,Mass Recruiter,1
6.46,4,EEE,0,0,1,2.42,0,2.94,62,3,0,0,4.57,Not Placed,0
6.63,0,Civil,0,0,1,0.69,2,2.22,0,0,58,1442,14.21,Not Placed,0
6.93,3,Civil,0,0,0,0.0,3,2.58,0,0,44,1152,8.97,Not Placed,0
6.27,0,Mechanical,0,0,3,1.73,2,3.12,570,9,39,1635,37.64,Mass Recruiter,1
7.57,0,IT,1,3,1,3.57,2,2.69,0,0,164,1497,34.82,Not Placed,0
6.99,3,ECE,0,0,6,3.41,3,4.3,0,0,147,1281,30.28,Not Placed,0
5.0,4,ECE,0,0,1,0.72,3,5.48,13,1,111,1348,7.58,Not Placed,0
8.56,0,EEE,1,6,2,6.33,1,2.85,511,21,0,0,45.83,Mass Recruiter,1
5.13,4,Mechanical,0,0,3,0.3,1,2.67,0,0,0,0,8.71,Not Placed,0
8.72,0,ECE,2,4,2,5.5,5,5.74,0,0,268,1596,55.14,Mid-tier,1
7.15,0,Civil,2,10,3,4.22,1,3.77,0,0,0,0,36.8,Mass Recruiter,1
6.86,2,Chemical,0,0,3,1.23,1,1.84,819,36,0,0,16.1,Not Placed,0
7.83,0,CS,3,8,3,6.28,5,6.4,710,44,299,1898,75.42,FAANG,1
5.74,0,CS,0,0,2,0.3,1,4.48,0,0,0,0,9.48,Not Placed,0
7.03,0,IT,2,6,4,4.76,0,6.16,0,0,128,1698,39.59,Mass Recruiter,1
7.56,0,EEE,3,10,3,4.94,5,5.24,380,19,77,1448,69.46,Mid-tier,1
6.66,2,IT,0,0,3,3.51,4,5.48,570,7,0,0,17.16,Not Placed,0
6.7,1,IT,0,0,4,3.24,3,4.85,576,8,0,0,25.03,Not Placed,0
5.42,5,Mechanical,0,0,5,3.41,2,3.28,212,14,88,1294,20.53,Not Placed,0
7.53,0,Civil,2,10,2,4.76,1,2.88,0,0,65,1509,43.69,Mass Recruiter,1
6.33,1,CS,0,0,4,3.58,5,7.14,691,48,0,0,30.86,Not Placed,0
7.51,0,Civil,0,0,3,1.01,2,2.88,385,30,0,0,22.89,Not Placed,0
6.88,0,CS,0,0,4,3.04,2,5.38,0,0,0,0,20.93,Not Placed,0
7.42,0,EEE,0,0,2,1.49,5,4.03,0,0,104,1411,26.28,Not Placed,0
8.71,1,ECE,2,8,5,5.73,3,6.35,315,39,251,1249,69.24,Mid-tier,1
5.08,2,ECE,1,4,1,2.66,3,4.05,0,0,0,0,16.8,Not Placed,0
7.22,0,CS,1,4,5,6.02,0,5.63,596,42,267,1744,65.18,Mid-tier,1
6.07,0,IT,0,0,4,3.25,7,6.28,399,21,0,0,17.62,Not Placed,0
8.04,0,EEE,0,0,3,3.98,2,3.34,331,24,321,1333,42.47,Mass Recruiter,1
7.41,2,CS,1,6,2,3.69,3,6.37,258,26,297,1529,47.46,Mass Recruiter,1
5.97,4,Civil,0,0,0,0.0,1,1.57,0,5,0,0,-4.94,Not Placed,0
5.83,1,EEE,3,8,3,3.32,1,4.03,394,24,0,0,45.11,Mass Recruiter,1
6.11,0,EEE,0,0,2,2.87,2,3.27,646,27,0,0,36.07,Mass Recruiter,1
6.26,1,Mechanical,0,0,2,4.34,2,3.4,0,0,99,1566,19.42,Not Placed,0
7.22,0,ECE,0,0,2,4.01,2,3.6,0,0,0,0,19.41,Not Placed,0
7.25,2,IT,0,0,1,1.43,3,3.87,0,13,179,1675,19.09,Not Placed,0
7.78,0,CS,1,2,4,2.75,3,5.83,571,33,94,1785,45.64,Mass Recruiter,1
5.98,4,IT,0,0,4,1.99,1,4.66,355,25,48,1602,20.33,Not Placed,0
8.24,0,ECE,1,4,1,3.34,3,4.62,0,0,35,1205,31.3,Not Placed,0
7.71,0,IT,1,4,3,4.51,3,5.21,124,25,296,1667,45.39,Mass Recruiter,1
7.47,0,ECE,0,0,2,2.9,4,3.87,237,15,188,1632,28.48,Not Placed,0
9.06,0,CS,1,6,6,5.35,3,6.6,133,25,271,1350,64.75,Mid-tier,1
7.09,0,Chemical,0,0,1,1.52,1,1.0,0,0,54,1301,19.91,Not Placed,0
7.24,0,IT,1,8,3,4.48,2,4.91,191,37,344,1310,48.27,Mass Recruiter,1
6.85,2,CS,2,8,4,3.95,1,7.05,680,31,168,1804,59.88,Mid-tier,1
6.67,0,CS,1,3,3,1.32,2,6.11,496,23,162,1543,45.54,Mass Recruiter,1
8.16,0,CS,0,0,3,3.61,0,6.25,493,14,514,1993,54.67,Mass Recruiter,1
7.29,0,CS,1,3,5,4.29,3,6.13,494,20,114,1470,51.09,Mass Recruiter,1
8.49,0,IT,3,6,2,5.63,5,6.66,511,22,165,1435,71.33,Mid-tier,1
7.78,0,CS,2,4,4,4.17,1,5.83,347,30,123,1419,50.41,Mass Recruiter,1
6.29,0,ECE,0,0,2,0.3,4,4.38,0,0,18,1432,11.1,Not Placed,0
5.61,3,IT,2,6,4,5.04,0,6.04,765,39,0,0,41.23,Mass Recruiter,1
9.34,0,CS,3,10,3,7.42,5,6.94,0,0,206,2009,68.91,Mid-tier,1
6.59,2,ECE,1,2,2,5.11,5,4.33,0,0,63,1425,36.61,Mass Recruiter,1
5.83,4,IT,1,3,3,1.42,0,4.03,631,37,0,0,29.45,Not Placed,0
6.36,0,IT,0,0,2,1.6,4,5.13,79,19,347,1482,36.45,Mass Recruiter,1
6.26,0,ECE,3,8,4,3.77,1,4.75,0,0,48,1366,57.97,Mid-tier,1
5.44,4,IT,1,3,5,2.46,2,5.13,632,33,0,0,32.14,Not Placed,0
5.76,3,ECE,3,12,2,3.47,3,5.34,678,40,0,0,42.31,Mass Recruiter,1
7.83,0,EEE,0,0,4,4.06,1,3.62,401,18,281,1457,41.54,Mass Recruiter,1
7.48,0,ECE,1,3,2,4.83,5,5.36,276,32,0,0,34.91,Not Placed,0
8.16,1,IT,2,10,5,5.4,3,6.12,328,41,0,0,47.3,Mass Recruiter,1
6.32,1,CS,4,18,3,4.79,3,7.12,0,0,303,1513,60.22,Mid-tier,1
6.64,4,Mechanical,0,0,0,0.0,2,2.41,32,2,0,0,4.3,Not Placed,0
7.13,0,IT,1,3,5,3.5,3,7.11,708,20,304,1785,64.12,Mid-tier,1
6.77,2,EEE,0,0,0,0.0,5,3.01,0,0,127,1220,14.69,Not Placed,0
5.7,0,EEE,1,2,0,0.0,3,3.38,0,3,0,0,23.2,Not Placed,0
7.26,0,IT,1,8,2,4.02,4,4.88,304,30,116,1578,44.72,Mass Recruiter,1
7.32,0,Mechanical,0,0,1,4.14,1,2.37,0,0,136,1535,27.89,Not Placed,0
8.09,0,IT,1,3,3,3.42,6,5.67,292,16,232,1261,60.57,Mid-tier,1
5.57,4,CS,1,4,1,1.34,5,5.65,0,0,385,1477,36.0,Mass Recruiter,1
7.99,0,Civil,0,0,2,4.61,2,2.39,0,0,0,1410,44.67,Mass Recruiter,1
6.68,2,IT,0,0,6,4.19,2,7.89,612,26,0,0,23.79,Not Placed,0
7.24,0,Chemical,0,0,1,3.0,0,1.34,0,0,0,0,7.85,Not Placed,0
6.15,2,IT,2,3,4,3.85,7,7.51,607,30,0,0,34.17,Not Placed,0
6.13,0,ECE,3,14,3,3.06,3,5.35,209,34,222,1121,48.41,Mass Recruiter,1
6.61,0,CS,2,6,3,4.0,5,5.52,796,3,37,1557,33.85,Not Placed,0
8.45,1,ECE,0,0,2,3.65,3,4.31,770,38,0,0,33.06,Not Placed,0
6.34,1,ECE,0,0,2,0.34,3,3.48,0,0,49,1596,21.97,Not Placed,0
8.14,0,IT,3,6,4,3.31,1,5.12,312,36,392,1974,79.89,FAANG,1
6.66,2,IT,0,0,4,3.27,5,4.72,461,38,182,1832,43.88,Mass Recruiter,1
7.57,0,CS,1,3,3,4.89,2,5.04,323,14,475,1690,57.22,Mid-tier,1
5.72,1,ECE,1,4,5,3.03,5,4.29,0,0,0,0,22.27,Not Placed,0
5.73,0,ECE,0,0,3,1.11,4,3.41,0,0,0,0,20.58,Not Placed,0
7.59,0,CS,1,3,2,3.68,3,5.17,509,17,0,0,36.21,Mass Recruiter,1
7.74,1,CS,4,6,2,2.65,5,5.85,676,28,215,1550,62.01,Mid-tier,1
7.25,0,Mechanical,0,0,0,0.0,3,1.0,18,0,0,0,22.39,Not Placed,0
7.13,0,IT,1,6,6,5.69,0,5.76,880,15,184,1405,55.69,Mid-tier,1
8.07,2,ECE,2,3,3,3.63,0,5.69,455,31,62,1284,44.04,Mass Recruiter,1
7.57,0,EEE,0,0,2,3.16,1,2.27,0,0,0,0,10.33,Not Placed,0
6.97,1,IT,1,3,7,3.31,6,7.6,386,36,199,1559,49.79,Mass Recruiter,1
6.47,0,Mechanical,0,0,5,3.93,3,3.26,0,0,114,1376,35.9,Mass Recruiter,1
6.72,0,CS,0,0,3,2.73,2,5.66,0,0,189,1532,36.73,Mass Recruiter,1
7.06,1,IT,0,0,0,0.0,4,4.78,59,15,268,1384,29.46,Not Placed,0
7.54,2,EEE,1,3,2,1.64,1,3.54,0,0,96,1214,35.03,Mass Recruiter,1
8.13,0,CS,2,6,6,6.86,8,7.91,533,32,239,1470,79.85,FAANG,1
7.02,0,Chemical,1,3,1,4.36,5,2.18,0,0,0,0,27.14,Not Placed,0
8.34,0,Chemical,0,0,4,3.16,2,2.24,0,0,82,1253,22.56,Not Placed,0
6.35,0,ECE,1,3,5,2.4,2,5.1,310,19,190,1331,50.44,Mass Recruiter,1
6.98,0,Mechanical,0,0,2,1.98,3,3.62,44,7,47,1199,19.96,Not Placed,0
5.5,1,Chemical,0,0,1,1.47,0,1.53,0,0,0,1247,0.36,Not Placed,0
7.89,0,IT,1,2,1,4.8,4,4.2,833,30,155,1896,61.12,Mid-tier,1
7.25,1,Biotech,0,0,3,3.6,4,2.4,649,27,0,0,25.5,Not Placed,0
6.25,2,CS,1,2,5,3.31,4,6.49,474,39,353,1638,55.41,Mid-tier,1
6.0,0,ECE,0,0,4,1.85,5,4.62,537,33,130,1391,35.95,Mass Recruiter,1
6.47,1,IT,1,3,2,3.32,4,5.16,563,23,214,1513,48.32,Mass Recruiter,1
6.28,0,Mechanical,1,3,2,2.45,0,4.07,675,16,0,0,22.55,Not Placed,0
5.41,1,Mechanical,0,0,1,1.24,1,2.55,0,0,51,1356,28.88,Not Placed,0
8.56,0,EEE,0,0,1,3.69,0,2.72,0,0,156,1723,28.24,Not Placed,0
8.56,0,ECE,0,0,3,4.25,3,4.56,577,24,180,1836,51.54,Mass Recruiter,1
6.76,3,Chemical,2,4,4,4.62,0,3.38,574,22,0,0,32.91,Not Placed,0
7.41,0,IT,4,10,3,5.17,2,6.32,422,28,0,0,54.43,Mass Recruiter,1
6.11,1,CS,1,4,1,0.64,3,4.46,180,18,179,1700,33.35,Not Placed,0
6.08,3,Mechanical,4,12,4,3.8,1,4.24,0,0,106,1620,44.91,Mass Recruiter,1
8.49,0,Mechanical,0,0,5,4.39,2,3.86,548,32,79,1225,50.38,Mass Recruiter,1
6.52,1,Civil,0,0,0,0.0,1,1.33,0,0,45,1365,3.25,Not Placed,0
8.61,0,Chemical,0,0,3,5.07,1,2.98,581,39,0,0,29.61,Not Placed,0
5.92,1,CS,3,10,3,4.47,2,6.81,369,20,210,1592,59.67,Mid-tier,1
6.14,0,IT,2,4,5,3.19,2,6.3,673,23,275,1717,60.23,Mid-tier,1
6.02,1,ECE,2,10,3,2.93,3,4.97,0,0,70,1291,47.37,Mass Recruiter,1
9.35,0,CS,1,1,2,5.12,4,4.53,451,31,353,1719,64.34,Mid-tier,1
5.94,1,CS,1,2,5,2.97,1,5.73,555,33,233,1505,42.61,Mass Recruiter,1
8.98,0,CS,3,8,0,0.0,6,5.18,301,18,297,1500,56.97,Mid-tier,1
6.46,0,IT,1,1,4,4.28,2,5.19,0,0,191,1669,32.84,Not Placed,0
8.79,0,EEE,3,12,0,0.0,5,4.13,376,23,97,1378,52.37,Mass Recruiter,1
7.91,0,CS,1,3,1,2.96,5,5.2,553,29,226,1470,41.24,Mass Recruiter,1
7.28,0,CS,0,0,5,3.63,2,4.36,746,50,278,1484,49.92,Mass Recruiter,1
7.95,0,Mechanical,2,3,0,0.0,2,3.67,0,0,85,1496,32.09,Not Placed,0
8.61,0,IT,2,4,6,5.91,5,6.66,495,19,131,1684,65.97,Mid-tier,1
6.19,0,IT,0,0,4,3.56,4,5.54,856,43,233,1795,33.9,Not Placed,0
5.62,2,CS,0,0,6,4.0,2,6.88,430,25,277,1869,42.11,Mass Recruiter,1
6.31,2,ECE,0,0,4,3.36,2,4.94,283,45,72,1421,34.65,Not Placed,0
6.94,0,ECE,0,0,4,2.76,2,3.17,546,33,91,1625,31.17,Not Placed,0
9.18,0,IT,0,0,2,3.43,7,6.84,410,27,196,1451,38.23,Mass Recruiter,1
7.22,0,EEE,0,0,0,0.0,3,3.13,24,3,173,1175,20.0,Not Placed,0
6.19,1,IT,0,0,4,3.08,1,5.04,0,0,186,1522,20.64,Not Placed,0
6.44,2,CS,1,4,2,2.66,1,4.22,0,0,376,1454,39.56,Mass Recruiter,1
6.68,0,ECE,3,12,3,4.16,2,5.9,286,52,0,0,60.01,Mid-tier,1
6.79,1,CS,1,4,2,1.86,1,3.99,443,39,93,1572,46.03,Mass Recruiter,1
6.41,2,IT,3,6,2,3.75,0,3.87,344,24,292,1666,62.25,Mid-tier,1
8.8,0,Chemical,0,0,2,4.76,5,2.43,0,0,123,1289,30.96,Not Placed,0
6.96,1,IT,0,0,5,4.09,2,5.15,532,18,208,1266,41.1,Mass Recruiter,1
6.17,0,Chemical,3,10,2,2.34,0,3.72,683,21,0,0,41.71,Mass Recruiter,1
7.56,0,ECE,1,3,3,4.63,6,5.05,0,0,0,0,46.28,Mass Recruiter,1
7.02,2,IT,2,8,5,5.41,6,7.61,0,17,102,1482,47.88,Mass Recruiter,1
7.68,0,CS,2,3,3,3.97,4,6.72,655,44,256,1714,72.06,Mid-tier,1
6.17,2,Chemical,0,0,1,0.42,0,1.8,0,0,0,0,-0.96,Not Placed,0
6.03,2,IT,1,3,2,3.18,5,5.56,573,32,274,1704,49.94,Mass Recruiter,1
7.08,0,CS,1,1,6,4.4,6,7.08,401,33,171,1365,44.8,Mass Recruiter,1
5.62,3,Chemical,0,0,1,0.3,3,3.91,0,0,0,0,-1.92,Not Placed,0
7.1,2,IT,2,3,4,2.54,2,5.95,0,0,222,1585,42.31,Mass Recruiter,1
5.8,4,CS,3,8,2,2.54,3,6.2,669,13,233,1769,58.34,Mid-tier,1
6.83,0,Chemical,2,3,0,0.0,1,1.0,190,15,0,0,22.36,Not Placed,0
6.41,1,Civil,1,4,1,1.5,2,3.37,0,0,0,0,17.33,Not Placed,0
6.44,1,ECE,0,0,0,0.0,1,2.0,32,1,76,1488,9.98,Not Placed,0
6.37,3,ECE,1,2,2,3.03,4,5.67,456,9,0,0,18.0,Not Placed,0
6.97,1,Mechanical,0,0,1,2.33,0,2.05,0,0,126,1473,28.19,Not Placed,0
6.79,0,Biotech,0,0,0,0.0,5,2.29,0,0,0,0,6.82,Not Placed,0
6.77,2,CS,2,6,0,0.0,1,3.68,804,16,168,1625,44.38,Mass Recruiter,1
5.65,1,CS,0,0,2,2.74,3,4.69,254,20,0,0,26.11,Not Placed,0
7.45,0,IT,0,0,3,3.55,2,4.38,735,38,0,0,21.87,Not Placed,0
7.17,2,Civil,0,0,2,3.67,2,1.45,0,0,25,1231,22.97,Not Placed,0
6.46,2,ECE,1,2,6,4.16,0,5.69,363,17,190,1384,34.36,Not Placed,0
6.48,1,Civil,0,0,3,3.12,2,3.07,583,33,79,1137,35.5,Mass Recruiter,1
6.87,2,Biotech,0,0,4,2.69,3,4.46,0,0,14,1354,16.17,Not Placed,0
7.36,0,IT,2,6,7,4.94,2,6.94,644,16,260,1345,60.78,Mid-tier,1
7.15,0,Civil,0,0,2,2.56,2,3.17,0,0,61,1319,19.66,Not Placed,0
7.59,3,CS,1,6,5,3.85,7,6.67,237,21,148,1697,54.68,Mass Recruiter,1
6.06,1,CS,1,6,3,3.57,2,4.36,0,0,132,1253,42.93,Mass Recruiter,1
6.74,3,IT,2,4,2,3.09,4,5.36,650,36,0,0,32.49,Not Placed,0
7.67,0,ECE,3,10,1,4.2,4,5.09,396,25,193,1251,67.02,Mid-tier,1
8.95,2,EEE,0,0,0,0.0,6,2.32,0,0,137,1414,15.28,Not Placed,0
9.08,0,Biotech,1,2,2,4.43,1,2.17,730,14,0,0,39.5,Mass Recruiter,1
5.67,2,ECE,0,0,4,2.15,2,5.33,591,21,79,1430,40.1,Mass Recruiter,1
6.34,0,ECE,0,0,2,0.52,0,2.05,165,11,0,0,18.51,Not Placed,0
7.9,0,CS,2,6,2,5.42,2,5.39,341,41,0,0,47.8,Mass Recruiter,1
8.75,0,CS,2,4,2,5.96,3,5.46,659,24,496,1635,69.5,Mid-tier,1
6.88,2,Mechanical,1,3,2,4.18,0,3.79,0,0,0,0,25.27,Not Placed,0
8.7,0,Mechanical,1,4,2,3.42,1,3.18,565,28,54,1498,39.21,Mass Recruiter,1
5.65,2,CS,0,0,3,3.53,2,4.33,533,18,160,1492,30.52,Not Placed,0
9.1,1,ECE,0,0,2,3.89,6,4.53,184,19,0,0,35.31,Mass Recruiter,1
7.86,1,CS,0,0,4,3.64,6,6.44,737,36,0,0,44.31,Mass Recruiter,1
7.2,1,CS,2,8,3,3.28,1,4.14,901,32,227,1409,61.19,Mid-tier,1
7.17,0,Chemical,0,0,1,2.34,2,2.73,101,4,28,1266,19.81,Not Placed,0
7.76,0,Mechanical,2,3,0,0.0,3,2.89,656,19,179,1517,38.64,Mass Recruiter,1
5.72,3,Biotech,1,3,2,1.75,0,2.49,0,0,0,0,13.54,Not Placed,0
8.09,0,CS,1,3,3,3.6,4,6.26,807,40,664,1893,53.51,Mass Recruiter,1
9.6,0,IT,0,0,3,5.88,2,4.57,540,32,217,1504,53.71,Mass Recruiter,1
7.87,0,ECE,0,0,3,3.66,0,3.0,479,20,52,1331,37.29,Mass Recruiter,1
7.3,0,Mechanical,1,4,1,2.97,2,3.24,0,0,61,1514,38.19,Mass Recruiter,1
6.93,3,ECE,0,0,2,3.13,4,4.62,110,15,0,0,21.25,Not Placed,0
8.15,1,CS,2,6,3,4.99,4,7.1,673,31,168,1459,62.44,Mid-tier,1
7.26,1,Mechanical,0,0,0,0.0,2,2.02,92,0,59,1148,21.63,Not Placed,0
6.74,0,ECE,0,0,2,2.61,2,3.47,149,15,49,1538,35.23,Mass Recruiter,1
5.93,3,ECE,0,0,2,2.54,0,3.87,0,0,0,0,11.57,Not Placed,0
5.95,4,CS,0,0,7,2.6,4,7.13,660,15,178,1799,26.92,Not Placed,0
6.92,2,CS,1,3,1,2.69,7,5.3,139,12,473,1619,45.38,Mass Recruiter,1
8.14,0,IT,1,4,3,5.4,4,5.08,632,27,218,1411,45.45,Mass Recruiter,1
9.28,0,Biotech,0,0,0,0.0,2,1.73,0,0,76,1266,14.64,Not Placed,0
8.53,0,EEE,0,0,1,2.69,2,4.59,139,8,3,1621,39.56,Mass Recruiter,1
6.89,0,EEE,0,0,2,0.39,3,4.51,0,0,56,1425,31.64,Not Placed,0
6.63,3,Mechanical,1,6,2,4.59,1,3.7,607,20,60,1496,45.27,Mass Recruiter,1
6.11,4,CS,0,0,3,0.99,4,5.29,289,26,89,1279,32.38,Not Placed,0
8.66,0,IT,1,4,2,3.83,1,5.22,673,39,269,1815,56.59,Mid-tier,1
8.58,1,ECE,0,0,4,5.9,4,5.78,0,0,0,0,25.5,Not Placed,0
6.43,3,ECE,1,1,5,4.32,1,4.88,294,33,161,1672,46.46,Mass Recruiter,1
6.26,4,Civil,0,0,5,2.11,1,2.58,379,38,54,1398,26.07,Not Placed,0
8.07,0,Mechanical,0,0,2,4.9,1,3.13,0,0,141,1530,38.5,Mass Recruiter,1
7.28,1,Chemical,0,0,2,3.49,0,3.15,0,0,0,0,13.69,Not Placed,0
7.77,0,CS,0,0,4,3.7,5,5.35,631,35,218,1772,56.23,Mid-tier,1
6.38,1,Mechanical,0,0,2,1.84,2,4.12,0,0,0,0,6.76,Not Placed,0
8.91,0,IT,1,6,1,3.26,4,5.43,180,17,330,1880,59.84,Mid-tier,1
6.0,1,Biotech,0,0,4,0.86,3,1.56,0,0,0,0,3.94,Not Placed,0
6.08,0,Mechanical,0,0,1,1.5,1,2.37,103,0,48,1389,9.58,Not Placed,0
6.13,0,IT,2,10,3,4.04,2,5.63,257,19,263,1971,56.86,Mid-tier,1
8.42,0,CS,4,8,4,8.07,8,7.66,346,26,515,2224,77.39,FAANG,1
8.62,0,ECE,1,4,1,4.71,2,3.92,504,35,175,1154,39.12,Mass Recruiter,1
6.14,0,EEE,0,0,2,3.21,3,2.69,45,11,74,1327,26.75,Not Placed,0
8.03,0,ECE,0,0,1,3.69,4,4.03,95,12,83,1338,38.31,Mass Recruiter,1
5.72,2,IT,3,12,3,5.48,4,6.87,411,22,186,1675,65.27,Mid-tier,1
6.49,2,Civil,1,3,1,1.56,2,3.38,0,0,19,1254,19.95,Not Placed,0
7.39,0,EEE,4,8,2,4.07,2,4.4,565,25,0,0,54.23,Mass Recruiter,1
6.6,1,CS,0,0,4,2.66,1,5.46,425,11,341,1833,50.17,Mass Recruiter,1
7.22,2,IT,0,0,4,4.19,2,6.79,781,35,208,1673,41.64,Mass Recruiter,1
6.78,4,IT,0,0,4,1.89,4,5.18,641,25,365,1351,44.74,Mass Recruiter,1
8.08,1,CS,2,6,4,4.52,2,6.44,371,13,438,1887,69.2,Mid-tier,1
6.42,0,IT,2,6,2,4.22,5,5.76,545,31,0,0,40.64,Mass Recruiter,1
7.5,2,CS,1,8,5,5.43,2,6.97,558,28,0,0,44.05,Mass Recruiter,1
5.62,4,CS,1,3,2,1.92,2,4.17,0,0,242,1984,24.78,Not Placed,0
7.4,0,ECE,0,0,3,1.88,5,4.43,671,39,0,0,35.13,Mass Recruiter,1
8.46,0,CS,2,4,3,6.05,8,6.98,218,31,173,1168,56.27,Mid-tier,1
6.35,1,Civil,0,0,6,3.74,1,4.24,0,0,46,1236,30.43,Not Placed,0
6.5,0,ECE,0,0,4,1.78,1,3.17,0,0,187,1621,22.94,Not Placed,0
6.34,0,EEE,0,0,2,1.78,2,3.75,225,11,240,1719,32.8,Not Placed,0
5.52,1,CS,1,4,3,2.28,5,6.0,500,24,0,0,27.33,Not Placed,0
7.73,2,CS,1,4,2,5.11,2,4.73,0,0,100,1555,31.7,Not Placed,0
6.55,0,Biotech,1,3,0,0.0,3,2.12,0,0,0,0,14.34,Not Placed,0
6.94,1,Mechanical,0,0,2,1.18,0,2.22,191,8,0,0,22.5,Not Placed,0
7.45,0,IT,1,3,5,6.64,4,6.35,683,30,182,1653,62.87,Mid-tier,1
6.86,1,CS,1,4,0,0.0,3,5.5,76,12,187,1394,37.63,Mass Recruiter,1
6.13,0,Mechanical,3,10,3,3.87,3,4.14,0,0,0,0,47.64,Mass Recruiter,1
8.12,0,ECE,0,0,2,2.89,7,5.33,236,18,0,0,23.91,Not Placed,0
6.91,2,ECE,2,4,3,4.1,2,4.87,322,33,128,1349,46.4,Mass Recruiter,1
6.78,1,CS,1,4,4,4.88,2,5.52,539,24,172,1473,39.73,Mass Recruiter,1
7.69,0,Civil,3,8,0,0.0,1,2.18,0,0,0,0,35.51,Mass Recruiter,1
7.87,0,CS,2,6,2,3.4,7,5.99,849,26,0,0,43.22,Mass Recruiter,1
8.14,0,ECE,1,3,0,0.0,2,3.09,289,8,0,0,32.1,Not Placed,0
8.52,0,IT,1,1,4,5.37,2,5.75,825,25,327,1723,61.93,Mid-tier,1
8.4,2,EEE,3,10,3,3.87,4,5.7,340,24,216,1448,52.35,Mass Recruiter,1
7.49,1,CS,1,3,2,3.33,2,5.19,482,11,402,2072,41.25,Mass Recruiter,1
6.17,0,IT,1,4,2,2.64,0,4.71,693,30,0,0,26.11,Not Placed,0
6.88,4,Mechanical,2,3,0,0.0,3,3.15,0,0,50,1327,20.23,Not Placed,0
6.21,1,CS,0,0,4,4.07,2,5.11,0,0,298,1673,30.48,Not Placed,0
8.1,0,Mechanical,0,0,4,4.2,1,5.03,0,0,116,1209,34.18,Not Placed,0
7.75,0,IT,1,4,3,5.27,5,6.69,677,19,240,1466,38.53,Mass Recruiter,1
5.31,2,IT,0,0,4,1.22,1,5.33,493,43,259,1379,33.72,Not Placed,0
8.34,0,CS,1,4,0,0.0,5,5.23,220,10,76,1427,40.68,Mass Recruiter,1
7.27,0,CS,1,1,4,2.41,3,5.61,0,0,259,2165,49.9,Mass Recruiter,1
6.83,0,ECE,0,0,4,3.7,3,3.4,0,0,0,0,18.05,Not Placed,0
6.5,1,IT,1,3,2,2.95,0,4.76,743,2,170,1379,40.27,Mass Recruiter,1
7.27,1,CS,1,3,2,2.24,4,6.29,443,18,255,1019,55.24,Mid-tier,1
6.1,0,IT,0,0,2,1.79,5,3.75,195,11,117,1202,38.28,Mass Recruiter,1
7.18,3,ECE,0,0,4,4.89,3,2.82,0,0,0,0,15.68,Not Placed,0
6.21,0,Civil,3,8,0,0.0,1,2.52,523,33,37,1443,35.92,Mass Recruiter,1
7.38,0,ECE,4,8,4,3.99,1,4.88,412,18,0,0,50.59,Mass Recruiter,1
6.99,0,Mechanical,0,0,1,1.71,4,3.38,0,0,0,0,21.54,Not Placed,0
7.25,1,IT,1,3,5,3.04,2,6.33,293,32,261,1743,47.44,Mass Recruiter,1
6.67,2,ECE,4,14,2,2.25,3,5.73,0,0,0,0,36.42,Mass Recruiter,1
6.01,1,CS,0,0,3,1.6,2,4.83,539,0,0,0,26.82,Not Placed,0
8.61,0,CS,1,2,5,5.2,3,7.11,548,8,198,1658,52.79,Mass Recruiter,1
7.19,0,CS,0,0,2,4.54,2,5.42,214,10,312,1732,37.29,Mass Recruiter,1
5.88,1,ECE,0,0,2,2.27,2,4.44,0,0,56,1240,19.51,Not Placed,0
7.17,3,Civil,0,0,3,2.24,1,1.93,482,23,0,0,22.59,Not Placed,0
8.08,0,CS,1,2,2,2.8,2,4.41,269,29,195,1139,43.93,Mass Recruiter,1
6.08,1,Civil,0,0,5,1.91,1,3.33,0,0,0,0,13.28,Not Placed,0
7.57,0,Civil,0,0,5,2.97,1,3.85,371,37,0,0,29.47,Not Placed,0
8.64,0,Mechanical,0,0,3,4.87,2,3.71,840,35,0,0,35.79,Mass Recruiter,1
6.87,0,CS,2,8,3,5.22,3,5.76,402,27,253,1683,72.41,Mid-tier,1
8.29,0,ECE,0,0,3,3.67,2,4.88,0,0,138,1732,25.18,Not Placed,0
7.07,0,Mechanical,0,0,3,1.19,1,3.89,0,0,0,0,23.25,Not Placed,0
6.64,0,CS,2,10,3,2.77,6,5.99,399,32,99,1513,61.91,Mid-tier,1
7.92,1,IT,2,8,4,4.53,6,6.62,0,0,374,1957,66.83,Mid-tier,1
6.73,1,ECE,0,0,3,2.46,1,4.6,518,34,0,0,27.77,Not Placed,0
8.48,0,CS,0,0,4,4.75,5,6.88,537,13,256,1631,45.97,Mass Recruiter,1
7.64,0,ECE,0,0,3,5.75,4,4.19,628,13,230,1628,39.01,Mass Recruiter,1
6.04,2,EEE,0,0,1,1.02,3,3.54,0,0,85,1367,-0.3,Not Placed,0
6.39,1,ECE,3,8,2,4.09,1,5.09,542,35,0,0,49.73,Mass Recruiter,1
6.91,2,Civil,0,0,1,1.57,0,1.8,0,0,0,0,8.45,Not Placed,0
5.99,0,CS,0,0,2,1.84,1,3.27,88,11,292,1399,43.35,Mass Recruiter,1
6.04,0,IT,2,8,4,1.62,3,6.03,653,30,269,1435,64.54,Mid-tier,1
7.45,1,CS,1,2,2,4.51,3,4.75,385,37,166,1400,41.81,Mass Recruiter,1
5.94,2,Mechanical,0,0,0,0.0,2,2.0,95,8,21,1089,12.61,Not Placed,0
7.31,1,EEE,1,2,2,2.26,2,4.17,0,0,50,1372,28.16,Not Placed,0
6.31,0,CS,1,3,5,3.49,2,6.68,204,29,101,1451,50.53,Mass Recruiter,1
6.53,0,Mechanical,2,10,0,0.0,2,3.63,615,39,0,0,37.52,Mass Recruiter,1
9.58,0,IT,1,4,5,5.14,5,5.34,643,17,551,2071,73.48,Mid-tier,1
7.51,0,CS,2,4,3,5.76,2,5.23,456,18,0,0,40.87,Mass Recruiter,1
6.91,1,CS,3,12,3,5.92,3,8.01,639,24,236,1436,69.61,Mid-tier,1
6.78,2,IT,0,0,4,2.86,2,4.42,753,34,302,1362,34.69,Not Placed,0
6.01,0,CS,0,0,3,1.91,3,3.73,649,29,222,1580,39.01,Mass Recruiter,1
5.45,1,Mechanical,0,0,0,0.0,1,2.22,0,0,2,1245,9.75,Not Placed,0
5.92,1,Chemical,0,0,0,0.0,0,1.75,27,1,0,0,8.87,Not Placed,0
6.89,0,ECE,0,0,2,3.84,5,4.48,60,14,58,1468,20.64,Not Placed,0
7.99,2,CS,1,2,3,4.46,6,6.41,535,35,376,1503,58.3,Mid-tier,1
8.33,0,Mechanical,2,4,2,6.74,1,4.36,0,0,0,0,35.41,Mass Recruiter,1
5.85,0,Mechanical,2,6,2,3.31,2,3.23,0,0,0,0,29.62,Not Placed,0
7.05,0,EEE,0,0,0,0.0,3,2.48,44,8,0,0,7.6,Not Placed,0
6.89,4,IT,4,14,5,5.48,1,6.64,831,13,0,0,43.99,Mass Recruiter,1
6.66,1,CS,0,0,4,3.04,1,6.23,554,22,235,1746,49.7,Mass Recruiter,1
5.6,2,CS,0,0,3,0.88,4,4.64,0,0,0,0,11.82,Not Placed,0
7.35,1,IT,2,8,4,5.74,3,5.66,660,29,240,1537,66.38,Mid-tier,1
6.42,0,IT,0,0,2,1.51,5,5.51,169,16,0,0,16.26,Not Placed,0
7.82,0,ECE,0,0,3,2.88,1,5.37,379,30,0,0,45.38,Mass Recruiter,1
6.61,1,EEE,0,0,5,3.56,0,4.39,569,14,129,1355,30.82,Not Placed,0
7.18,0,IT,0,0,3,3.24,1,5.05,664,23,0,0,21.66,Not Placed,0
8.88,0,EEE,1,6,2,5.75,2,3.99,650,20,0,0,37.96,Mass Recruiter,1
6.56,0,ECE,0,0,4,4.1,2,3.15,535,14,239,1583,42.06,Mass Recruiter,1
6.21,2,IT,0,0,4,2.66,8,5.63,726,20,115,1431,41.01,Mass Recruiter,1
7.34,0,CS,2,8,3,4.67,3,6.68,188,39,204,1678,50.87,Mass Recruiter,1
5.74,1,CS,1,8,4,1.93,2,6.12,489,32,90,1200,36.78,Mass Recruiter,1
5.04,2,IT,0,0,3,1.03,7,4.78,800,33,28,1352,36.14,Mass Recruiter,1
7.68,0,EEE,0,0,4,2.26,5,4.2,0,0,106,1333,26.76,Not Placed,0
7.87,0,CS,1,3,2,5.94,3,4.52,834,33,307,1771,53.06,Mass Recruiter,1
6.21,0,CS,2,8,3,4.34,5,6.03,0,0,204,1602,49.38,Mass Recruiter,1
8.91,0,Civil,2,3,1,3.81,1,4.13,349,17,40,1166,43.84,Mass Recruiter,1
7.44,0,IT,2,8,3,4.21,4,7.0,462,29,95,1580,50.03,Mass Recruiter,1
7.1,0,ECE,2,6,2,3.51,2,5.04,0,0,177,1499,50.54,Mass Recruiter,1
6.55,0,CS,2,4,3,2.72,5,6.7,524,27,209,1488,61.26,Mid-tier,1
7.78,0,ECE,1,4,1,2.37,0,2.68,0,0,191,1737,44.5,Mass Recruiter,1
7.68,1,CS,1,4,3,2.85,1,4.79,555,17,144,1320,51.47,Mass Recruiter,1
8.41,0,CS,1,2,4,5.18,5,5.6,541,28,425,1967,59.71,Mid-tier,1
8.01,1,CS,1,2,4,3.96,1,4.77,304,15,219,1746,49.58,Mass Recruiter,1
8.13,0,IT,1,4,6,7.08,5,4.85,630,20,222,1721,67.55,Mid-tier,1
6.83,0,Civil,0,0,1,2.28,4,2.55,0,0,154,1430,22.95,Not Placed,0
7.06,2,Chemical,0,0,2,3.77,1,2.64,0,0,0,0,7.22,Not Placed,0
7.49,0,Mechanical,0,0,2,2.76,3,2.48,0,0,164,1351,24.95,Not Placed,0
6.61,3,CS,2,6,2,3.91,3,6.55,0,0,53,1581,30.18,Not Placed,0
8.99,0,IT,0,0,5,4.44,2,5.08,343,25,173,1313,48.86,Mass Recruiter,1
5.99,4,Mechanical,2,4,2,3.79,2,3.19,219,13,0,0,29.68,Not Placed,0
7.41,0,EEE,1,2,3,2.99,0,3.99,0,0,178,2012,49.38,Mass Recruiter,1
7.73,3,CS,1,6,1,4.6,0,4.49,402,35,468,1869,52.19,Mass Recruiter,1
8.03,0,ECE,3,10,3,3.99,2,4.45,0,0,269,1526,59.12,Mid-tier,1
8.21,0,IT,1,3,3,4.6,8,7.02,226,8,379,1649,50.28,Mass Recruiter,1
6.43,1,CS,1,4,4,3.83,5,6.98,422,28,134,1923,55.41,Mid-tier,1
5.59,3,EEE,0,0,3,1.63,1,3.12,0,0,0,0,14.65,Not Placed,0
8.3,0,Civil,0,0,3,4.75,0,2.65,0,0,169,1319,30.73,Not Placed,0
6.48,1,EEE,2,8,2,4.13,2,4.45,0,0,0,0,35.55,Mass Recruiter,1
5.47,3,Civil,0,0,3,0.61,0,3.51,0,0,0,0,6.7,Not Placed,0
8.87,0,ECE,0,0,1,4.11,3,3.99,0,0,309,1537,31.08,Not Placed,0
7.58,0,Mechanical,1,6,2,3.52,2,3.43,0,0,132,1393,22.47,Not Placed,0
7.11,0,ECE,0,0,3,2.28,2,3.94,481,23,248,1851,37.81,Mass Recruiter,1
5.74,2,CS,2,8,2,3.42,2,5.05,355,13,186,1352,49.51,Mass Recruiter,1
6.17,2,ECE,0,0,3,1.43,5,5.02,143,26,0,0,12.16,Not Placed,0
7.21,0,ECE,0,0,3,3.79,7,5.6,504,41,249,1219,52.28,Mass Recruiter,1
6.7,1,ECE,2,4,3,5.39,2,4.97,240,30,61,1397,51.8,Mass Recruiter,1
7.65,0,CS,1,3,4,5.81,5,6.68,485,30,286,1751,69.69,Mid-tier,1
6.22,1,Civil,0,0,3,2.33,0,1.06,419,25,0,0,17.6,Not Placed,0
6.03,0,IT,0,0,3,1.4,3,5.83,248,28,187,1890,29.55,Not Placed,0
5.7,1,Mechanical,1,4,4,4.4,1,3.94,0,0,132,1136,36.36,Mass Recruiter,1
7.38,0,Biotech,0,0,1,3.75,4,2.1,0,0,21,1178,25.59,Not Placed,0
6.33,0,Chemical,0,0,2,2.04,0,1.96,0,0,0,0,12.67,Not Placed,0
7.52,0,CS,3,12,4,6.18,3,7.44,568,15,0,0,60.98,Mid-tier,1
6.22,1,ECE,2,8,3,2.28,1,5.07,0,0,96,1333,36.56,Mass Recruiter,1
9.46,0,CS,1,2,4,6.82,3,5.74,0,0,98,1518,46.72,Mass Recruiter,1
8.64,0,IT,1,4,3,3.93,3,5.01,532,38,266,1430,62.36,Mid-tier,1
6.47,1,ECE,1,3,2,2.98,2,3.49,0,0,0,0,24.46,Not Placed,0
7.41,1,Civil,0,0,1,2.89,1,1.97,0,0,0,0,18.58,Not Placed,0
7.29,1,Biotech,0,0,2,2.33,3,2.34,198,9,0,0,24.26,Not Placed,0
7.14,0,Mechanical,0,0,0,0.0,1,2.58,14,2,0,0,19.22,Not Placed,0
7.68,1,IT,0,0,3,3.15,4,4.86,0,0,194,1584,20.39,Not Placed,0
8.44,1,EEE,0,0,2,5.46,1,2.47,198,24,0,0,24.79,Not Placed,0
6.16,1,IT,1,4,3,4.55,2,4.3,0,0,206,1267,33.65,Not Placed,0
7.76,0,Civil,2,3,4,4.9,6,4.55,496,29,44,1541,62.05,Mid-tier,1
7.45,0,Mechanical,0,0,0,0.0,1,2.88,21,0,0,0,16.66,Not Placed,0
6.5,2,Civil,1,4,2,3.42,3,3.62,618,22,0,0,32.14,Not Placed,0
6.1,0,ECE,1,3,4,2.6,1,4.2,576,23,298,1484,40.88,Mass Recruiter,1
7.82,0,IT,1,3,4,5.25,3,5.92,724,22,721,1848,67.7,Mid-tier,1
7.57,0,EEE,0,0,3,3.85,1,3.16,0,0,83,1330,24.2,Not Placed,0
6.52,0,ECE,0,0,3,0.69,2,4.26,0,0,0,0,23.62,Not Placed,0
7.77,1,Mechanical,1,4,6,6.05,2,4.99,376,33,62,1277,43.06,Mass Recruiter,1
6.23,1,EEE,2,8,1,2.74,4,3.68,0,0,68,1466,39.14,Mass Recruiter,1
7.17,0,ECE,0,0,2,4.01,2,4.22,114,9,176,1702,37.1,Mass Recruiter,1
7.95,0,Mechanical,0,0,2,5.38,1,2.52,277,10,72,1300,17.42,Not Placed,0
7.92,3,ECE,0,0,3,3.71,4,4.68,511,52,0,0,25.06,Not Placed,0
9.03,0,Mechanical,0,0,2,5.87,2,2.76,387,13,5,1222,32.26,Not Placed,0
7.23,0,CS,3,10,5,6.07,3,6.8,665,25,0,0,69.32,Mid-tier,1
6.87,3,Mechanical,3,8,0,0.0,1,3.14,0,0,8,1378,22.51,Not Placed,0
7.58,0,IT,2,10,6,5.71,4,5.81,695,26,0,0,52.92,Mass Recruiter,1
8.98,0,CS,1,8,4,6.53,5,6.59,207,38,280,1910,56.52,Mid-tier,1
9.04,0,Mechanical,1,6,1,5.09,2,3.83,836,34,0,0,33.2,Not Placed,0
7.96,0,ECE,2,4,5,6.77,0,4.89,646,44,189,1777,71.18,Mid-tier,1
7.25,0,Biotech,0,0,4,4.47,2,2.6,0,0,0,991,25.08,Not Placed,0
7.22,2,CS,0,0,5,4.38,1,4.97,391,47,184,1110,39.7,Mass Recruiter,1
6.81,2,Civil,1,2,3,3.86,2,3.79,512,41,0,0,39.5,Mass Recruiter,1
8.54,0,IT,2,6,2,4.38,4,5.0,540,29,390,1799,68.53,Mid-tier,1
7.44,2,Biotech,0,0,2,4.68,3,2.72,0,0,46,1402,24.6,Not Placed,0
6.91,4,CS,1,2,3,3.2,8,6.36,820,25,661,2051,51.42,Mass Recruiter,1
7.39,0,IT,1,3,3,5.05,3,5.1,835,11,280,1504,38.61,Mass Recruiter,1
6.12,0,Mechanical,2,3,1,2.13,1,3.76,581,24,33,1379,35.64,Mass Recruiter,1
6.69,2,CS,2,8,4,2.52,3,6.57,386,26,249,1242,52.9,Mass Recruiter,1
6.66,2,EEE,2,8,3,2.94,1,4.96,0,0,0,0,31.76,Not Placed,0
7.48,0,ECE,0,0,1,3.28,0,2.37,131,15,225,1808,44.78,Mass Recruiter,1
6.74,2,Mechanical,1,6,1,2.05,3,3.38,0,0,0,0,28.51,Not Placed,0
6.82,1,CS,3,10,5,5.41,0,7.13,374,18,133,1559,74.85,FAANG,1
9.03,0,Mechanical,1,4,1,4.9,0,2.07,0,0,116,1221,41.83,Mass Recruiter,1
6.88,1,ECE,1,1,2,4.47,2,4.65,0,0,0,0,21.4,Not Placed,0
6.27,1,ECE,1,6,0,0.0,3,3.6,0,0,23,1165,20.57,Not Placed,0
7.39,0,Chemical,2,6,1,4.87,0,3.56,0,0,0,0,29.54,Not Placed,0
6.99,3,IT,0,0,3,3.44,6,5.86,657,23,265,1224,39.61,Mass Recruiter,1
8.35,0,CS,2,6,4,5.59,1,6.38,383,35,201,1514,71.55,Mid-tier,1
7.0,0,Civil,0,0,1,2.04,4,3.75,317,10,0,0,17.07,Not Placed,0
6.77,4,Mechanical,0,0,3,4.21,0,2.36,0,0,0,0,12.03,Not Placed,0
5.89,2,IT,0,0,4,2.67,3,5.31,557,33,134,1446,44.28,Mass Recruiter,1
6.54,4,Chemical,0,0,4,1.71,2,3.33,0,0,131,1308,18.84,Not Placed,0
7.41,0,Civil,2,3,1,2.51,2,3.77,0,0,0,0,40.77,Mass Recruiter,1
7.98,0,CS,1,2,4,5.47,3,4.91,393,21,0,0,42.63,Mass Recruiter,1
5.9,3,ECE,3,14,4,4.93,3,5.9,0,0,103,1187,36.6,Mass Recruiter,1
6.82,4,CS,1,4,5,5.7,4,6.45,0,0,0,0,30.47,Not Placed,0
7.79,0,CS,1,4,3,2.25,1,5.46,550,33,0,0,37.34,Mass Recruiter,1
6.28,0,CS,1,3,5,3.9,3,6.96,0,0,0,0,37.4,Mass Recruiter,1
7.71,0,ECE,1,2,3,1.44,6,4.92,718,37,155,1356,44.18,Mass Recruiter,1
5.48,3,EEE,0,0,1,0.3,3,3.22,131,5,51,1409,7.71,Not Placed,0
8.08,1,IT,0,0,4,3.4,6,5.5,537,47,214,1714,42.22,Mass Recruiter,1
7.67,0,CS,1,3,0,0.0,5,4.68,194,8,0,0,16.12,Not Placed,0
6.09,2,Biotech,0,0,1,1.06,2,2.24,0,0,0,0,3.58,Not Placed,0
6.04,0,CS,0,0,2,1.7,1,3.44,237,5,287,1482,29.56,Not Placed,0
6.61,1,Civil,0,0,3,2.22,1,1.77,616,21,52,1374,20.77,Not Placed,0
5.97,3,IT,0,0,1,2.47,3,4.48,170,13,197,1795,21.29,Not Placed,0
7.49,0,Mechanical,0,0,1,3.05,3,3.41,80,0,268,1615,38.41,Mass Recruiter,1
6.32,1,IT,0,0,4,2.92,1,5.12,0,0,0,0,16.72,Not Placed,0
7.21,0,IT,0,0,3,2.74,5,4.97,87,11,148,1459,35.19,Mass Recruiter,1
5.67,2,IT,3,12,2,2.12,4,5.39,0,0,0,0,40.44,Mass Recruiter,1
7.67,0,ECE,1,3,1,2.38,2,2.68,393,11,0,0,22.88,Not Placed,0
8.96,1,Chemical,0,0,1,4.83,2,2.05,0,0,0,0,12.51,Not Placed,0
8.25,0,CS,1,4,2,4.41,1,4.5,3,30,202,1615,34.72,Not Placed,0
8.63,0,ECE,0,0,5,4.67,2,5.62,650,34,214,1237,47.78,Mass Recruiter,1
7.23,0,CS,1,3,2,4.85,6,5.82,527,42,0,0,41.5,Mass Recruiter,1
7.61,1,IT,0,0,4,4.33,3,4.97,422,34,223,1448,35.63,Mass Recruiter,1
6.0,1,ECE,0,0,4,0.3,0,4.02,506,42,24,1333,26.51,Not Placed,0
6.53,2,EEE,0,0,0,0.0,1,1.86,57,5,0,0,7.46,Not Placed,0
7.42,3,ECE,2,6,5,5.56,3,5.12,0,0,0,0,39.78,Mass Recruiter,1
5.4,2,IT,0,0,2,2.09,2,3.34,166,8,0,0,19.74,Not Placed,0
6.36,2,Mechanical,1,3,2,2.94,2,4.22,0,0,0,0,20.37,Not Placed,0
6.71,2,ECE,0,0,3,2.28,1,3.13,274,22,150,1377,24.4,Not Placed,0
6.11,1,IT,3,14,4,6.25,2,5.07,265,24,320,1486,66.4,Mid-tier,1
7.76,0,CS,1,4,4,4.61,4,6.46,774,22,393,1670,68.12,Mid-tier,1
8.68,0,CS,1,4,1,4.31,4,3.83,249,7,454,1736,58.03,Mid-tier,1
7.55,0,CS,1,6,3,4.94,1,5.57,294,13,147,1743,47.09,Mass Recruiter,1
6.78,3,Chemical,0,0,1,2.02,0,2.5,0,0,138,1475,17.91,Not Placed,0
6.44,4,Civil,0,0,1,2.73,0,1.69,347,22,128,1262,19.75,Not Placed,0
5.75,1,Civil,0,0,5,3.83,1,2.7,252,20,99,1437,16.33,Not Placed,0
8.43,0,Mechanical,3,6,3,5.21,3,4.11,0,0,0,0,50.97,Mass Recruiter,1
7.47,0,CS,0,0,6,6.33,2,5.21,759,50,0,0,38.35,Mass Recruiter,1
6.78,0,Chemical,0,0,2,2.63,3,2.07,182,16,0,0,16.67,Not Placed,0
5.77,4,Civil,0,0,1,0.36,2,1.05,0,0,25,1410,10.67,Not Placed,0
8.45,0,EEE,2,6,2,5.1,2,3.86,0,0,123,1255,42.66,Mass Recruiter,1
7.81,0,Biotech,0,0,2,2.29,3,1.68,0,0,73,1291,31.16,Not Placed,0
6.34,2,CS,2,8,2,4.31,2,6.5,525,29,0,0,32.92,Not Placed,0
5.83,3,ECE,1,3,5,2.37,2,4.88,0,0,0,0,19.92,Not Placed,0
6.89,0,IT,2,10,5,4.2,2,5.56,459,33,0,0,43.57,Mass Recruiter,1
7.15,1,Mechanical,0,0,3,2.73,1,2.9,0,0,33,1399,25.0,Not Placed,0
7.01,1,CS,0,0,3,2.73,3,4.86,0,0,0,0,15.67,Not Placed,0
6.64,0,IT,1,2,3,2.39,2,4.94,730,27,0,0,30.59,Not Placed,0
8.14,0,ECE,0,0,2,1.74,1,4.54,660,22,217,1446,34.17,Not Placed,0
8.95,0,ECE,0,0,1,4.11,3,3.6,197,8,144,1648,33.78,Not Placed,0
8.57,0,CS,3,6,0,0.0,4,5.54,636,30,482,1639,66.64,Mid-tier,1
6.88,0,Mechanical,0,0,1,4.0,6,2.37,0,0,0,0,13.55,Not Placed,0
5.0,1,CS,0,0,3,1.55,2,4.69,0,0,63,1514,17.73,Not Placed,0
6.38,0,CS,0,0,2,1.83,3,5.01,0,0,160,1960,27.91,Not Placed,0
5.85,1,Mechanical,0,0,1,2.02,2,3.56,95,12,72,1419,28.93,Not Placed,0
8.11,1,IT,1,6,1,2.46,2,3.79,866,40,0,0,39.73,Mass Recruiter,1
8.11,0,CS,0,0,4,3.3,4,5.87,739,33,99,1550,45.88,Mass Recruiter,1
8.3,0,IT,0,0,3,4.82,5,6.38,683,40,236,1504,46.4,Mass Recruiter,1
6.69,0,EEE,0,0,0,0.0,1,2.95,65,7,0,0,5.8,Not Placed,0
8.99,2,Mechanical,2,3,0,0.0,3,4.17,0,0,166,1167,37.47,Mass Recruiter,1
6.02,1,CS,4,12,3,2.75,3,5.52,524,23,179,1627,71.7,Mid-tier,1
8.86,2,Chemical,1,4,1,5.13,3,2.42,0,0,41,1385,44.25,Mass Recruiter,1
6.86,2,ECE,1,3,2,2.25,2,4.87,619,15,92,1454,35.42,Mass Recruiter,1
6.04,1,Mechanical,0,0,1,0.34,4,2.02,0,0,0,0,7.32,Not Placed,0
5.96,3,ECE,0,0,3,2.35,0,4.25,0,0,0,0,13.15,Not Placed,0
6.83,3,Mechanical,0,0,1,1.47,0,2.59,0,0,0,0,0.76,Not Placed,0
6.6,0,ECE,0,0,2,0.55,1,3.36,0,0,261,1742,36.39,Mass Recruiter,1
7.8,0,CS,2,4,4,4.77,3,6.92,706,20,119,1621,50.01,Mass Recruiter,1
5.64,2,IT,0,0,3,0.3,3,3.7,761,27,229,1257,29.37,Not Placed,0
8.19,0,IT,1,8,3,4.01,4,4.82,713,28,195,1778,63.53,Mid-tier,1
6.35,2,IT,3,10,4,2.88,2,7.21,474,33,39,1488,62.3,Mid-tier,1
6.85,2,Civil,1,2,1,3.1,2,2.72,131,10,0,0,6.65,Not Placed,0
6.79,0,EEE,0,0,0,0.0,5,3.73,0,0,0,0,15.75,Not Placed,0
6.59,4,ECE,0,0,2,0.3,1,4.59,0,0,279,1589,8.92,Not Placed,0
8.81,0,ECE,0,0,2,3.57,4,3.9,193,17,0,0,32.34,Not Placed,0
6.55,0,ECE,1,2,3,3.13,2,5.02,0,0,219,1731,46.0,Mass Recruiter,1
8.94,0,CS,4,10,3,5.11,2,5.72,528,44,54,1497,61.89,Mid-tier,1
6.9,3,ECE,1,4,3,5.39,4,4.0,601,37,200,1814,45.92,Mass Recruiter,1
7.63,0,CS,1,6,4,5.74,4,6.91,534,31,307,1715,58.55,Mid-tier,1
7.42,0,Mechanical,0,0,0,0.0,2,2.57,0,0,48,1505,11.93,Not Placed,0
6.93,2,IT,1,2,3,1.78,0,5.01,714,35,145,1461,45.58,Mass Recruiter,1
7.72,0,Mechanical,1,2,2,3.92,2,3.26,445,20,257,1530,45.08,Mass Recruiter,1
5.43,6,ECE,0,0,3,1.55,2,4.05,976,45,26,1360,15.98,Not Placed,0
8.7,0,IT,0,0,2,3.03,2,5.04,160,7,341,1859,50.5,Mass Recruiter,1
6.76,3,ECE,0,0,2,1.96,4,4.1,89,16,0,0,11.24,Not Placed,0
6.31,0,EEE,3,12,4,4.96,3,6.25,217,30,0,0,43.45,Mass Recruiter,1
7.24,0,CS,4,8,4,4.21,4,8.04,593,25,233,1655,71.31,Mid-tier,1
5.57,1,IT,0,0,4,3.06,3,4.92,467,36,132,1466,39.91,Mass Recruiter,1
5.62,1,ECE,0,0,3,2.22,2,3.72,370,24,17,1473,24.2,Not Placed,0
7.68,0,ECE,1,4,5,2.95,2,4.64,0,0,195,1678,36.48,Mass Recruiter,1
8.19,0,Biotech,0,0,3,3.06,3,1.66,0,0,0,0,16.55,Not Placed,0
7.84,1,IT,0,0,4,5.08,5,5.06,609,24,131,1785,49.3,Mass Recruiter,1
7.26,0,ECE,0,0,1,0.72,1,3.99,74,10,0,0,5.69,Not Placed,0
5.0,2,CS,1,3,1,0.98,2,4.17,202,8,0,0,16.17,Not Placed,0
6.59,1,IT,2,3,4,3.74,2,6.34,0,0,247,1586,48.3,Mass Recruiter,1
7.08,0,Biotech,1,6,3,3.49,2,3.44,0,0,0,0,25.61,Not Placed,0
7.39,1,IT,3,14,4,5.71,7,7.19,618,27,191,1789,76.58,FAANG,1
6.04,2,CS,0,0,6,1.92,4,5.67,498,20,240,1815,42.09,Mass Recruiter,1
6.26,0,ECE,2,6,3,3.03,3,5.02,0,0,74,1414,47.31,Mass Recruiter,1
8.99,0,Mechanical,0,0,2,5.83,2,3.05,0,0,0,0,20.47,Not Placed,0
8.12,0,CS,1,3,5,5.11,3,6.25,594,22,297,1608,61.6,Mid-tier,1
5.93,0,CS,0,0,3,2.47,2,5.61,588,53,280,1524,41.56,Mass Recruiter,1
6.38,3,CS,1,2,3,2.94,8,6.29,0,0,0,0,30.54,Not Placed,0
7.18,0,ECE,0,0,2,2.81,2,2.81,181,13,163,1693,29.66,Not Placed,0
6.24,0,CS,2,4,3,2.54,0,5.87,161,25,240,1727,41.18,Mass Recruiter,1
9.2,0,CS,1,6,4,6.87,7,6.27,502,35,498,1672,78.47,FAANG,1
6.84,4,IT,3,12,3,5.32,3,6.31,376,50,99,1330,59.08,Mid-tier,1
6.53,2,Mechanical,0,0,2,0.71,3,3.44,174,7,0,0,15.74,Not Placed,0
8.97,0,IT,1,6,4,5.76,7,6.8,724,32,251,1704,78.78,FAANG,1
5.48,3,Civil,2,4,1,2.74,2,2.63,0,0,0,0,21.91,Not Placed,0
6.71,4,ECE,0,0,1,1.81,2,5.22,0,0,136,1336,12.78,Not Placed,0
8.2,0,Mechanical,0,0,2,3.32,4,3.33,310,12,0,0,14.08,Not Placed,0
6.49,0,Civil,0,0,0,0.0,1,2.69,9,7,28,1220,21.68,Not Placed,0
6.47,1,IT,4,14,1,4.51,4,6.62,0,0,136,1676,50.48,Mass Recruiter,1
8.99,0,CS,0,0,4,4.58,3,5.59,691,43,497,1579,63.34,Mid-tier,1
6.49,0,CS,1,6,2,2.73,6,6.45,362,23,108,1367,41.48,Mass Recruiter,1
7.88,0,EEE,1,2,3,4.37,4,3.79,387,25,0,0,43.65,Mass Recruiter,1
8.65,0,CS,1,3,3,6.54,6,5.76,836,53,520,1605,61.19,Mid-tier,1
8.74,0,CS,4,12,4,7.62,3,6.23,770,38,190,1365,76.51,FAANG,1
5.71,3,Mechanical,0,0,2,1.9,4,3.43,182,2,29,1243,10.12,Not Placed,0
7.32,0,CS,0,0,4,3.55,3,5.48,325,14,82,1653,43.38,Mass Recruiter,1
8.6,0,CS,0,0,4,6.45,5,6.13,472,10,394,1670,56.31,Mid-tier,1
6.82,2,CS,0,0,4,3.09,5,5.85,434,27,122,1245,28.91,Not Placed,0
8.8,0,Civil,0,0,3,5.66,3,1.51,0,0,0,0,31.82,Not Placed,0
5.72,1,Biotech,1,3,2,1.58,1,3.03,0,0,169,1547,27.36,Not Placed,0
8.92,0,IT,3,10,2,8.57,4,6.86,269,24,584,2222,89.31,FAANG,1
6.51,3,Biotech,0,0,2,4.28,1,2.69,455,27,0,0,15.92,Not Placed,0
7.09,0,IT,2,6,2,3.66,6,5.67,497,32,193,1573,60.52,Mid-tier,1
8.23,0,ECE,1,4,4,5.94,5,4.29,505,29,0,0,37.78,Mass Recruiter,1
7.18,0,IT,2,4,2,5.24,0,5.53,615,34,0,0,42.96,Mass Recruiter,1
7.59,0,ECE,0,0,2,2.82,3,3.46,0,0,133,1414,27.91,Not Placed,0
9.13,0,IT,0,0,2,4.18,2,5.99,502,19,471,1765,53.92,Mass Recruiter,1
7.85,0,CS,2,3,2,4.49,1,3.99,543,24,179,1778,57.49,Mid-tier,1
6.2,0,ECE,1,3,3,2.13,3,5.12,546,36,0,0,37.32,Mass Recruiter,1
7.35,0,ECE,1,8,4,5.07,1,4.93,0,0,291,1577,62.36,Mid-tier,1
6.43,4,CS,0,0,3,1.35,1,5.34,520,14,0,0,15.56,Not Placed,0
6.84,1,IT,0,0,3,1.17,4,4.18,558,18,228,1518,38.35,Mass Recruiter,1
6.07,0,CS,3,12,7,3.32,2,7.12,831,32,262,1748,74.76,FAANG,1
9.3,0,Biotech,0,0,0,0.0,3,1.53,0,0,0,0,16.53,Not Placed,0
7.8,0,CS,1,1,2,3.72,6,6.09,846,34,0,0,36.38,Mass Recruiter,1
8.03,1,Civil,3,12,1,3.7,0,2.18,335,5,0,0,48.15,Mass Recruiter,1
8.8,0,Chemical,0,0,0,0.0,2,1.98,102,9,0,0,18.06,Not Placed,0
9.22,0,ECE,2,4,4,7.14,0,4.21,481,11,217,1714,58.65,Mid-tier,1
7.61,0,CS,0,0,3,1.8,1,4.25,569,35,306,2141,44.66,Mass Recruiter,1
5.76,1,CS,0,0,1,0.54,0,3.19,308,13,63,1499,24.34,Not Placed,0
5.75,3,ECE,0,0,2,0.3,1,4.02,0,0,0,0,2.37,Not Placed,0
7.35,1,CS,2,6,1,5.27,4,5.84,573,21,122,1718,47.79,Mass Recruiter,1
6.46,0,CS,0,0,2,2.32,1,5.01,179,10,127,1452,28.86,Not Placed,0
8.78,0,IT,2,10,3,5.22,3,4.46,225,18,556,1809,71.54,Mid-tier,1
7.99,0,ECE,0,0,4,4.51,2,5.59,601,40,139,1576,41.07,Mass Recruiter,1
6.87,0,IT,0,0,5,2.82,2,6.0,626,20,189,1611,39.92,Mass Recruiter,1
6.33,0,CS,0,0,5,1.48,0,4.79,394,29,171,1542,31.94,Not Placed,0
6.09,1,ECE,0,0,3,2.43,1,4.35,489,7,0,0,35.41,Mass Recruiter,1
7.16,1,IT,0,0,3,3.21,1,5.33,853,28,48,1405,27.4,Not Placed,0
5.0,3,CS,1,4,3,1.22,2,5.85,0,0,32,1143,31.51,Not Placed,0
5.3,2,ECE,0,0,1,0.3,2,3.78,17,3,0,0,3.29,Not Placed,0
7.62,0,IT,2,8,2,3.94,3,5.76,857,33,93,1727,58.79,Mid-tier,1
7.36,1,ECE,0,0,2,3.21,4,3.84,0,0,49,1702,19.03,Not Placed,0
7.98,0,ECE,1,2,2,3.42,5,4.83,546,7,192,1480,44.26,Mass Recruiter,1
7.55,0,Chemical,0,0,3,3.89,0,2.35,0,0,0,0,14.5,Not Placed,0
6.24,1,Biotech,1,8,1,1.67,0,2.41,0,0,0,0,9.31,Not Placed,0
9.03,0,IT,2,3,1,5.84,7,5.53,153,20,194,1413,65.83,Mid-tier,1
6.88,0,Civil,0,0,1,2.31,2,2.59,42,5,85,1545,23.82,Not Placed,0
9.08,0,IT,2,6,4,6.56,3,5.69,717,35,429,1974,73.29,Mid-tier,1
6.65,4,EEE,1,6,0,0.0,2,4.27,0,0,144,1269,17.69,Not Placed,0
7.13,0,CS,0,0,5,2.96,4,5.84,888,38,276,1427,45.87,Mass Recruiter,1
5.69,4,Civil,0,0,3,2.3,0,2.74,461,32,27,1114,24.89,Not Placed,0
6.3,0,Mechanical,1,6,0,0.0,1,1.98,0,0,0,0,15.48,Not Placed,0
8.69,0,CS,3,12,4,6.18,5,6.19,429,14,179,1295,67.38,Mid-tier,1
6.39,1,Mechanical,1,3,2,2.58,3,3.75,771,42,31,1477,39.37,Mass Recruiter,1
7.06,1,ECE,0,0,2,3.16,1,3.88,0,0,0,0,11.03,Not Placed,0
8.73,0,ECE,2,4,1,6.66,2,3.56,330,32,0,0,53.81,Mass Recruiter,1
8.29,0,ECE,1,4,6,6.27,3,4.65,464,25,245,1621,65.09,Mid-tier,1
7.63,0,Mechanical,0,0,2,3.25,4,3.66,626,14,94,1530,32.08,Not Placed,0
6.65,0,CS,2,4,2,2.71,4,5.61,0,0,265,1637,34.99,Not Placed,0
8.2,0,IT,1,4,0,0.0,7,5.64,120,11,676,1883,49.11,Mass Recruiter,1
6.46,0,Mechanical,0,0,2,1.65,1,2.33,0,0,0,0,19.67,Not Placed,0
5.24,2,IT,2,4,6,4.99,0,7.48,747,27,63,1685,49.08,Mass Recruiter,1
5.0,2,Mechanical,0,0,2,1.03,0,3.35,261,14,0,0,2.03,Not Placed,0
8.0,0,IT,0,0,3,3.49,3,4.87,359,25,0,0,35.94,Mass Recruiter,1
6.78,3,EEE,0,0,2,2.79,1,3.24,267,14,102,1407,23.21,Not Placed,0
7.05,0,CS,1,6,2,4.76,3,5.55,721,13,0,0,51.82,Mass Recruiter,1
7.53,3,Mechanical,0,0,1,1.82,6,3.9,145,2,162,1475,27.36,Not Placed,0
7.14,0,Biotech,2,8,2,3.86,1,2.2,0,0,82,1296,36.22,Mass Recruiter,1
7.17,2,CS,0,0,5,2.7,5,5.93,623,20,149,1477,34.44,Not Placed,0
8.5,0,Mechanical,0,0,1,3.21,3,2.46,289,17,0,0,22.88,Not Placed,0
5.0,2,EEE,0,0,0,0.0,0,2.91,0,1,92,1347,3.86,Not Placed,0
9.15,0,IT,1,3,5,5.04,3,5.62,706,18,241,1427,49.12,Mass Recruiter,1
7.26,1,EEE,2,4,2,4.89,2,4.62,0,0,0,0,30.91,Not Placed,0
8.46,0,IT,0,0,1,3.27,2,3.7,51,5,0,0,14.95,Not Placed,0
7.24,1,ECE,1,3,2,3.54,2,5.43,447,20,151,1699,43.26,Mass Recruiter,1
6.45,0,CS,0,0,3,0.85,4,4.31,616,32,261,1683,47.5,Mass Recruiter,1
8.1,0,ECE,1,3,3,5.71,2,4.19,0,0,202,1558,42.41,Mass Recruiter,1
7.76,0,CS,0,0,1,3.95,5,3.45,217,14,55,1120,36.5,Mass Recruiter,1
7.9,0,CS,1,8,3,4.93,3,4.92,1041,29,611,1797,71.56,Mid-tier,1
7.68,0,Biotech,1,2,1,3.64,2,1.85,154,14,0,0,31.73,Not Placed,0
5.49,2,IT,0,0,5,0.57,1,4.84,303,31,200,1685,27.89,Not Placed,0
8.27,0,Mechanical,0,0,1,4.68,3,2.04,157,20,0,0,26.85,Not Placed,0
8.21,1,EEE,1,3,1,4.07,0,2.5,0,0,64,1409,31.8,Not Placed,0
8.08,0,CS,1,1,4,4.55,8,5.45,266,33,421,1574,66.41,Mid-tier,1
5.91,1,Chemical,0,0,2,2.39,0,2.76,0,0,0,0,5.58,Not Placed,0
6.18,0,IT,1,6,4,2.49,4,5.41,0,0,0,0,33.62,Not Placed,0
6.04,0,CS,1,4,1,0.3,5,5.68,223,11,48,1553,43.68,Mass Recruiter,1
9.33,0,CS,2,8,3,7.29,4,5.56,249,30,480,1871,73.98,Mid-tier,1
8.56,0,IT,2,6,5,7.07,7,6.7,494,29,260,1180,66.01,Mid-tier,1
8.13,0,CS,3,12,3,5.67,4,6.5,383,39,384,1723,67.4,Mid-tier,1
9.9,0,ECE,0,0,3,5.16,3,2.9,400,28,0,0,35.8,Mass Recruiter,1
7.28,0,Civil,1,3,6,5.51,2,5.18,0,0,0,0,30.81,Not Placed,0
8.26,0,CS,2,3,6,5.64,5,7.79,611,41,500,2044,77.97,FAANG,1
6.31,0,CS,3,8,2,4.3,1,5.92,355,49,120,1715,54.53,Mass Recruiter,1
7.22,0,IT,3,8,3,4.67,1,5.2,896,30,0,0,62.8,Mid-tier,1
6.98,4,CS,2,4,4,4.17,3,7.16,204,25,197,1866,45.14,Mass Recruiter,1
6.93,4,ECE,1,3,3,4.41,2,3.93,677,22,0,0,25.91,Not Placed,0
7.89,0,ECE,2,6,1,3.13,3,3.78,61,39,200,1361,48.08,Mass Recruiter,1
7.92,0,Mechanical,0,0,1,3.29,2,2.11,83,17,0,0,26.9,Not Placed,0
6.64,4,Civil,0,0,2,2.8,1,1.34,0,0,138,1481,14.29,Not Placed,0
8.26,0,IT,2,4,5,6.44,1,6.36,531,30,110,1646,67.49,Mid-tier,1
5.98,4,Civil,0,0,1,1.17,2,3.76,0,0,97,1298,13.59,Not Placed,0
6.96,0,ECE,0,0,4,3.37,4,4.37,0,0,137,1380,35.95,Mass Recruiter,1
6.51,0,ECE,0,0,5,2.8,3,5.25,676,16,183,1566,46.97,Mass Recruiter,1
7.38,0,Mechanical,4,10,1,4.86,1,4.42,0,0,0,0,36.45,Mass Recruiter,1
9.24,0,EEE,0,0,5,5.0,0,4.16,0,0,268,1462,50.82,Mass Recruiter,1
6.26,1,ECE,0,0,1,1.32,4,5.16,36,11,0,0,19.9,Not Placed,0
5.99,3,IT,1,4,2,2.39,4,5.51,531,42,0,0,30.94,Not Placed,0
7.8,1,Mechanical,1,2,0,0.0,2,1.64,201,17,143,1397,29.54,Not Placed,0
5.31,3,CS,1,4,6,4.03,3,6.15,484,15,0,0,26.68,Not Placed,0
7.57,0,Mechanical,2,4,0,0.0,3,3.24,586,13,79,1312,38.98,Mass Recruiter,1
8.2,0,IT,0,0,3,3.79,2,3.03,547,33,276,1624,59.6,Mid-tier,1
7.29,0,CS,1,4,4,3.7,3,5.3,448,33,623,1786,61.38,Mid-tier,1
7.55,0,ECE,1,2,1,1.79,2,3.38,0,0,166,1770,25.7,Not Placed,0
8.15,0,ECE,1,3,2,4.88,1,5.46,646,33,143,1396,50.43,Mass Recruiter,1
5.44,1,Civil,0,0,0,0.0,3,2.05,0,0,0,0,5.68,Not Placed,0
5.77,2,CS,0,0,3,0.62,2,5.5,960,26,0,0,24.01,Not Placed,0
7.52,0,Civil,0,0,2,4.67,1,2.42,0,0,0,0,12.77,Not Placed,0
6.85,3,ECE,2,6,0,0.0,3,4.72,598,37,0,0,33.1,Not Placed,0
8.79,0,Mechanical,1,3,1,3.81,2,3.11,0,0,88,1680,40.52,Mass Recruiter,1
5.57,1,ECE,1,8,2,0.3,2,4.42,427,35,0,0,28.49,Not Placed,0
7.76,0,EEE,0,0,4,3.6,1,4.0,339,26,71,1374,44.23,Mass Recruiter,1
6.5,3,CS,1,2,4,5.06,5,6.06,450,34,172,1374,42.21,Mass Recruiter,1
6.55,1,Civil,0,0,1,1.64,0,2.63,0,0,0,0,2.32,Not Placed,0
7.86,0,ECE,2,6,1,5.92,3,5.08,729,26,205,1392,47.99,Mass Recruiter,1
8.81,0,Mechanical,0,0,2,2.93,0,2.87,0,0,0,0,6.96,Not Placed,0
5.15,0,Civil,0,0,2,3.05,2,2.8,0,0,97,1256,22.52,Not Placed,0
8.03,0,IT,0,0,4,5.25,6,5.61,0,0,154,1708,42.27,Mass Recruiter,1
7.34,0,ECE,0,0,2,2.48,3,3.6,711,30,178,1441,41.09,Mass Recruiter,1
7.08,0,ECE,0,0,3,2.17,5,5.08,220,31,21,1433,39.86,Mass Recruiter,1
6.17,0,IT,2,10,2,3.06,4,5.35,472,38,0,0,39.49,Mass Recruiter,1
5.7,2,Mechanical,0,0,2,0.38,0,1.96,0,0,0,0,2.27,Not Placed,0
6.12,1,IT,0,0,3,2.18,3,5.89,787,12,153,1229,37.32,Mass Recruiter,1
7.38,0,Mechanical,0,0,0,0.0,0,2.37,0,0,0,0,15.95,Not Placed,0
5.46,1,CS,3,12,2,2.67,2,6.33,468,16,0,0,51.1,Mass Recruiter,1
6.35,0,CS,3,14,3,3.98,3,5.83,566,29,127,1667,55.8,Mid-tier,1
7.54,0,IT,0,0,2,2.25,2,3.53,526,32,0,0,27.3,Not Placed,0
7.61,0,EEE,0,0,3,1.91,4,3.43,613,21,0,0,24.73,Not Placed,0
6.4,0,IT,1,3,2,3.22,2,4.96,523,32,207,1453,40.76,Mass Recruiter,1
6.21,1,IT,0,0,3,1.09,4,6.82,346,31,0,0,22.56,Not Placed,0
6.1,1,Mechanical,0,0,0,0.0,1,3.17,74,4,0,0,10.29,Not Placed,0
7.45,0,Mechanical,0,0,2,2.5,2,3.41,446,33,64,1456,18.14,Not Placed,0
6.94,1,CS,0,0,1,0.3,4,5.11,49,9,82,1599,40.25,Mass Recruiter,1
8.45,0,IT,1,3,3,5.5,5,5.91,560,19,235,1771,59.46,Mid-tier,1
7.62,0,CS,1,3,5,6.92,1,5.1,0,0,0,0,39.6,Mass Recruiter,1
6.76,2,EEE,0,0,2,1.21,3,3.12,336,28,19,1364,24.41,Not Placed,0
5.8,2,IT,0,0,3,1.94,6,4.97,437,37,96,1159,29.77,Not Placed,0
5.82,0,ECE,1,2,2,2.56,3,4.11,329,38,59,1425,31.5,Not Placed,0
8.4,0,ECE,2,3,2,4.88,2,4.74,0,0,0,0,42.95,Mass Recruiter,1
7.67,1,CS,2,6,4,5.94,1,5.62,483,5,384,1866,64.95,Mid-tier,1
7.66,0,CS,1,4,6,4.8,7,7.63,216,25,464,2090,77.46,FAANG,1
8.37,0,Chemical,2,6,3,5.9,3,3.47,104,34,0,0,40.52,Mass Recruiter,1
8.98,0,Mechanical,0,0,1,4.01,0,1.6,29,5,0,0,23.29,Not Placed,0
7.23,0,CS,2,8,4,4.73,6,6.49,0,27,287,1791,72.84,Mid-tier,1
8.14,0,IT,1,4,4,3.54,5,7.95,361,53,174,1468,53.37,Mass Recruiter,1
9.34,0,IT,2,4,5,5.47,4,6.17,703,19,0,0,58.49,Mid-tier,1
7.56,0,IT,2,6,4,4.98,7,7.46,541,23,0,0,58.83,Mid-tier,1
6.9,0,IT,0,0,1,1.73,5,3.76,228,18,216,1648,41.75,Mass Recruiter,1
5.66,2,CS,4,12,3,4.64,2,5.46,191,39,0,0,41.28,Mass Recruiter,1
5.94,1,Mechanical,0,0,5,3.31,1,3.7,0,0,0,0,8.59,Not Placed,0
7.11,0,CS,1,8,1,3.62,3,4.95,172,6,155,1653,47.2,Mass Recruiter,1
8.18,0,ECE,0,0,5,4.31,4,5.79,168,46,220,1918,52.37,Mass Recruiter,1
7.65,0,CS,0,0,4,5.6,3,5.45,580,43,212,1426,42.22,Mass Recruiter,1
8.07,0,Chemical,0,0,2,2.38,3,1.0,0,0,84,1304,18.18,Not Placed,0
8.56,0,Mechanical,0,0,1,3.43,0,3.24,0,0,0,0,14.97,Not Placed,0
7.97,0,ECE,1,4,3,5.16,3,4.23,0,0,273,1824,51.08,Mass Recruiter,1
5.35,1,IT,2,6,4,3.87,2,6.45,605,37,86,1458,47.02,Mass Recruiter,1
9.22,0,Chemical,1,4,1,6.03,1,2.23,0,0,0,0,34.17,Not Placed,0
5.71,2,CS,3,8,3,2.77,5,7.03,463,19,29,1315,50.79,Mass Recruiter,1
7.73,0,Mechanical,1,3,2,4.53,2,2.54,746,33,63,1442,40.62,Mass Recruiter,1
8.28,1,ECE,0,0,4,4.48,3,4.77,484,19,279,1593,38.18,Mass Recruiter,1
6.49,2,CS,1,8,6,3.0,2,6.98,0,0,0,0,28.96,Not Placed,0
7.28,1,Chemical,0,0,2,3.19,3,2.71,500,36,63,1307,29.02,Not Placed,0
8.41,0,ECE,2,8,3,4.48,4,5.22,0,0,180,1371,45.67,Mass Recruiter,1
7.0,0,CS,2,6,3,4.32,6,5.6,631,19,204,1375,55.54,Mid-tier,1
5.96,0,IT,0,0,3,1.49,4,6.29,600,48,220,1467,33.86,Not Placed,0
8.86,0,ECE,2,4,3,4.93,1,4.74,884,25,115,1476,59.69,Mid-tier,1
7.26,1,CS,0,0,3,3.99,1,5.12,258,38,0,0,29.21,Not Placed,0
7.52,0,Civil,0,0,1,3.82,2,2.37,239,10,65,1243,16.43,Not Placed,0
7.25,0,CS,3,10,4,4.58,0,6.27,286,8,227,2040,82.88,FAANG,1
7.13,0,IT,2,3,4,3.84,2,6.68,0,0,86,1622,46.78,Mass Recruiter,1
7.36,0,Chemical,0,0,3,3.28,1,2.55,636,14,109,1470,32.54,Not Placed,0
9.15,0,CS,1,2,6,5.49,3,8.32,282,51,545,1981,72.4,Mid-tier,1
8.42,0,Mechanical,2,10,4,5.55,5,4.11,0,0,0,0,48.75,Mass Recruiter,1
6.86,1,EEE,1,1,5,4.97,0,4.91,0,0,0,0,17.21,Not Placed,0
7.05,2,Civil,0,0,2,1.98,1,1.7,495,31,0,0,20.59,Not Placed,0
6.77,1,ECE,0,0,3,2.07,4,4.61,0,0,0,0,22.68,Not Placed,0
8.97,1,Biotech,3,12,3,5.02,3,4.41,0,0,0,0,47.82,Mass Recruiter,1
7.21,0,EEE,0,0,1,3.11,5,4.29,59,4,115,1415,22.24,Not Placed,0
6.54,0,ECE,0,0,3,2.41,2,4.8,682,32,52,1413,34.44,Not Placed,0
7.85,3,ECE,1,2,1,6.18,6,4.03,732,23,169,1498,47.63,Mass Recruiter,1
6.88,0,Mechanical,0,0,1,3.01,3,2.52,95,1,0,0,7.56,Not Placed,0
7.93,1,EEE,2,10,2,6.53,2,4.61,0,0,161,1549,46.75,Mass Recruiter,1
5.59,1,Chemical,0,0,2,0.52,1,1.68,0,0,0,0,5.0,Not Placed,0
8.09,2,IT,0,0,3,4.62,2,4.65,453,29,258,1176,48.95,Mass Recruiter,1
5.97,2,CS,0,0,6,2.8,3,5.26,366,15,184,1332,39.58,Mass Recruiter,1
6.8,0,IT,0,0,3,3.76,3,4.84,716,34,208,1686,39.21,Mass Recruiter,1
5.72,1,CS,2,4,2,2.6,2,4.8,0,0,167,1443,41.21,Mass Recruiter,1
8.62,0,IT,2,4,3,7.4,7,7.11,393,14,240,1719,60.73,Mid-tier,1
6.33,3,CS,2,3,2,1.87,6,6.1,475,4,315,1539,36.4,Mass Recruiter,1
6.83,3,CS,0,0,3,2.22,6,6.24,605,15,251,1347,41.77,Mass Recruiter,1
6.02,0,EEE,0,0,1,3.13,3,3.49,0,0,151,1308,32.82,Not Placed,0
5.86,3,CS,1,3,5,2.02,2,6.57,708,10,85,1130,43.97,Mass Recruiter,1
6.45,1,Civil,0,0,2,2.83,0,3.5,0,0,0,0,14.16,Not Placed,0
9.32,0,CS,1,3,3,5.51,1,4.87,435,8,0,0,40.41,Mass Recruiter,1
5.49,1,IT,0,0,4,2.82,2,5.13,0,0,76,1314,27.23,Not Placed,0
6.2,0,ECE,1,2,4,2.45,4,5.88,304,20,93,1290,45.72,Mass Recruiter,1
6.8,0,CS,3,10,5,5.62,2,7.07,624,38,0,0,68.45,Mid-tier,1
5.98,2,Chemical,0,0,2,2.34,4,3.51,229,7,29,1122,19.03,Not Placed,0
8.34,0,Mechanical,0,0,1,3.6,1,1.84,270,5,158,1408,31.23,Not Placed,0
6.84,0,Civil,3,10,4,4.42,2,4.49,465,18,0,0,59.58,Mid-tier,1
6.23,0,ECE,0,0,4,0.58,2,5.19,0,0,99,1282,26.05,Not Placed,0
6.57,0,CS,2,6,4,3.62,0,4.67,548,19,178,1577,47.05,Mass Recruiter,1
6.08,2,CS,3,10,3,2.1,2,5.11,527,28,172,1464,62.38,Mid-tier,1
5.74,4,Mechanical,0,0,0,0.0,1,1.41,47,6,0,0,-2.78,Not Placed,0
6.13,4,Civil,0,0,5,2.3,1,3.61,0,0,6,1306,10.33,Not Placed,0
7.92,0,IT,0,0,6,3.24,3,5.77,0,0,1,1681,44.07,Mass Recruiter,1
7.68,0,Mechanical,1,4,2,4.02,1,1.74,637,27,40,1531,42.41,Mass Recruiter,1
6.8,0,ECE,0,0,3,3.58,3,4.06,482,32,217,1602,48.18,Mass Recruiter,1
8.56,0,EEE,0,0,3,5.27,1,3.06,535,33,169,1607,49.9,Mass Recruiter,1
6.21,0,CS,1,4,4,2.29,1,5.47,367,36,202,1788,42.66,Mass Recruiter,1
6.42,1,IT,0,0,5,3.74,2,5.26,555,19,281,1357,44.09,Mass Recruiter,1
6.62,0,Mechanical,4,12,1,4.04,1,3.07,289,24,125,1395,55.45,Mid-tier,1
7.79,1,EEE,0,0,2,2.61,5,5.28,540,6,0,0,28.47,Not Placed,0
6.29,0,ECE,0,0,6,2.43,5,5.59,500,12,109,1394,45.17,Mass Recruiter,1
5.99,2,EEE,0,0,1,0.66,0,2.83,0,0,0,0,5.67,Not Placed,0
6.05,1,Civil,0,0,3,1.68,3,2.74,0,0,0,0,12.43,Not Placed,0
6.93,1,Civil,0,0,4,4.75,1,3.35,0,0,30,1552,16.95,Not Placed,0
8.59,0,Mechanical,1,2,4,6.81,4,3.64,0,0,0,0,34.4,Not Placed,0
6.13,1,CS,2,4,4,4.65,4,7.19,761,38,270,1454,52.02,Mass Recruiter,1
5.82,4,CS,0,0,6,4.09,3,4.94,599,39,180,1627,48.21,Mass Recruiter,1
6.13,0,IT,0,0,1,1.51,1,3.89,0,0,82,1419,24.44,Not Placed,0
7.39,0,ECE,1,3,2,3.37,2,4.23,0,0,300,1470,43.76,Mass Recruiter,1
6.35,0,CS,2,8,3,4.95,3,7.19,618,25,181,1565,59.09,Mid-tier,1
6.56,2,IT,0,0,4,2.59,2,6.74,525,25,38,1486,36.06,Mass Recruiter,1
6.44,2,IT,1,3,2,2.5,2,4.53,0,0,196,1634,29.38,Not Placed,0
8.04,0,Mechanical,1,4,1,3.39,3,3.76,731,37,16,1407,38.82,Mass Recruiter,1
5.27,2,CS,4,10,3,4.14,1,6.67,475,23,241,1367,61.86,Mid-tier,1
6.85,0,CS,2,8,2,4.3,5,5.23,732,4,303,1613,65.7,Mid-tier,1
6.92,2,ECE,0,0,1,3.58,3,4.69,35,0,0,0,16.42,Not Placed,0
6.25,0,Mechanical,0,0,1,0.3,1,1.52,0,0,0,1416,17.68,Not Placed,0
7.6,0,CS,1,4,3,3.23,3,5.51,640,18,20,1800,41.74,Mass Recruiter,1
6.51,2,CS,2,8,2,1.99,4,4.43,603,25,0,0,42.44,Mass Recruiter,1
6.41,0,CS,0,0,3,3.25,3,4.87,494,26,257,1614,51.29,Mass Recruiter,1
6.46,4,CS,0,0,6,4.58,2,5.15,633,21,222,1360,50.15,Mass Recruiter,1
7.1,0,EEE,0,0,4,4.8,3,4.33,71,34,0,0,32.9,Not Placed,0
9.31,0,IT,1,6,3,6.37,5,5.23,728,36,248,1580,54.97,Mass Recruiter,1
7.99,0,ECE,0,0,4,5.71,4,5.43,0,0,0,0,29.47,Not Placed,0
8.88,0,CS,0,0,6,3.95,4,7.43,209,21,429,1685,65.87,Mid-tier,1
6.76,1,EEE,1,4,1,3.38,2,4.78,0,0,164,1748,30.45,Not Placed,0
9.65,0,ECE,1,6,4,5.22,3,3.92,713,57,542,1750,71.82,Mid-tier,1
8.35,0,Civil,2,8,1,4.49,1,4.06,0,0,0,0,34.02,Not Placed,0
6.18,0,CS,3,12,3,3.91,1,4.92,439,28,0,0,47.67,Mass Recruiter,1
7.85,1,Mechanical,0,0,3,1.54,3,2.1,462,17,0,0,18.88,Not Placed,0
6.75,1,CS,0,0,4,3.38,2,5.19,607,18,262,1478,46.98,Mass Recruiter,1
8.21,2,Mechanical,4,8,1,6.5,5,4.08,0,0,0,0,45.67,Mass Recruiter,1
7.53,2,ECE,0,0,3,1.98,3,3.95,0,0,0,0,15.63,Not Placed,0
6.37,3,Biotech,0,0,4,2.39,3,5.32,0,0,61,1428,18.17,Not Placed,0
5.76,2,CS,0,0,3,0.81,2,4.36,295,43,0,0,24.02,Not Placed,0
6.58,0,CS,2,6,2,3.61,3,5.42,350,29,247,1798,49.04,Mass Recruiter,1
6.32,1,CS,1,2,3,0.36,2,5.82,500,41,197,1775,41.42,Mass Recruiter,1
5.55,3,IT,2,4,5,2.77,1,6.08,625,29,89,1504,41.3,Mass Recruiter,1
7.56,1,ECE,2,6,3,4.28,1,5.57,892,49,285,1424,59.2,Mid-tier,1
8.04,0,CS,1,4,4,3.43,2,5.87,109,26,634,1918,47.48,Mass Recruiter,1
6.67,0,IT,1,3,6,3.73,4,5.43,0,0,224,1550,41.43,Mass Recruiter,1
8.33,0,IT,0,0,2,3.61,3,4.4,669,40,320,1592,53.76,Mass Recruiter,1
6.67,0,ECE,0,0,2,1.73,1,2.62,114,8,0,0,14.98,Not Placed,0
5.99,2,EEE,2,10,1,4.32,1,4.18,699,18,0,0,40.92,Mass Recruiter,1
6.67,0,Mechanical,1,8,0,0.0,1,2.74,0,0,0,0,12.04,Not Placed,0
5.63,1,EEE,0,0,2,0.89,2,1.62,0,0,0,0,5.28,Not Placed,0
8.49,0,ECE,1,2,2,3.0,2,3.37,184,39,190,1738,50.95,Mass Recruiter,1
7.55,0,ECE,1,2,1,2.75,2,3.74,0,0,0,0,20.04,Not Placed,0
6.81,0,CS,0,0,4,3.47,2,4.78,545,34,332,1809,42.23,Mass Recruiter,1
6.15,2,IT,2,4,4,3.22,4,5.45,633,30,165,1519,48.59,Mass Recruiter,1
8.57,0,ECE,0,0,2,3.53,3,4.91,0,0,155,1435,32.37,Not Placed,0
7.09,1,CS,0,0,6,3.81,2,6.88,647,12,162,1711,52.44,Mass Recruiter,1
5.43,1,ECE,3,8,4,3.6,5,6.27,610,33,29,1332,50.78,Mass Recruiter,1
6.23,1,Biotech,1,3,1,2.29,2,3.86,0,0,0,0,11.33,Not Placed,0
8.34,0,IT,0,0,4,5.54,5,6.57,0,0,534,2099,60.03,Mid-tier,1
6.77,2,EEE,0,0,2,4.2,2,3.23,272,21,55,1141,25.09,Not Placed,0
8.87,0,IT,1,4,1,3.85,4,4.29,301,31,299,1478,51.59,Mass Recruiter,1
6.38,0,ECE,2,10,3,4.51,2,4.87,430,9,42,1465,43.44,Mass Recruiter,1
7.13,0,IT,0,0,3,2.42,3,5.08,750,18,0,0,26.37,Not Placed,0
7.67,0,Mechanical,1,4,3,3.74,0,1.59,254,21,0,0,28.0,Not Placed,0
7.47,0,CS,1,1,4,4.05,4,5.11,0,0,257,1792,48.19,Mass Recruiter,1
6.26,0,IT,2,4,4,3.53,3,4.91,0,0,96,1487,45.43,Mass Recruiter,1
6.27,1,ECE,3,10,1,4.09,5,5.23,362,20,0,0,35.45,Mass Recruiter,1
5.98,1,Civil,0,0,2,3.45,2,2.19,0,0,0,0,12.21,Not Placed,0
6.69,0,CS,0,0,6,2.39,3,6.84,583,32,74,1745,42.67,Mass Recruiter,1
7.37,3,ECE,1,4,2,2.79,1,4.2,0,0,298,1699,41.01,Mass Recruiter,1
7.26,1,CS,1,4,1,2.72,4,4.18,261,24,245,1556,35.26,Mass Recruiter,1
7.58,1,ECE,0,0,2,1.81,4,4.37,144,12,0,0,19.93,Not Placed,0
5.3,0,EEE,1,2,0,0.0,2,3.25,69,6,155,1264,21.93,Not Placed,0
6.43,0,EEE,0,0,2,3.18,1,2.77,201,9,113,1537,27.39,Not Placed,0
7.97,0,EEE,0,0,3,4.95,7,5.09,460,19,0,0,38.45,Mass Recruiter,1
8.85,0,Civil,0,0,0,0.0,3,2.36,0,0,0,0,7.54,Not Placed,0
7.97,0,Mechanical,0,0,1,1.98,1,2.56,0,0,254,2021,30.93,Not Placed,0
5.17,2,IT,1,3,4,1.68,1,4.87,364,42,0,0,29.21,Not Placed,0
6.93,0,ECE,0,0,2,4.66,1,2.94,136,13,111,1479,26.32,Not Placed,0
6.24,4,CS,0,0,4,3.25,3,4.43,450,19,310,1159,34.97,Not Placed,0
6.85,0,CS,0,0,3,2.62,2,5.29,358,36,152,1688,39.87,Mass Recruiter,1
5.83,3,IT,1,4,1,0.3,1,4.0,343,17,148,1659,27.24,Not Placed,0
7.9,0,IT,0,0,7,3.93,3,6.51,456,17,0,0,39.43,Mass Recruiter,1
6.37,3,CS,1,2,2,1.65,4,5.28,640,17,134,1273,38.31,Mass Recruiter,1
7.12,1,IT,0,0,4,3.67,4,5.95,671,24,349,1518,47.93,Mass Recruiter,1
6.6,0,CS,2,4,4,3.44,4,5.7,421,20,0,0,51.15,Mass Recruiter,1
6.08,0,EEE,1,3,1,3.18,2,4.74,0,0,0,0,23.3,Not Placed,0
5.96,4,CS,0,0,3,2.67,3,4.72,452,46,212,1690,32.38,Not Placed,0
8.29,0,ECE,2,6,4,5.8,6,5.83,532,19,205,1937,63.23,Mid-tier,1
5.99,3,ECE,2,6,1,0.89,3,4.7,685,32,0,0,31.92,Not Placed,0
7.34,0,Mechanical,2,6,2,3.79,1,4.45,0,0,0,0,27.64,Not Placed,0
5.8,1,EEE,1,3,3,2.1,1,3.77,301,33,110,1400,35.49,Mass Recruiter,1
7.41,0,IT,0,0,6,4.05,3,6.47,449,30,130,1726,51.85,Mass Recruiter,1
7.79,0,CS,1,4,3,3.84,1,4.04,610,36,314,1641,52.64,Mass Recruiter,1
7.05,0,ECE,1,3,3,3.14,4,3.58,377,29,96,1086,44.83,Mass Recruiter,1
5.51,3,Mechanical,0,0,1,0.3,2,2.5,0,0,29,1111,-5.68,Not Placed,0
5.9,2,Biotech,0,0,4,1.83,1,1.93,0,0,24,1147,15.05,Not Placed,0
6.31,4,EEE,2,4,0,0.0,3,4.6,0,0,91,1266,23.16,Not Placed,0
7.45,0,Mechanical,0,0,2,1.82,2,2.44,225,13,0,0,21.52,Not Placed,0
9.03,0,CS,0,0,1,4.39,2,4.02,119,15,381,2170,51.69,Mass Recruiter,1
5.89,1,IT,0,0,4,2.05,1,5.41,533,6,304,1611,31.09,Not Placed,0
6.88,2,CS,0,0,2,1.8,1,3.36,199,19,60,1467,23.19,Not Placed,0
7.03,0,ECE,2,4,4,4.45,2,5.78,0,0,158,1454,54.42,Mass Recruiter,1
6.64,1,IT,0,0,3,3.95,1,4.06,318,31,280,1380,37.37,Mass Recruiter,1
5.49,1,IT,2,4,3,2.89,1,4.7,596,24,296,1736,61.53,Mid-tier,1
6.43,0,CS,1,4,3,4.45,0,4.73,598,28,0,0,30.7,Not Placed,0
6.3,1,IT,1,3,2,4.08,3,4.41,684,31,54,1365,35.72,Mass Recruiter,1
6.67,0,IT,2,10,7,7.53,4,6.69,761,26,230,1248,75.1,FAANG,1
8.98,1,CS,1,8,4,5.72,2,5.68,669,39,372,1913,68.84,Mid-tier,1
9.09,0,Biotech,0,0,1,4.36,1,2.52,234,13,0,0,24.48,Not Placed,0
7.08,1,CS,1,3,3,2.71,2,5.22,447,25,128,1660,42.4,Mass Recruiter,1
5.47,1,ECE,1,4,3,3.38,4,4.77,1174,21,131,1306,42.43,Mass Recruiter,1
7.14,2,Mechanical,0,0,3,2.7,1,2.24,580,22,0,0,25.07,Not Placed,0
6.76,1,CS,0,0,3,1.84,2,3.28,584,23,172,1927,40.38,Mass Recruiter,1
9.32,0,Mechanical,2,4,1,4.82,2,3.52,575,32,0,0,44.41,Mass Recruiter,1
7.36,1,Chemical,0,0,2,2.89,2,2.36,140,16,97,1222,27.98,Not Placed,0
7.62,1,ECE,1,3,1,1.46,3,3.17,193,5,0,0,19.38,Not Placed,0
8.05,0,Mechanical,0,0,1,3.35,2,1.99,260,9,0,0,17.59,Not Placed,0
8.68,0,CS,1,4,5,7.51,8,6.59,608,27,391,1744,62.48,Mid-tier,1
8.57,0,IT,2,6,4,6.7,2,7.94,621,30,226,1756,65.77,Mid-tier,1
6.78,1,EEE,1,4,2,3.07,4,4.67,0,0,0,0,31.71,Not Placed,0
6.58,3,CS,1,3,4,3.66,6,7.18,543,22,178,1233,33.21,Not Placed,0
8.86,2,Biotech,1,2,4,4.64,3,3.21,0,0,75,1477,42.25,Mass Recruiter,1
7.48,1,Chemical,1,2,1,4.07,1,2.13,0,0,0,0,27.4,Not Placed,0
6.32,2,Mechanical,0,0,1,0.3,1,1.78,127,16,0,0,12.37,Not Placed,0
7.25,1,Civil,0,0,3,3.69,1,3.23,0,0,179,1440,21.52,Not Placed,0
7.3,1,Mechanical,0,0,2,3.08,1,2.17,589,20,0,0,14.94,Not Placed,0
7.2,0,Mechanical,2,6,1,2.23,2,3.79,0,0,138,1199,39.51,Mass Recruiter,1
6.95,2,Chemical,3,14,0,0.0,3,2.89,0,0,19,1209,49.78,Mass Recruiter,1
7.45,0,IT,1,8,3,6.26,2,5.2,563,58,78,1641,51.63,Mass Recruiter,1
7.45,0,IT,1,4,4,3.46,2,5.2,477,34,0,0,40.76,Mass Recruiter,1
6.82,3,EEE,0,0,2,3.0,3,3.26,188,10,0,0,13.24,Not Placed,0
6.18,0,CS,2,6,4,5.04,2,7.63,822,38,0,0,35.64,Mass Recruiter,1
7.34,0,ECE,1,8,2,2.58,2,4.85,523,22,79,1456,37.85,Mass Recruiter,1
7.52,0,Chemical,0,0,1,2.15,1,1.2,0,0,0,0,9.59,Not Placed,0
5.92,4,CS,0,0,2,1.63,1,5.37,56,17,370,1394,31.31,Not Placed,0
7.3,0,IT,3,14,3,4.31,3,5.61,418,20,127,1297,55.35,Mid-tier,1
5.78,3,CS,2,8,2,0.92,3,6.29,169,40,0,0,25.26,Not Placed,0
5.82,3,IT,1,2,2,1.72,5,4.76,516,29,185,1651,42.64,Mass Recruiter,1
8.79,1,CS,2,4,4,5.54,1,5.37,277,17,247,1338,55.36,Mid-tier,1
6.79,0,CS,3,10,3,4.65,4,7.44,699,29,231,1679,73.2,Mid-tier,1
5.78,1,Civil,0,0,2,1.54,3,3.36,225,8,0,0,13.19,Not Placed,0
8.52,0,Civil,0,0,1,1.87,2,2.01,0,0,137,1470,26.5,Not Placed,0
7.15,0,CS,3,10,3,4.68,2,6.64,462,25,129,1413,51.45,Mass Recruiter,1
8.05,0,IT,1,3,4,6.34,5,7.96,468,22,109,1778,55.46,Mid-tier,1
6.48,2,IT,1,6,4,4.11,1,4.15,330,27,252,1642,47.85,Mass Recruiter,1
6.58,0,EEE,2,8,1,3.29,2,4.25,0,0,0,0,37.59,Mass Recruiter,1
6.96,0,IT,0,0,5,6.18,1,7.11,561,36,187,1538,42.38,Mass Recruiter,1
6.3,3,IT,1,4,3,3.31,1,3.88,408,33,154,1416,32.03,Not Placed,0
6.29,0,EEE,0,0,0,0.0,0,2.88,0,0,33,1379,12.22,Not Placed,0
7.06,1,Mechanical,0,0,4,2.71,2,3.53,395,25,0,0,17.01,Not Placed,0
6.09,1,IT,1,6,6,3.29,2,7.3,472,31,0,0,37.04,Mass Recruiter,1
6.35,1,EEE,1,3,4,3.09,4,4.59,0,0,0,0,30.58,Not Placed,0
9.38,0,IT,2,4,5,7.38,3,6.44,639,26,229,1517,71.49,Mid-tier,1
7.1,0,CS,0,0,2,2.66,3,4.51,383,34,251,1358,38.44,Mass Recruiter,1
7.7,0,CS,3,8,3,4.85,3,7.02,759,27,170,1283,67.82,Mid-tier,1
7.27,0,ECE,1,6,0,0.0,3,4.72,98,17,152,1244,32.16,Not Placed,0
7.4,1,IT,2,8,3,4.65,3,4.74,0,0,111,1474,49.16,Mass Recruiter,1
8.92,1,CS,2,8,4,5.35,5,7.17,755,26,449,1783,80.32,FAANG,1
6.83,1,ECE,0,0,5,3.71,1,4.43,0,0,273,1610,29.72,Not Placed,0
5.7,1,CS,1,6,3,2.78,3,4.64,493,39,345,1407,42.77,Mass Recruiter,1
6.52,1,CS,2,3,1,3.39,3,5.57,426,30,156,1402,48.45,Mass Recruiter,1
7.77,1,IT,1,3,1,3.8,2,4.13,165,4,157,1416,28.31,Not Placed,0
6.5,0,IT,1,3,6,2.98,4,6.89,595,30,0,0,41.16,Mass Recruiter,1
6.44,2,ECE,2,10,2,2.73,3,4.73,0,0,204,1794,44.22,Mass Recruiter,1
5.72,4,IT,2,4,5,2.69,0,6.4,175,44,0,1535,38.99,Mass Recruiter,1
7.51,0,ECE,0,0,3,3.16,1,3.75,630,9,235,1453,38.63,Mass Recruiter,1
8.55,0,Mechanical,0,0,5,5.89,4,2.45,726,23,0,0,46.29,Mass Recruiter,1
7.89,0,IT,1,4,5,5.07,5,5.55,0,0,0,0,30.94,Not Placed,0
5.86,0,ECE,0,0,3,4.32,2,2.97,349,33,79,1358,24.51,Not Placed,0
7.24,0,CS,3,6,5,6.77,1,6.76,657,25,187,1467,67.88,Mid-tier,1
9.05,0,Biotech,1,3,2,5.03,3,2.35,467,45,0,0,36.74,Mass Recruiter,1
7.71,0,IT,0,0,3,2.97,5,5.09,781,50,93,1423,47.22,Mass Recruiter,1
7.87,0,Civil,1,3,0,0.0,5,3.02,199,12,0,0,15.52,Not Placed,0
6.68,0,EEE,0,0,1,1.99,0,2.77,91,6,8,1146,21.51,Not Placed,0
7.55,0,CS,1,8,3,4.74,1,4.95,601,32,0,0,49.91,Mass Recruiter,1
7.41,2,CS,1,2,4,4.24,3,6.99,689,21,222,1494,48.25,Mass Recruiter,1
5.0,2,ECE,0,0,4,1.46,2,4.07,915,17,107,1490,19.07,Not Placed,0
7.36,1,ECE,1,1,3,2.05,7,3.97,856,24,153,909,42.34,Mass Recruiter,1
6.86,1,Mechanical,0,0,4,2.62,4,3.7,657,26,0,0,26.31,Not Placed,0
7.55,1,IT,2,6,2,2.94,6,4.21,764,39,0,0,38.98,Mass Recruiter,1
6.06,0,Civil,3,14,0,0.0,2,3.93,0,0,0,0,37.15,Mass Recruiter,1
9.08,0,Mechanical,2,3,1,4.64,2,3.5,0,0,295,1382,50.88,Mass Recruiter,1
6.82,1,ECE,2,4,3,5.26,5,4.88,0,0,143,1482,49.24,Mass Recruiter,1
8.03,0,Mechanical,0,0,2,3.95,1,2.34,0,0,57,1309,28.21,Not Placed,0
6.38,2,IT,1,2,3,2.11,4,4.98,330,43,208,1597,40.56,Mass Recruiter,1
7.74,0,IT,2,6,2,6.02,3,5.04,231,23,320,1014,57.67,Mid-tier,1
7.42,0,ECE,0,0,4,2.01,4,4.47,571,36,163,1421,40.75,Mass Recruiter,1
6.69,0,Mechanical,0,0,0,0.0,0,1.94,0,0,0,0,15.83,Not Placed,0
5.48,1,IT,0,0,3,1.34,1,4.04,0,0,233,1712,26.06,Not Placed,0
5.42,6,ECE,0,0,3,1.59,0,4.6,522,38,0,0,12.64,Not Placed,0
7.16,0,ECE,1,6,2,2.77,2,5.0,0,0,0,0,31.13,Not Placed,0
7.18,1,Mechanical,2,4,2,3.24,2,4.43,0,0,143,1272,41.42,Mass Recruiter,1
7.42,0,Mechanical,0,0,0,0.0,3,2.2,0,0,0,0,14.58,Not Placed,0
6.93,0,ECE,2,8,1,2.94,2,5.0,0,0,0,0,30.95,Not Placed,0
8.14,0,Biotech,1,3,0,0.0,3,2.31,0,0,0,0,20.94,Not Placed,0
6.98,0,Biotech,0,0,0,0.0,1,1.0,0,0,30,1207,10.41,Not Placed,0
7.96,0,Mechanical,2,3,3,6.81,2,4.65,338,31,0,0,48.8,Mass Recruiter,1
7.66,2,IT,3,14,3,4.5,3,6.09,369,10,185,1271,61.01,Mid-tier,1
7.84,0,CS,0,0,1,4.18,1,2.84,57,4,558,2064,38.95,Mass Recruiter,1
7.53,0,CS,0,0,0,0.0,1,4.68,21,9,259,1307,19.2,Not Placed,0
6.82,2,CS,2,6,4,4.2,0,4.45,792,27,0,0,42.02,Mass Recruiter,1
5.52,3,CS,0,0,5,0.92,3,5.29,633,32,36,1483,33.93,Not Placed,0
6.27,3,IT,1,3,6,5.01,2,6.86,474,4,58,1428,40.42,Mass Recruiter,1
6.88,0,CS,1,4,3,2.9,2,5.75,656,14,100,1796,52.47,Mass Recruiter,1
7.78,0,Mechanical,0,0,1,2.8,1,3.1,0,0,0,0,30.78,Not Placed,0
8.76,0,CS,2,8,0,0.0,0,5.29,346,1,0,0,37.72,Mass Recruiter,1
6.85,0,Civil,0,0,2,3.13,0,1.61,0,0,15,1141,28.81,Not Placed,0
8.75,0,Mechanical,0,0,1,1.16,0,1.68,209,13,122,1173,24.09,Not Placed,0
7.94,0,Biotech,0,0,2,2.5,6,3.49,0,0,0,0,14.27,Not Placed,0
8.19,0,IT,1,4,3,4.23,5,6.34,0,0,210,1539,51.08,Mass Recruiter,1
6.29,0,CS,0,0,6,2.45,1,5.17,421,32,0,0,29.83,Not Placed,0
6.92,0,ECE,0,0,3,1.58,4,4.19,384,35,148,1647,38.62,Mass Recruiter,1
6.76,0,Biotech,0,0,1,1.38,0,2.41,0,0,0,0,11.82,Not Placed,0
5.91,4,IT,0,0,4,2.51,3,4.3,730,20,72,1524,29.3,Not Placed,0
8.55,0,ECE,1,6,3,5.73,5,5.13,0,0,89,1320,37.94,Mass Recruiter,1
7.14,0,CS,0,0,4,2.99,6,6.45,578,32,366,2093,43.16,Mass Recruiter,1
7.76,1,EEE,4,8,3,5.66,3,5.58,625,31,11,1604,59.38,Mid-tier,1
7.16,1,IT,1,3,4,4.76,6,5.95,454,30,286,1535,44.29,Mass Recruiter,1
6.7,1,CS,1,2,1,2.29,4,5.41,825,31,188,1454,42.75,Mass Recruiter,1
5.78,2,Mechanical,1,4,0,0.0,2,2.15,59,8,20,1090,11.65,Not Placed,0
6.05,1,EEE,0,0,0,0.0,1,1.81,30,0,0,0,11.35,Not Placed,0
7.11,0,Biotech,0,0,0,0.0,1,1.0,0,0,128,1400,20.65,Not Placed,0
6.04,2,CS,0,0,3,3.71,0,3.88,432,34,154,1343,30.44,Not Placed,0
9.28,0,Chemical,0,0,1,3.28,1,3.03,0,0,102,1158,27.94,Not Placed,0
6.68,2,ECE,2,4,3,4.81,5,5.09,0,0,104,1479,41.06,Mass Recruiter,1
7.66,1,EEE,0,0,3,3.31,5,3.93,0,0,190,1409,25.39,Not Placed,0
6.21,0,ECE,0,0,2,1.23,3,4.64,0,0,176,1636,29.27,Not Placed,0
5.97,3,ECE,0,0,2,3.06,1,3.47,212,13,0,0,7.8,Not Placed,0
7.8,0,Civil,0,0,1,4.52,3,3.32,0,0,0,0,18.56,Not Placed,0
8.65,0,ECE,0,0,4,5.89,5,6.2,0,0,0,0,28.8,Not Placed,0
6.41,2,CS,1,4,3,2.38,5,5.68,31,27,196,1931,48.08,Mass Recruiter,1
6.88,2,EEE,0,0,1,1.59,5,3.7,34,6,0,0,4.42,Not Placed,0
6.14,1,IT,1,3,5,3.72,5,7.51,560,28,218,1647,50.3,Mass Recruiter,1
7.62,0,Mechanical,0,0,1,3.24,4,2.26,0,0,0,0,10.6,Not Placed,0
8.18,0,IT,2,8,4,4.97,5,5.52,704,24,336,1528,58.63,Mid-tier,1
9.26,0,ECE,2,10,4,8.04,4,5.86,311,32,0,0,65.5,Mid-tier,1
6.97,1,ECE,0,0,5,1.72,5,5.39,0,0,0,0,20.47,Not Placed,0
6.66,0,Civil,0,0,1,2.58,1,2.17,0,0,0,0,15.86,Not Placed,0
6.88,4,IT,2,3,1,4.55,6,5.58,607,18,277,1685,47.31,Mass Recruiter,1
6.17,0,CS,1,3,4,3.37,3,6.22,463,7,292,1202,44.96,Mass Recruiter,1
7.14,0,CS,0,0,3,2.49,4,4.63,455,1,59,1869,44.23,Mass Recruiter,1
5.86,2,IT,0,0,2,1.43,2,4.41,161,13,196,1595,30.46,Not Placed,0
6.54,0,IT,0,0,3,2.54,3,5.58,907,46,0,0,23.28,Not Placed,0
6.53,1,ECE,0,0,4,3.45,3,5.37,323,22,17,1094,38.64,Mass Recruiter,1
5.33,2,Chemical,0,0,3,1.48,0,2.08,0,0,0,0,6.01,Not Placed,0
6.09,0,IT,0,0,3,2.09,4,4.12,473,28,69,1365,32.13,Not Placed,0
5.29,3,CS,0,0,5,1.33,4,6.04,0,0,217,1204,33.08,Not Placed,0
6.24,3,Mechanical,0,0,1,0.34,2,2.38,226,7,92,1328,16.16,Not Placed,0
7.44,0,CS,1,3,3,2.54,0,5.59,476,26,0,0,41.13,Mass Recruiter,1
6.84,1,Biotech,1,6,3,2.9,1,2.2,0,0,0,0,30.26,Not Placed,0
5.86,1,CS,0,0,3,0.68,4,6.63,465,28,181,1301,22.65,Not Placed,0
6.25,0,Mechanical,1,6,2,2.31,5,3.15,547,29,31,1331,33.2,Not Placed,0
5.7,2,Civil,0,0,0,0.0,2,1.8,33,1,0,0,-5.6,Not Placed,0
6.77,1,ECE,1,4,4,2.57,5,4.59,0,0,279,1898,39.71,Mass Recruiter,1
8.8,0,CS,2,3,4,4.48,1,7.15,451,33,499,1822,65.12,Mid-tier,1
8.94,0,CS,2,6,4,6.85,2,6.05,155,20,331,1675,67.95,Mid-tier,1
8.65,0,ECE,3,14,3,3.77,2,5.15,806,20,211,1763,71.24,Mid-tier,1
7.36,0,IT,1,3,3,3.55,6,5.72,553,24,0,0,47.36,Mass Recruiter,1
7.71,0,ECE,1,4,1,3.9,3,3.74,432,25,0,0,40.88,Mass Recruiter,1
8.83,0,Mechanical,0,0,2,5.16,4,4.02,0,0,192,1421,32.32,Not Placed,0
6.88,2,Civil,0,0,2,2.13,1,3.25,648,27,0,0,17.24,Not Placed,0
6.23,1,ECE,0,0,2,3.84,0,3.07,278,6,165,1228,29.01,Not Placed,0
7.27,2,ECE,0,0,1,2.59,3,3.06,241,11,0,0,22.4,Not Placed,0
5.51,1,ECE,0,0,4,2.66,1,4.85,271,26,95,1210,32.8,Not Placed,0
6.94,1,Mechanical,0,0,1,2.52,3,3.04,0,0,0,0,17.42,Not Placed,0
7.12,2,Biotech,0,0,1,2.41,2,1.33,316,14,0,0,18.49,Not Placed,0
7.08,0,IT,1,3,4,4.23,2,5.47,586,18,69,1408,43.41,Mass Recruiter,1
6.02,0,IT,2,6,3,3.33,1,5.35,528,32,165,1269,51.69,Mass Recruiter,1
5.9,4,ECE,1,2,2,2.4,0,4.0,560,43,54,1577,27.88,Not Placed,0
8.66,1,Civil,0,0,2,5.31,7,4.19,715,35,0,0,29.63,Not Placed,0
9.38,0,IT,0,0,4,7.47,3,5.27,472,16,575,1482,64.84,Mid-tier,1
5.58,3,ECE,1,8,3,1.92,1,5.29,770,23,41,1354,37.25,Mass Recruiter,1
5.8,3,CS,2,6,4,1.98,2,5.21,752,43,132,1752,47.87,Mass Recruiter,1
7.11,1,ECE,0,0,2,2.76,3,4.8,41,11,0,0,20.78,Not Placed,0
7.1,3,IT,0,0,4,5.37,1,6.1,0,0,274,1786,27.62,Not Placed,0
6.74,2,Mechanical,0,0,2,4.67,1,1.55,226,11,93,1447,30.51,Not Placed,0
6.92,2,Mechanical,3,10,5,3.83,1,5.05,0,0,0,0,54.41,Mass Recruiter,1
5.88,0,IT,1,2,3,3.01,4,5.08,0,0,131,1288,33.69,Not Placed,0
8.56,0,ECE,1,4,5,4.67,4,5.34,298,18,0,0,39.55,Mass Recruiter,1
6.38,0,CS,0,0,3,1.86,1,5.69,411,15,0,0,22.53,Not Placed,0
7.65,1,IT,1,3,6,5.25,4,8.34,617,29,149,1543,54.59,Mass Recruiter,1
6.18,1,CS,0,0,3,1.75,1,4.13,672,24,301,1661,44.06,Mass Recruiter,1
6.32,0,CS,1,6,4,2.07,3,4.29,518,24,0,0,41.34,Mass Recruiter,1
6.72,0,ECE,0,0,2,2.6,3,3.92,360,47,70,1560,28.54,Not Placed,0
6.59,0,Civil,0,0,1,0.47,3,3.04,190,15,0,0,10.71,Not Placed,0
6.95,4,CS,3,8,4,2.54,1,4.47,387,41,231,1775,48.49,Mass Recruiter,1
7.13,0,Mechanical,0,0,1,2.32,1,1.86,132,5,132,1381,34.83,Not Placed,0
6.78,0,EEE,0,0,2,2.91,3,2.69,197,12,65,1655,32.63,Not Placed,0
6.29,0,CS,1,3,3,3.01,7,6.42,592,27,202,1481,46.32,Mass Recruiter,1
6.08,1,Civil,2,4,0,0.0,2,3.71,0,0,0,1315,24.67,Not Placed,0
8.21,0,ECE,3,6,3,5.5,4,4.63,696,38,203,1962,61.98,Mid-tier,1
7.12,0,ECE,0,0,2,2.17,2,4.73,525,21,138,1180,26.03,Not Placed,0
7.31,1,IT,2,8,3,4.28,5,6.24,310,31,136,1426,50.03,Mass Recruiter,1
6.95,0,CS,1,3,5,3.08,4,5.76,338,25,93,1703,52.96,Mass Recruiter,1
9.03,0,CS,2,6,4,5.44,2,6.45,346,40,217,1997,67.04,Mid-tier,1
5.6,1,EEE,1,2,1,1.75,2,3.24,0,0,0,0,12.17,Not Placed,0
6.47,0,Mechanical,0,0,1,0.3,1,2.73,0,0,0,0,7.09,Not Placed,0
6.67,0,CS,1,3,4,3.56,2,5.31,638,22,216,1565,50.06,Mass Recruiter,1
6.97,2,CS,3,8,4,7.09,5,7.21,602,27,128,1576,67.3,Mid-tier,1
9.07,0,ECE,1,4,3,5.71,3,5.36,0,0,244,1598,46.15,Mass Recruiter,1
7.04,0,Mechanical,0,0,2,2.57,1,2.9,166,0,128,1254,14.49,Not Placed,0
8.03,0,IT,1,4,4,3.22,1,5.25,430,20,0,0,46.48,Mass Recruiter,1
7.68,0,ECE,2,6,2,5.03,4,4.54,0,0,201,1198,52.21,Mass Recruiter,1
7.9,1,Biotech,1,3,1,2.08,1,2.89,0,0,0,0,29.02,Not Placed,0
7.88,2,Mechanical,0,0,0,0.0,3,2.34,31,2,0,0,15.55,Not Placed,0
5.94,1,Mechanical,0,0,0,0.0,2,2.17,0,0,0,0,6.91,Not Placed,0
7.87,0,CS,0,0,1,3.95,1,4.09,183,18,392,1443,42.54,Mass Recruiter,1
7.67,1,IT,0,0,4,2.94,1,5.41,432,26,439,1299,52.38,Mass Recruiter,1
8.57,1,IT,1,4,2,4.27,3,4.41,527,24,219,1539,54.63,Mass Recruiter,1
8.02,0,IT,0,0,4,4.21,4,4.57,836,38,167,1468,45.35,Mass Recruiter,1
6.67,2,Mechanical,2,8,4,3.35,3,4.08,392,30,108,1356,55.82,Mid-tier,1
6.82,1,EEE,0,0,1,3.09,2,3.09,0,0,0,0,15.76,Not Placed,0
7.93,0,Mechanical,0,0,4,3.9,2,3.08,0,0,0,0,26.91,Not Placed,0
7.12,0,CS,2,4,1,6.29,3,3.29,646,19,118,1471,62.08,Mid-tier,1
6.16,0,IT,1,2,4,1.43,4,6.23,502,41,275,1813,53.86,Mass Recruiter,1
5.82,4,Mechanical,0,0,3,1.99,2,3.95,640,24,0,0,21.29,Not Placed,0
7.34,0,Mechanical,1,4,0,0.0,0,2.41,0,0,62,1574,36.05,Mass Recruiter,1
6.69,0,CS,1,3,5,2.5,2,6.31,0,0,169,1435,32.7,Not Placed,0
7.32,0,ECE,0,0,3,3.05,3,3.77,651,18,92,1354,39.51,Mass Recruiter,1
7.54,1,CS,4,18,6,4.15,2,7.92,359,37,423,1951,84.99,FAANG,1
7.65,0,ECE,0,0,6,5.23,3,4.62,325,12,235,1673,44.8,Mass Recruiter,1
7.96,0,IT,0,0,1,5.0,1,4.53,81,1,240,1637,27.24,Not Placed,0
5.84,4,Mechanical,0,0,1,0.53,1,2.3,52,3,0,0,2.53,Not Placed,0
7.95,0,CS,0,0,2,2.34,6,4.88,198,8,0,0,30.38,Not Placed,0
7.62,0,IT,4,6,4,6.48,3,6.41,678,30,146,1601,70.11,Mid-tier,1
5.71,3,IT,0,0,5,2.23,1,5.67,568,11,0,0,20.36,Not Placed,0
7.9,2,EEE,0,0,6,4.39,2,4.66,632,39,70,1350,37.27,Mass Recruiter,1
6.17,0,EEE,0,0,2,1.5,0,2.37,198,6,0,0,21.85,Not Placed,0
6.61,1,CS,0,0,4,3.46,3,5.43,526,17,343,1674,45.44,Mass Recruiter,1
8.25,0,ECE,1,4,1,3.96,0,4.2,520,16,0,0,43.57,Mass Recruiter,1
6.3,1,IT,0,0,3,2.27,1,4.12,486,30,0,0,20.28,Not Placed,0
6.21,0,ECE,0,0,3,2.45,0,4.09,0,0,0,0,22.67,Not Placed,0
6.08,2,ECE,2,8,0,0.0,6,4.89,48,17,174,1637,44.07,Mass Recruiter,1
7.86,0,Mechanical,0,0,1,1.35,0,2.09,157,6,80,1848,23.1,Not Placed,0
6.3,0,IT,0,0,5,3.46,1,5.29,760,31,166,1669,44.63,Mass Recruiter,1
6.24,0,Mechanical,2,6,2,2.3,2,2.9,0,0,0,0,38.66,Mass Recruiter,1
7.83,0,Civil,0,0,2,3.25,2,2.66,0,0,146,1430,17.46,Not Placed,0
9.11,0,CS,2,4,3,5.68,3,5.57,408,28,298,1784,59.69,Mid-tier,1
8.86,0,IT,0,0,2,5.08,1,4.29,0,10,0,0,28.3,Not Placed,0
6.92,1,ECE,0,0,2,3.42,2,5.3,0,0,0,0,27.82,Not Placed,0
7.02,2,ECE,1,2,3,1.6,2,4.34,648,23,187,1699,49.38,Mass Recruiter,1
7.18,0,ECE,0,0,1,2.5,2,2.96,0,0,140,1584,25.64,Not Placed,0
6.24,1,CS,1,6,4,2.26,0,4.89,751,6,200,1781,40.39,Mass Recruiter,1
6.77,1,Biotech,0,0,3,3.55,0,1.15,887,19,0,0,14.38,Not Placed,0
7.1,0,ECE,0,0,4,3.01,3,4.01,458,37,0,0,34.88,Not Placed,0
7.46,0,Civil,0,0,1,2.09,4,1.5,0,0,145,1435,18.92,Not Placed,0
7.16,0,Chemical,0,0,1,2.48,0,2.25,0,0,0,0,21.52,Not Placed,0
6.46,0,CS,0,0,2,2.84,2,4.59,232,5,295,1773,37.9,Mass Recruiter,1
7.21,0,IT,1,3,3,5.29,0,4.45,498,35,190,1579,54.59,Mass Recruiter,1
6.78,0,IT,0,0,1,1.85,4,4.83,252,19,183,1589,26.41,Not Placed,0
6.02,1,CS,1,4,4,3.28,0,6.37,443,20,0,0,39.04,Mass Recruiter,1
6.69,1,ECE,1,3,2,0.49,5,3.77,371,37,0,0,27.0,Not Placed,0
6.9,1,IT,0,0,3,2.79,6,5.35,0,0,131,1532,35.35,Mass Recruiter,1
6.24,2,ECE,1,2,3,3.46,2,4.7,0,0,77,1451,36.22,Mass Recruiter,1
5.0,2,EEE,1,2,0,0.0,1,3.2,99,4,0,0,5.82,Not Placed,0
6.64,0,CS,1,2,4,3.47,3,6.19,358,39,194,1274,47.39,Mass Recruiter,1
7.56,1,CS,0,0,1,2.75,5,5.13,192,17,178,1503,28.51,Not Placed,0
5.83,2,CS,0,0,3,1.92,5,5.48,635,30,134,1440,26.31,Not Placed,0
8.56,0,IT,1,3,2,5.14,3,6.29,576,35,23,1551,54.48,Mass Recruiter,1
6.8,1,ECE,3,8,2,3.44,4,4.6,817,31,173,1688,55.14,Mid-tier,1
5.62,3,Mechanical,0,0,2,0.99,1,3.7,179,5,3,1056,16.79,Not Placed,0
7.61,1,CS,0,0,5,5.86,3,6.37,0,0,218,1615,28.69,Not Placed,0
6.16,0,ECE,0,0,5,2.56,2,4.86,0,0,0,0,29.7,Not Placed,0
8.64,2,Biotech,2,8,5,5.23,1,3.0,711,33,0,0,40.22,Mass Recruiter,1
7.16,1,CS,0,0,2,3.0,4,3.32,454,37,339,1463,40.87,Mass Recruiter,1
6.74,0,Biotech,0,0,6,5.66,2,4.38,782,20,0,0,34.46,Not Placed,0
6.63,0,IT,1,1,3,2.25,2,4.8,823,39,236,1539,41.48,Mass Recruiter,1
5.63,2,CS,1,8,5,3.43,1,5.62,157,22,242,1737,50.18,Mass Recruiter,1
6.73,0,IT,0,0,4,3.74,4,6.07,0,0,168,1684,37.68,Mass Recruiter,1
6.55,2,EEE,0,0,1,1.62,3,3.09,95,8,0,0,6.55,Not Placed,0
7.52,0,ECE,0,0,1,3.07,1,2.14,104,0,23,1499,30.02,Not Placed,0
7.64,0,CS,2,6,3,4.48,4,5.19,396,14,127,1669,65.05,Mid-tier,1
6.03,0,Civil,0,0,3,3.22,1,3.06,0,0,0,1280,19.31,Not Placed,0
7.36,0,CS,1,2,1,2.61,2,4.37,216,39,250,1607,42.83,Mass Recruiter,1
8.71,0,CS,1,6,3,4.11,4,5.82,481,35,313,1651,55.47,Mid-tier,1
5.29,5,CS,0,0,3,2.88,6,5.11,757,24,0,0,18.73,Not Placed,0
8.45,0,IT,2,4,1,4.86,2,5.3,456,20,0,0,42.06,Mass Recruiter,1
8.35,0,CS,0,0,2,3.36,5,4.91,287,7,223,1294,51.02,Mass Recruiter,1
6.36,0,Mechanical,3,6,1,3.64,2,4.46,414,31,0,0,36.86,Mass Recruiter,1
5.51,2,CS,1,3,3,1.13,1,4.59,407,28,143,1568,25.29,Not Placed,0
7.39,0,ECE,0,0,3,2.19,2,3.48,0,0,0,0,12.2,Not Placed,0
7.23,0,IT,0,0,2,3.29,6,4.75,137,15,230,1506,47.07,Mass Recruiter,1
9.52,0,Chemical,3,10,3,6.43,1,4.88,462,20,0,0,52.09,Mass Recruiter,1
6.65,1,CS,2,8,5,3.81,3,6.78,528,40,0,0,37.61,Mass Recruiter,1
6.45,0,Mechanical,0,0,3,3.04,2,3.2,790,19,156,1524,29.45,Not Placed,0
7.21,1,ECE,1,6,3,4.08,4,5.73,199,37,0,0,27.65,Not Placed,0
6.73,3,ECE,0,0,4,2.69,1,4.5,0,0,0,0,14.95,Not Placed,0
6.41,2,ECE,0,0,2,2.69,3,4.75,597,20,0,0,14.13,Not Placed,0
7.18,1,Civil,1,3,2,3.57,2,2.8,586,19,11,1276,32.99,Not Placed,0
6.56,1,CS,0,0,5,3.85,6,6.43,519,23,0,0,42.79,Mass Recruiter,1
6.79,0,CS,0,0,3,1.97,5,4.81,0,0,128,1469,23.04,Not Placed,0
8.51,0,EEE,0,0,2,3.05,3,2.42,716,10,144,1775,37.21,Mass Recruiter,1
8.36,0,EEE,0,0,2,3.35,3,2.56,392,30,0,0,32.84,Not Placed,0
6.86,0,CS,1,1,5,4.32,1,6.77,430,8,221,1219,47.43,Mass Recruiter,1
7.26,0,Chemical,0,0,1,0.3,3,2.17,229,12,0,0,12.51,Not Placed,0
6.1,0,IT,1,3,4,4.15,2,5.15,243,49,273,1586,48.14,Mass Recruiter,1
5.96,2,ECE,1,3,4,2.79,2,4.51,632,31,143,1610,42.89,Mass Recruiter,1
6.3,0,IT,1,1,0,0.0,2,3.55,124,0,0,0,10.9,Not Placed,0
6.82,3,IT,0,0,4,4.07,1,4.28,457,42,229,1450,32.73,Not Placed,0
8.75,0,ECE,0,0,4,4.84,5,5.83,426,25,170,1721,49.82,Mass Recruiter,1
8.07,0,Mechanical,1,4,6,5.61,4,5.33,0,0,126,1365,44.59,Mass Recruiter,1
6.77,3,CS,0,0,2,1.86,4,4.82,590,32,266,1608,47.75,Mass Recruiter,1
7.02,0,CS,0,0,3,3.28,2,3.95,623,36,174,1432,35.42,Mass Recruiter,1
7.67,0,ECE,0,0,2,2.27,0,4.21,668,47,0,0,27.19,Not Placed,0
7.62,0,CS,2,8,1,2.59,4,6.69,126,22,0,0,41.77,Mass Recruiter,1
7.31,2,IT,0,0,5,3.32,3,5.31,0,0,0,0,18.32,Not Placed,0
5.76,1,Mechanical,0,0,0,0.0,1,2.32,0,0,0,0,12.0,Not Placed,0
6.51,0,CS,0,0,3,1.82,3,4.43,511,0,151,1863,27.67,Not Placed,0
8.71,0,Civil,2,3,1,3.58,2,3.03,0,0,0,0,29.7,Not Placed,0
5.46,2,CS,2,8,2,1.79,3,5.19,0,0,0,0,29.51,Not Placed,0
5.95,5,Mechanical,0,0,2,0.54,1,1.45,47,20,0,0,-3.13,Not Placed,0
8.31,0,CS,3,14,4,6.91,3,7.89,751,22,0,0,70.59,Mid-tier,1
6.21,1,Civil,2,10,4,3.89,2,4.23,0,0,0,0,34.74,Not Placed,0
6.13,0,Biotech,0,0,1,2.23,2,1.65,0,0,0,0,15.72,Not Placed,0
7.04,0,CS,1,6,4,3.22,2,5.6,598,13,188,1671,50.19,Mass Recruiter,1
6.93,1,Mechanical,0,0,3,4.02,3,2.65,0,0,0,0,15.69,Not Placed,0
7.63,0,ECE,0,0,0,0.0,4,3.44,0,0,0,0,9.41,Not Placed,0
6.29,1,IT,3,12,1,1.74,0,4.55,677,14,153,1304,46.46,Mass Recruiter,1
7.59,2,CS,2,10,2,3.02,0,4.55,607,26,168,1614,47.02,Mass Recruiter,1
8.41,0,ECE,1,6,2,5.32,1,3.43,462,34,0,0,32.31,Not Placed,0
7.27,1,IT,0,0,0,0.0,5,4.09,0,1,0,0,13.99,Not Placed,0
7.36,1,ECE,1,4,3,2.67,0,4.34,505,17,206,1791,41.48,Mass Recruiter,1
5.67,2,Civil,0,0,2,0.3,0,4.06,117,17,0,0,2.46,Not Placed,0
7.94,0,CS,3,14,5,6.69,8,8.4,494,30,751,1577,84.14,FAANG,1
9.09,0,IT,1,3,6,7.02,2,6.47,647,30,525,1748,64.49,Mid-tier,1
7.08,1,EEE,0,0,3,3.0,0,2.98,314,50,0,0,25.81,Not Placed,0
7.97,0,ECE,1,3,4,3.5,3,5.08,389,28,349,1204,59.27,Mid-tier,1
6.19,2,EEE,0,0,0,0.0,4,3.86,48,7,62,1102,7.57,Not Placed,0
8.52,0,EEE,1,3,0,0.0,2,2.82,0,0,0,0,26.99,Not Placed,0
6.63,2,ECE,0,0,2,2.53,4,4.01,632,34,62,1102,36.33,Mass Recruiter,1
5.88,0,CS,0,0,2,2.63,2,3.73,163,8,322,1234,31.75,Not Placed,0
8.3,0,ECE,1,2,5,6.66,2,4.41,440,26,0,0,46.9,Mass Recruiter,1
7.72,0,Chemical,0,0,5,3.69,0,2.61,687,28,92,1240,42.53,Mass Recruiter,1
6.33,0,ECE,2,4,2,2.0,3,5.28,0,0,53,1375,36.04,Mass Recruiter,1
6.74,2,IT,2,3,4,5.13,2,5.92,732,41,120,1337,56.08,Mid-tier,1
6.27,2,Chemical,1,3,4,4.98,0,2.55,350,29,0,0,28.97,Not Placed,0
6.12,0,Mechanical,3,12,4,4.32,1,4.74,469,28,0,0,68.7,Mid-tier,1
7.14,1,Mechanical,1,2,1,2.2,0,2.53,0,0,61,1344,24.98,Not Placed,0
5.87,5,CS,1,2,2,0.7,3,5.29,753,31,0,0,21.02,Not Placed,0
8.03,0,ECE,0,0,1,6.5,1,2.31,285,13,0,0,21.55,Not Placed,0
6.94,3,IT,2,6,4,4.15,7,8.3,668,22,0,0,52.71,Mass Recruiter,1
6.15,3,CS,1,3,3,1.72,4,4.65,150,33,183,1505,35.54,Mass Recruiter,1
6.01,0,EEE,1,2,2,1.95,4,3.43,684,30,72,1430,45.99,Mass Recruiter,1
6.98,2,Civil,0,0,1,2.87,2,2.22,0,0,142,1468,16.06,Not Placed,0
6.2,2,EEE,1,3,3,4.42,2,4.54,0,0,0,0,17.75,Not Placed,0
8.5,0,IT,0,0,1,3.41,5,4.7,162,15,195,1792,41.09,Mass Recruiter,1
6.56,0,ECE,3,10,2,2.47,1,6.25,0,0,116,1680,49.51,Mass Recruiter,1
6.16,2,Civil,0,0,2,0.65,0,2.23,206,7,0,0,8.7,Not Placed,0
7.42,0,ECE,2,10,2,4.9,6,5.0,477,39,153,1371,49.01,Mass Recruiter,1
7.62,1,Civil,0,0,1,4.66,2,1.33,0,0,0,0,11.97,Not Placed,0
6.33,1,Biotech,0,0,1,2.78,2,1.0,0,0,41,1088,11.12,Not Placed,0
9.4,0,CS,1,3,5,5.33,6,6.76,469,23,0,0,48.13,Mass Recruiter,1
7.14,0,Biotech,0,0,1,2.28,1,2.46,0,0,110,1579,26.2,Not Placed,0
7.95,0,Chemical,0,0,4,6.86,0,3.45,0,0,0,0,20.72,Not Placed,0
6.02,0,EEE,0,0,0,0.0,0,3.17,21,1,116,1320,9.63,Not Placed,0
7.03,0,Biotech,0,0,2,3.07,1,2.67,0,0,0,0,11.74,Not Placed,0
7.28,0,Civil,0,0,4,1.29,4,4.33,462,36,103,1423,34.92,Not Placed,0
6.68,2,IT,1,3,6,2.64,2,6.2,449,42,132,1545,46.63,Mass Recruiter,1
5.39,1,IT,1,8,4,2.1,0,6.55,602,48,144,1227,37.88,Mass Recruiter,1
6.65,2,EEE,0,0,0,0.0,2,3.66,8,1,167,1495,20.03,Not Placed,0
6.77,1,Civil,1,4,1,2.69,1,3.18,0,0,0,0,24.36,Not Placed,0
8.75,0,Chemical,0,0,0,0.0,1,1.12,83,5,99,1432,20.28,Not Placed,0
8.69,0,IT,2,3,3,4.67,3,5.11,679,16,0,0,49.49,Mass Recruiter,1
5.52,3,CS,1,4,7,3.4,2,6.27,723,29,192,1799,43.26,Mass Recruiter,1
6.25,0,IT,0,0,2,1.18,2,5.01,286,17,0,0,13.65,Not Placed,0
7.32,3,IT,2,6,4,5.69,5,6.82,671,14,159,1686,62.7,Mid-tier,1
6.68,1,IT,1,4,3,3.36,1,5.3,0,0,166,1657,33.51,Not Placed,0
7.38,2,EEE,0,0,1,2.23,1,2.15,214,9,0,0,21.68,Not Placed,0
5.64,5,IT,3,8,5,4.65,2,6.9,926,33,0,0,47.15,Mass Recruiter,1
7.83,0,IT,3,6,5,5.45,2,5.84,580,21,78,1674,73.38,Mid-tier,1
7.17,1,CS,0,0,3,4.37,8,4.7,595,42,126,1240,45.55,Mass Recruiter,1
7.09,0,ECE,0,0,3,3.14,0,5.44,682,32,0,0,30.59,Not Placed,0
7.0,0,Mechanical,0,0,2,2.9,2,3.24,72,10,0,0,14.6,Not Placed,0
8.88,0,Mechanical,1,3,1,3.86,1,3.37,292,9,170,1387,34.41,Not Placed,0
6.56,1,ECE,0,0,3,1.79,4,4.53,491,19,24,1422,41.45,Mass Recruiter,1
8.6,0,Mechanical,0,0,2,3.51,2,3.44,269,7,182,1736,36.28,Mass Recruiter,1
7.8,1,CS,0,0,4,4.7,2,6.35,465,43,0,0,32.86,Not Placed,0
6.98,1,ECE,1,3,4,3.89,2,4.57,260,32,0,0,37.36,Mass Recruiter,1
6.03,4,CS,0,0,2,2.16,1,4.58,0,0,108,1347,6.7,Not Placed,0
7.47,0,IT,0,0,3,3.63,6,6.25,0,0,224,1722,45.1,Mass Recruiter,1
7.37,0,Chemical,0,0,2,1.49,3,2.01,0,0,36,1516,16.54,Not Placed,0
7.22,0,CS,0,0,2,2.43,7,5.15,170,14,262,1254,28.07,Not Placed,0
6.88,0,CS,2,4,4,2.64,3,6.26,237,24,276,1493,61.96,Mid-tier,1
5.61,6,CS,1,3,7,3.98,1,5.56,104,31,216,1708,33.01,Not Placed,0
5.77,1,CS,0,0,2,1.89,1,4.12,139,1,247,1446,21.19,Not Placed,0
7.47,0,Biotech,1,6,5,2.83,5,4.72,324,35,131,1492,44.84,Mass Recruiter,1
7.48,0,Civil,0,0,0,0.0,2,2.71,7,1,0,0,17.29,Not Placed,0
7.14,0,IT,0,0,5,3.91,2,6.06,785,28,147,1490,46.45,Mass Recruiter,1
8.06,0,CS,1,3,5,5.45,6,7.14,498,35,357,1573,57.97,Mid-tier,1
6.11,2,Civil,2,10,1,1.58,2,3.78,694,20,84,1358,41.12,Mass Recruiter,1
7.3,0,CS,1,4,4,2.41,5,7.17,659,44,257,1602,58.15,Mid-tier,1
7.25,0,CS,2,8,3,4.41,4,5.91,355,26,300,1733,65.32,Mid-tier,1
6.02,0,Chemical,0,0,2,1.31,2,2.99,0,0,0,0,12.91,Not Placed,0
8.12,1,IT,1,3,3,3.86,4,5.11,414,27,126,1799,42.8,Mass Recruiter,1
7.17,0,IT,0,0,5,4.0,4,6.58,367,24,143,1690,50.13,Mass Recruiter,1
6.48,0,ECE,1,3,2,2.48,0,2.68,510,23,52,1331,42.08,Mass Recruiter,1
7.95,0,Biotech,1,6,1,2.94,1,2.4,0,0,0,0,31.52,Not Placed,0
6.09,4,EEE,1,3,0,0.0,1,3.44,64,6,0,0,11.22,Not Placed,0
6.0,2,Chemical,0,0,1,1.44,2,2.24,0,0,0,0,12.02,Not Placed,0
8.88,0,IT,4,12,3,6.54,3,5.64,616,22,357,2101,84.42,FAANG,1
8.25,0,CS,0,0,3,1.51,4,5.48,268,42,0,0,36.25,Mass Recruiter,1
6.34,0,Mechanical,0,0,2,1.84,4,2.12,0,0,53,1491,21.67,Not Placed,0
7.28,0,ECE,0,0,3,3.78,3,4.91,0,0,0,0,31.78,Not Placed,0
8.52,0,ECE,0,0,3,2.38,6,4.16,0,0,125,1543,33.71,Not Placed,0
6.42,0,CS,1,8,3,1.45,2,5.56,717,30,152,1620,45.39,Mass Recruiter,1
9.09,0,ECE,2,6,5,6.82,3,6.05,514,20,463,1793,82.79,FAANG,1
5.86,2,IT,0,0,4,2.07,3,6.08,0,0,259,1399,27.41,Not Placed,0
7.87,1,Civil,2,6,1,3.47,3,4.01,597,26,0,0,41.82,Mass Recruiter,1
7.38,0,Civil,0,0,0,0.0,2,2.44,0,0,0,0,9.59,Not Placed,0
5.61,1,Mechanical,1,2,0,0.0,0,3.08,0,0,70,1209,14.19,Not Placed,0
8.15,0,CS,0,0,5,3.39,1,6.34,829,36,222,1581,46.45,Mass Recruiter,1
5.9,0,Civil,3,14,4,4.17,1,4.55,207,17,44,1130,48.47,Mass Recruiter,1
6.63,1,ECE,1,3,2,4.23,2,4.16,0,0,0,0,19.07,Not Placed,0
8.88,0,CS,4,8,3,6.98,5,6.58,424,38,434,1644,65.55,Mid-tier,1
7.8,0,Chemical,1,4,2,3.26,1,3.07,0,0,81,1261,28.86,Not Placed,0
5.98,1,ECE,0,0,5,2.32,1,4.03,0,0,0,0,11.39,Not Placed,0
6.91,0,CS,1,3,4,5.69,1,4.75,328,28,131,1573,44.86,Mass Recruiter,1
6.41,2,IT,1,3,4,3.56,3,5.29,0,0,357,1429,39.42,Mass Recruiter,1
8.52,0,IT,0,0,1,3.18,1,5.31,46,15,377,1420,41.33,Mass Recruiter,1
8.28,0,CS,4,6,3,7.08,3,7.1,515,40,192,1479,74.13,FAANG,1
6.58,0,CS,0,0,3,4.28,3,4.26,0,0,376,1434,43.05,Mass Recruiter,1
6.34,1,CS,0,0,4,1.81,3,5.45,666,38,225,1791,46.87,Mass Recruiter,1
7.02,0,CS,0,0,3,2.97,3,5.05,0,0,216,1634,35.11,Mass Recruiter,1
8.28,0,Civil,1,8,2,4.72,4,2.59,0,0,159,1441,41.13,Mass Recruiter,1
5.6,3,Mechanical,1,4,3,2.8,1,3.43,0,0,40,1128,26.92,Not Placed,0
6.92,2,CS,1,3,4,4.55,5,6.09,617,16,191,1316,60.54,Mid-tier,1
6.12,0,CS,3,6,5,5.21,3,8.21,509,24,0,0,55.78,Mid-tier,1
8.55,0,CS,3,12,4,6.04,6,7.53,652,34,330,1526,95.76,FAANG,1
6.08,2,ECE,0,0,4,0.95,3,4.45,0,0,0,0,19.52,Not Placed,0
5.59,3,CS,2,3,6,2.46,2,6.43,426,38,0,0,26.76,Not Placed,0
6.48,2,EEE,0,0,2,2.66,0,3.96,524,41,74,1449,20.17,Not Placed,0
6.27,0,CS,1,3,2,2.71,2,5.72,733,17,187,1541,44.91,Mass Recruiter,1
8.68,0,CS,0,0,2,4.71,7,5.8,193,48,540,1708,55.43,Mid-tier,1
6.55,0,ECE,0,0,2,2.99,1,3.47,240,15,39,1389,25.19,Not Placed,0
6.12,1,Chemical,0,0,1,2.5,3,2.34,0,0,0,0,5.99,Not Placed,0
6.83,2,CS,0,0,3,2.73,5,5.71,378,33,156,1466,37.03,Mass Recruiter,1
7.81,0,EEE,1,3,3,4.18,1,4.78,0,0,0,0,25.09,Not Placed,0
8.32,0,IT,1,4,5,4.88,1,5.34,771,36,301,1519,58.27,Mid-tier,1
6.08,0,CS,2,4,3,4.71,0,5.32,0,0,0,0,24.77,Not Placed,0
6.02,0,Chemical,0,0,0,0.0,3,1.66,0,2,0,0,6.29,Not Placed,0
6.88,2,Chemical,0,0,1,1.17,0,1.94,0,0,0,0,-3.28,Not Placed,0
7.57,0,ECE,2,6,5,6.02,1,5.47,430,25,268,1533,60.12,Mid-tier,1
6.54,1,EEE,2,6,3,3.36,2,5.1,0,0,0,0,26.06,Not Placed,0
6.5,2,Biotech,0,0,2,1.37,2,1.68,159,0,0,0,9.7,Not Placed,0
7.66,1,CS,0,0,1,3.58,4,4.92,89,8,236,1589,37.4,Mass Recruiter,1
6.31,1,Civil,0,0,0,0.0,1,2.01,0,0,0,0,9.47,Not Placed,0
7.13,0,CS,1,6,4,4.07,2,4.98,287,39,102,1488,53.88,Mass Recruiter,1
9.01,0,CS,1,4,3,5.49,4,5.77,441,42,218,980,49.57,Mass Recruiter,1
6.75,2,IT,3,8,5,5.62,5,6.6,0,0,0,0,56.83,Mid-tier,1
7.04,0,CS,1,1,4,2.4,5,5.5,660,9,0,0,28.05,Not Placed,0
7.76,0,EEE,0,0,0,0.0,2,3.59,0,2,129,1303,18.65,Not Placed,0
8.18,0,CS,0,0,3,3.44,3,4.52,577,45,536,1597,44.38,Mass Recruiter,1
9.44,0,IT,0,0,3,4.34,3,6.27,309,34,342,2167,60.0,Mid-tier,1
7.81,0,ECE,3,8,1,2.51,0,3.97,462,13,122,1531,61.6,Mid-tier,1
5.75,2,CS,0,0,6,3.98,1,4.95,1075,25,193,1801,36.36,Mass Recruiter,1
5.92,6,CS,1,2,5,3.18,4,5.55,932,32,0,0,30.99,Not Placed,0
7.18,0,ECE,0,0,2,1.89,4,5.57,94,18,170,1404,34.68,Not Placed,0
7.18,0,Mechanical,0,0,2,3.94,2,1.94,0,0,32,1118,19.7,Not Placed,0
7.63,0,Mechanical,2,3,1,4.12,1,3.34,0,0,0,0,20.94,Not Placed,0
6.74,4,IT,2,6,2,3.49,7,7.01,559,15,280,1732,56.8,Mid-tier,1
5.87,2,IT,1,3,2,1.91,3,5.58,0,0,192,1281,29.28,Not Placed,0
6.2,1,EEE,3,14,3,3.81,2,3.89,608,34,0,0,52.91,Mass Recruiter,1
7.73,0,Mechanical,0,0,4,3.38,2,3.98,530,24,35,1398,42.7,Mass Recruiter,1
6.9,0,CS,2,4,1,3.3,3,5.63,521,34,0,0,49.74,Mass Recruiter,1
6.6,1,IT,3,10,5,5.23,4,7.19,572,45,0,0,65.96,Mid-tier,1
5.61,1,ECE,0,0,2,1.73,1,4.57,0,0,0,0,20.81,Not Placed,0
7.24,1,CS,3,8,5,4.25,5,7.94,0,0,165,1537,56.79,Mid-tier,1
7.7,0,EEE,0,0,2,4.35,4,4.17,611,14,0,0,30.28,Not Placed,0
7.36,0,Mechanical,0,0,6,4.98,3,3.9,754,41,129,1263,37.24,Mass Recruiter,1
7.45,0,ECE,0,0,0,0.0,3,2.99,0,0,219,1385,18.8,Not Placed,0
6.86,0,CS,1,6,1,4.03,7,5.65,335,49,228,1528,47.21,Mass Recruiter,1
5.45,1,CS,0,0,3,0.87,1,5.93,215,27,430,1255,33.56,Not Placed,0
8.17,0,IT,1,6,4,2.51,0,6.17,475,29,163,1680,57.59,Mid-tier,1
8.84,0,Biotech,2,3,0,0.0,2,1.92,0,0,26,1406,32.17,Not Placed,0
7.68,0,EEE,0,0,2,2.31,5,4.41,222,22,170,1665,38.4,Mass Recruiter,1
7.25,0,CS,0,0,2,2.43,1,4.58,165,8,127,1705,34.31,Not Placed,0
6.39,1,ECE,0,0,4,2.77,2,4.08,502,35,0,0,17.78,Not Placed,0
6.72,1,Mechanical,0,0,1,1.68,1,1.41,0,0,0,0,18.05,Not Placed,0
5.64,0,CS,1,3,1,0.5,0,4.94,209,7,0,0,18.13,Not Placed,0
5.48,0,ECE,4,10,3,5.38,2,5.79,680,26,86,1460,52.42,Mass Recruiter,1
7.14,0,Civil,1,3,3,3.57,2,3.35,917,22,0,0,32.85,Not Placed,0
7.61,3,Mechanical,0,0,5,4.97,2,3.88,0,0,67,1354,29.4,Not Placed,0
5.79,2,CS,2,8,6,2.34,2,7.06,474,30,113,1301,53.26,Mass Recruiter,1
8.44,0,Chemical,0,0,4,3.27,2,4.04,525,31,0,0,38.25,Mass Recruiter,1
7.89,1,IT,0,0,3,3.47,2,4.98,412,18,314,1295,29.15,Not Placed,0
5.32,2,CS,1,1,5,4.03,8,7.25,584,11,0,0,40.91,Mass Recruiter,1
8.09,0,IT,2,8,4,5.0,1,5.14,0,0,0,0,42.12,Mass Recruiter,1
6.13,0,Mechanical,3,12,3,3.89,2,4.87,0,0,0,0,41.76,Mass Recruiter,1
5.77,2,ECE,1,2,0,0.0,4,4.65,0,0,134,1347,24.34,Not Placed,0
6.46,3,IT,1,4,6,2.71,2,6.65,753,23,192,1441,49.69,Mass Recruiter,1
5.72,0,CS,0,0,2,2.72,1,4.82,237,4,100,1471,21.5,Not Placed,0
7.03,0,Mechanical,1,2,0,0.0,1,1.91,0,0,59,1323,16.51,Not Placed,0
6.97,0,CS,1,4,4,2.17,0,5.57,639,30,229,1475,43.72,Mass Recruiter,1
8.22,0,ECE,0,0,4,2.26,3,4.38,687,18,152,1729,38.96,Mass Recruiter,1
6.78,0,CS,2,4,4,6.52,1,6.03,469,17,292,1835,60.51,Mid-tier,1
6.7,2,IT,1,3,4,4.47,2,5.79,597,42,0,0,23.81,Not Placed,0
9.19,0,EEE,0,0,1,4.81,4,2.75,54,9,0,0,19.61,Not Placed,0
5.75,3,CS,0,0,3,0.99,1,5.41,488,12,246,1686,43.92,Mass Recruiter,1
7.38,0,ECE,2,8,4,5.68,4,6.75,574,40,0,0,50.33,Mass Recruiter,1
6.61,2,ECE,0,0,1,0.31,2,3.06,0,0,0,0,10.74,Not Placed,0
6.95,2,Chemical,1,2,2,3.57,2,2.95,0,0,0,0,19.76,Not Placed,0
6.06,2,Mechanical,0,0,2,2.26,1,2.05,135,13,7,1286,15.82,Not Placed,0
5.9,3,IT,3,14,2,2.79,1,4.2,387,36,130,1446,39.67,Mass Recruiter,1
6.88,1,CS,2,8,2,4.01,5,5.02,504,25,148,1376,44.31,Mass Recruiter,1
8.81,0,IT,1,4,6,6.95,3,6.03,854,22,0,0,48.91,Mass Recruiter,1
8.01,0,IT,1,3,5,6.2,3,5.98,104,35,452,2146,66.96,Mid-tier,1
7.3,0,IT,1,3,2,2.92,6,5.72,441,37,0,1868,30.54,Not Placed,0
7.35,0,IT,0,0,2,2.97,4,4.93,0,0,222,1560,35.26,Mass Recruiter,1
7.11,0,CS,1,3,4,3.45,0,4.96,370,29,376,1726,59.73,Mid-tier,1
7.04,3,Mechanical,0,0,0,0.0,3,1.38,8,0,0,0,0.35,Not Placed,0
5.91,3,CS,1,1,4,2.51,2,5.87,716,30,234,1718,40.86,Mass Recruiter,1
6.32,3,Mechanical,1,2,1,2.18,2,1.62,0,0,100,1518,18.43,Not Placed,0
6.13,0,CS,0,0,3,3.48,3,4.25,381,23,258,1518,42.61,Mass Recruiter,1
6.93,2,Mechanical,0,0,2,3.76,1,1.97,0,0,0,0,14.03,Not Placed,0
6.38,0,ECE,0,0,5,2.89,7,5.03,0,0,30,1613,22.43,Not Placed,0
6.62,3,Mechanical,2,8,0,0.0,1,3.64,538,29,98,1356,30.66,Not Placed,0
6.28,0,IT,0,0,2,0.86,1,4.97,230,7,0,0,24.09,Not Placed,0
5.85,2,Civil,0,0,1,2.15,1,1.0,147,7,0,0,4.48,Not Placed,0
6.93,1,ECE,0,0,4,5.46,2,5.66,0,0,43,1359,26.27,Not Placed,0
6.06,2,IT,0,0,4,2.53,5,5.45,629,31,282,1671,33.04,Not Placed,0
7.02,3,ECE,1,3,2,1.19,0,3.05,0,0,172,1465,20.26,Not Placed,0
6.73,0,IT,1,4,3,2.66,3,5.3,542,31,0,0,38.19,Mass Recruiter,1
7.69,0,CS,0,0,3,2.9,0,3.87,1024,41,348,1324,45.6,Mass Recruiter,1
7.08,3,ECE,1,3,2,2.91,4,3.74,0,0,0,0,33.86,Not Placed,0
6.98,1,IT,1,4,3,3.56,2,5.7,745,21,253,1474,51.9,Mass Recruiter,1
7.09,1,CS,1,4,2,2.9,2,5.42,470,44,762,2229,54.27,Mass Recruiter,1
6.19,0,CS,0,0,2,2.51,2,4.62,85,12,0,0,19.49,Not Placed,0
7.8,3,Chemical,1,2,1,3.17,4,2.62,0,0,123,1233,21.11,Not Placed,0
9.24,0,IT,0,0,4,3.94,2,5.57,0,0,336,1667,39.78,Mass Recruiter,1
6.79,1,Mechanical,0,0,1,2.96,1,3.53,51,8,0,0,13.89,Not Placed,0
8.08,0,IT,0,0,2,2.08,1,3.19,275,3,92,1471,27.68,Not Placed,0
7.15,0,EEE,1,6,2,3.8,1,4.01,0,0,0,0,30.11,Not Placed,0
7.15,0,CS,1,3,4,5.56,6,6.83,573,25,243,1398,48.33,Mass Recruiter,1
6.0,0,ECE,2,6,3,1.94,1,4.89,788,27,0,0,38.32,Mass Recruiter,1
5.78,2,Mechanical,2,6,0,0.0,1,2.05,445,30,0,0,18.54,Not Placed,0
5.44,2,CS,0,0,3,2.41,1,5.42,439,30,0,0,15.92,Not Placed,0
6.33,3,CS,0,0,2,1.06,2,4.13,219,9,148,1694,27.95,Not Placed,0
7.42,0,CS,0,0,4,3.96,8,6.85,452,21,134,1582,41.23,Mass Recruiter,1
6.31,1,ECE,1,3,2,2.87,0,4.29,815,30,31,1148,34.75,Not Placed,0
5.52,2,CS,4,10,3,2.72,5,7.34,428,40,287,1944,59.24,Mid-tier,1
7.46,0,EEE,4,6,1,2.06,1,4.71,434,36,0,0,45.69,Mass Recruiter,1
7.44,1,ECE,1,2,3,3.1,2,4.59,609,16,140,1906,31.28,Not Placed,0
7.36,0,Mechanical,0,0,3,3.27,0,3.71,875,38,0,0,17.3,Not Placed,0
5.8,6,CS,1,3,3,2.55,5,5.16,268,17,141,1527,25.46,Not Placed,0
7.24,1,CS,1,6,1,3.07,2,5.11,780,32,292,1452,49.18,Mass Recruiter,1
7.49,0,Mechanical,1,6,1,3.15,3,1.92,0,0,47,1505,44.31,Mass Recruiter,1
6.73,1,EEE,0,0,3,2.16,4,3.41,666,37,0,0,25.26,Not Placed,0
5.68,1,IT,1,2,1,1.87,4,5.49,297,17,353,1397,42.78,Mass Recruiter,1
5.38,3,Biotech,0,0,3,1.16,1,2.17,0,0,0,0,8.44,Not Placed,0
6.76,1,Mechanical,0,0,3,2.83,2,2.45,0,0,0,0,12.23,Not Placed,0
8.8,0,CS,1,4,4,6.02,3,6.65,763,33,598,1737,76.71,FAANG,1
6.76,0,IT,1,4,4,4.09,4,5.96,742,25,0,0,41.44,Mass Recruiter,1
6.55,0,ECE,0,0,3,1.02,4,4.72,789,15,114,1381,37.85,Mass Recruiter,1
9.5,0,CS,1,3,1,4.1,5,5.39,622,48,539,1870,65.72,Mid-tier,1
8.56,0,Chemical,0,0,0,0.0,0,1.0,0,0,155,1405,27.54,Not Placed,0
6.51,1,Chemical,0,0,0,0.0,2,1.0,0,0,0,0,0.75,Not Placed,0
6.28,0,IT,1,3,4,2.86,1,4.07,837,3,177,1480,46.64,Mass Recruiter,1
6.37,2,IT,0,0,3,3.64,3,5.34,658,26,197,1566,33.89,Not Placed,0
7.69,0,ECE,2,8,4,5.62,1,4.57,395,20,0,0,44.75,Mass Recruiter,1
5.62,1,CS,0,0,3,0.3,2,4.59,79,38,277,1407,27.39,Not Placed,0
6.26,0,IT,1,4,4,2.45,4,6.05,636,20,186,1520,55.06,Mid-tier,1
5.77,2,CS,2,3,3,5.27,2,5.76,762,27,198,1543,52.32,Mass Recruiter,1
7.46,0,CS,4,10,3,6.66,2,4.7,326,35,350,1717,68.57,Mid-tier,1
6.84,0,Mechanical,1,3,0,0.0,0,1.71,0,0,0,0,14.28,Not Placed,0
6.37,0,CS,2,3,4,3.22,3,6.28,632,9,275,1208,57.32,Mid-tier,1
7.41,0,IT,0,0,5,4.04,1,3.97,0,0,330,1298,41.53,Mass Recruiter,1
6.7,2,ECE,4,12,3,5.57,1,4.46,25,29,0,0,41.9,Mass Recruiter,1
7.27,2,ECE,1,8,1,2.27,2,4.9,0,0,241,1535,40.61,Mass Recruiter,1
5.0,3,CS,4,12,2,2.19,2,5.68,578,40,90,1327,50.09,Mass Recruiter,1
9.54,0,IT,1,3,3,6.39,8,5.07,237,27,614,2047,78.35,FAANG,1
5.05,2,Mechanical,0,0,0,0.0,0,1.28,0,0,60,1320,6.47,Not Placed,0
7.74,2,EEE,2,10,6,3.64,1,5.88,0,0,0,0,42.39,Mass Recruiter,1
8.99,0,ECE,1,3,1,3.61,3,3.7,557,21,0,0,39.81,Mass Recruiter,1
7.74,2,Mechanical,2,4,2,3.21,6,4.98,0,0,81,1115,38.08,Mass Recruiter,1
6.95,1,ECE,0,0,4,2.32,1,3.58,353,35,0,0,20.63,Not Placed,0
8.14,0,EEE,0,0,1,2.9,1,1.93,231,19,0,0,14.22,Not Placed,0
8.61,0,Mechanical,0,0,4,4.07,3,4.14,0,0,0,0,29.25,Not Placed,0
8.54,0,Mechanical,3,10,0,0.0,3,4.59,673,31,148,1381,50.65,Mass Recruiter,1
7.39,0,IT,1,8,7,4.39,3,6.06,0,0,225,1804,54.16,Mass Recruiter,1
8.0,0,Civil,3,8,2,4.12,2,3.54,732,42,84,1310,57.76,Mid-tier,1
5.71,4,ECE,0,0,1,0.64,2,3.63,0,0,96,1409,10.45,Not Placed,0
5.97,1,IT,1,3,2,1.28,3,5.05,63,49,0,0,26.32,Not Placed,0
8.6,1,CS,1,8,3,5.19,2,5.78,158,18,505,2105,48.61,Mass Recruiter,1
6.03,0,EEE,0,0,1,0.87,1,3.72,0,0,168,1499,20.35,Not Placed,0
6.77,3,Mechanical,2,4,0,0.0,2,2.51,0,0,0,0,12.64,Not Placed,0
5.92,3,EEE,0,0,1,1.5,3,2.83,0,0,25,1369,18.58,Not Placed,0
7.62,0,Biotech,0,0,1,3.08,2,2.25,0,0,0,0,5.28,Not Placed,0
6.35,0,ECE,0,0,3,3.0,1,3.82,0,0,0,0,30.91,Not Placed,0
5.99,4,Mechanical,0,0,1,0.85,1,1.77,193,11,0,0,4.8,Not Placed,0
6.58,0,ECE,0,0,2,0.99,0,1.82,245,9,83,1126,23.62,Not Placed,0
7.87,0,ECE,1,2,2,4.37,3,4.91,0,0,0,0,32.27,Not Placed,0
7.03,0,Mechanical,0,0,2,1.22,0,2.94,290,37,89,1604,28.15,Not Placed,0
5.64,4,ECE,0,0,3,1.96,1,3.68,593,26,0,0,0.43,Not Placed,0
7.46,2,ECE,0,0,4,2.08,3,4.46,515,28,262,1390,37.74,Mass Recruiter,1
7.49,1,Civil,0,0,4,3.68,4,4.34,415,41,0,0,37.48,Mass Recruiter,1
5.99,2,EEE,1,2,3,2.47,2,4.43,374,38,73,1200,37.11,Mass Recruiter,1
7.72,0,EEE,2,4,3,4.35,3,5.15,495,35,52,1421,54.07,Mass Recruiter,1
8.68,0,IT,2,3,3,6.9,3,5.23,0,0,466,1908,66.78,Mid-tier,1
5.25,5,Civil,0,0,2,1.32,2,2.06,134,16,124,1555,6.44,Not Placed,0
5.0,0,CS,1,4,5,2.59,3,6.48,411,36,330,1536,57.08,Mid-tier,1
7.49,0,EEE,0,0,0,0.0,1,2.54,0,0,0,0,-4.76,Not Placed,0
6.1,0,CS,2,4,3,4.06,1,5.7,834,25,197,1687,52.85,Mass Recruiter,1
8.89,1,CS,0,0,5,3.03,2,6.75,0,0,360,1983,50.85,Mass Recruiter,1
5.75,3,CS,1,1,2,0.3,4,5.83,395,35,0,0,23.6,Not Placed,0
6.78,1,Civil,1,2,4,5.71,0,4.1,0,0,0,0,27.28,Not Placed,0
7.08,0,ECE,2,4,2,3.33,2,4.31,732,43,0,0,39.88,Mass Recruiter,1
8.68,0,EEE,0,0,2,4.68,5,3.34,386,35,158,1551,41.6,Mass Recruiter,1
7.37,1,ECE,1,2,1,3.69,4,4.21,593,19,0,0,30.86,Not Placed,0
6.35,2,CS,1,4,2,3.34,0,5.49,586,30,232,1429,47.93,Mass Recruiter,1
7.31,1,ECE,0,0,3,3.59,1,4.9,453,25,0,0,32.39,Not Placed,0
6.77,0,CS,1,3,6,6.93,1,7.38,278,43,0,0,49.7,Mass Recruiter,1
6.94,0,CS,0,0,3,3.4,2,4.91,440,45,117,1163,33.34,Not Placed,0
7.52,1,Mechanical,3,14,1,4.16,1,3.22,0,0,0,0,44.44,Mass Recruiter,1
5.89,3,CS,0,0,4,3.29,4,6.27,820,17,125,1596,38.32,Mass Recruiter,1
8.81,0,ECE,1,4,5,5.17,1,5.13,594,24,103,1309,45.72,Mass Recruiter,1
8.38,0,IT,2,6,1,4.62,1,3.81,492,25,476,1860,67.17,Mid-tier,1
6.01,0,ECE,0,0,2,0.3,3,4.02,257,20,136,1141,33.53,Not Placed,0
7.57,0,ECE,2,4,2,2.34,2,4.62,445,43,154,1404,43.2,Mass Recruiter,1
6.5,1,CS,0,0,2,2.22,2,4.76,0,0,59,1508,25.58,Not Placed,0
6.26,3,EEE,0,0,1,0.3,0,2.0,10,4,0,0,6.42,Not Placed,0
8.89,1,ECE,1,2,2,3.22,2,3.1,670,29,131,1743,54.88,Mass Recruiter,1
6.63,2,CS,0,0,3,3.64,3,5.2,513,29,280,1526,38.56,Mass Recruiter,1
6.47,1,CS,1,3,3,3.83,2,5.77,605,28,39,1923,42.44,Mass Recruiter,1
6.54,1,CS,0,0,3,4.0,2,4.98,549,17,0,0,32.05,Not Placed,0
5.23,4,IT,0,0,4,1.24,3,4.85,464,14,304,1733,24.64,Not Placed,0
7.81,0,Mechanical,1,4,4,4.9,3,4.66,0,0,20,1594,41.23,Mass Recruiter,1
7.28,0,IT,4,8,5,7.42,3,7.54,366,23,101,1549,61.65,Mid-tier,1
6.61,0,ECE,2,4,3,4.15,3,4.38,537,19,0,0,37.48,Mass Recruiter,1
6.83,1,IT,3,12,3,3.58,1,3.64,482,27,375,1556,75.82,FAANG,1
7.77,0,CS,1,3,3,5.82,4,6.25,661,41,555,2016,74.27,FAANG,1
7.25,2,CS,0,0,6,4.28,2,5.34,343,25,0,0,29.3,Not Placed,0
8.55,0,Civil,0,0,1,5.17,1,1.54,0,0,0,0,22.3,Not Placed,0
7.44,3,CS,2,3,5,5.21,4,7.37,284,13,472,1964,64.68,Mid-tier,1
7.55,0,Mechanical,1,2,2,2.08,0,3.3,0,0,0,0,29.84,Not Placed,0
8.66,0,IT,2,4,3,3.95,4,4.52,0,0,310,2016,54.5,Mass Recruiter,1
6.65,0,IT,2,10,4,5.46,6,6.12,598,18,76,1549,56.34,Mid-tier,1
6.34,1,CS,1,2,0,0.0,1,3.34,156,6,0,0,21.77,Not Placed,0
5.0,3,CS,1,6,2,0.54,2,5.24,305,32,175,1288,32.29,Not Placed,0
6.22,2,ECE,0,0,5,2.99,4,4.76,290,34,270,1570,41.77,Mass Recruiter,1
7.71,0,ECE,0,0,4,4.91,1,6.09,0,0,0,0,19.32,Not Placed,0
6.37,2,Civil,0,0,1,2.49,2,1.05,99,1,0,0,8.29,Not Placed,0
6.11,1,ECE,0,0,0,0.0,3,2.34,0,0,325,1406,14.18,Not Placed,0
9.75,0,Chemical,0,0,2,5.39,4,2.48,237,1,71,1153,32.5,Not Placed,0
8.38,0,IT,2,4,4,5.37,4,5.27,0,0,348,1845,58.31,Mid-tier,1
6.04,2,ECE,1,4,3,0.85,5,4.97,509,22,108,1376,37.52,Mass Recruiter,1
5.33,2,IT,1,3,2,1.53,2,4.54,849,43,0,0,25.49,Not Placed,0
5.75,5,IT,0,0,2,2.56,3,5.12,0,0,174,1455,19.55,Not Placed,0
7.71,3,EEE,0,0,2,2.7,3,2.95,0,0,240,1685,18.77,Not Placed,0
8.05,0,ECE,1,4,5,6.08,5,5.83,0,0,228,1228,47.25,Mass Recruiter,1
6.71,1,CS,2,6,5,2.83,2,7.19,618,24,71,1401,59.72,Mid-tier,1
6.74,2,Chemical,1,2,2,4.25,4,2.81,0,0,0,0,19.95,Not Placed,0
5.94,3,CS,1,3,1,1.26,3,5.0,148,0,0,0,18.74,Not Placed,0
8.34,2,ECE,1,3,2,6.75,3,4.11,0,0,0,0,29.46,Not Placed,0
9.26,0,Mechanical,0,0,3,3.78,3,3.27,853,30,223,1520,52.2,Mass Recruiter,1
8.61,1,CS,1,2,2,4.22,2,5.02,722,32,499,1784,61.16,Mid-tier,1
8.85,0,ECE,0,0,2,5.16,4,4.36,513,19,249,1600,50.8,Mass Recruiter,1
7.32,0,CS,2,3,2,3.51,4,5.58,469,41,57,1739,61.84,Mid-tier,1
6.97,3,ECE,0,0,1,2.14,2,3.87,78,0,0,0,6.17,Not Placed,0
7.04,1,IT,1,3,1,3.27,2,4.87,580,21,304,1644,42.39,Mass Recruiter,1
8.54,1,CS,1,3,3,4.44,2,5.26,687,23,117,1552,46.34,Mass Recruiter,1
7.62,0,Mechanical,0,0,3,3.4,3,2.96,156,34,0,0,22.68,Not Placed,0
6.66,1,CS,2,4,2,3.15,5,6.91,83,37,213,1450,50.29,Mass Recruiter,1
6.05,0,IT,0,0,4,2.5,4,5.11,496,27,258,1707,43.53,Mass Recruiter,1
6.35,2,ECE,2,6,4,5.95,1,5.59,627,20,0,0,54.53,Mass Recruiter,1
7.13,0,Chemical,4,10,1,3.95,0,3.83,349,30,0,0,39.14,Mass Recruiter,1
7.17,0,Mechanical,1,3,1,4.29,2,1.97,0,0,78,1278,35.28,Mass Recruiter,1
7.46,0,CS,2,8,3,6.46,4,6.12,261,30,0,0,52.51,Mass Recruiter,1
7.09,0,EEE,1,1,0,0.0,3,3.28,0,0,260,1341,30.08,Not Placed,0
8.03,0,CS,2,6,4,4.9,2,6.25,375,27,448,2271,70.75,Mid-tier,1
5.35,1,CS,2,6,2,1.09,3,6.39,629,22,246,1525,47.11,Mass Recruiter,1
7.02,2,Mechanical,0,0,0,0.0,1,2.92,13,2,23,1434,8.64,Not Placed,0
8.66,1,CS,1,2,4,4.03,2,5.7,693,44,454,1854,71.61,Mid-tier,1
8.07,0,EEE,0,0,3,3.66,2,4.0,342,31,0,0,36.11,Mass Recruiter,1
6.53,4,CS,2,8,3,3.26,4,7.17,450,17,235,1773,53.26,Mass Recruiter,1
8.72,0,IT,2,3,2,4.42,2,4.1,592,41,0,0,46.03,Mass Recruiter,1
6.54,2,Civil,0,0,3,3.57,4,2.92,0,0,0,0,14.93,Not Placed,0
8.5,0,ECE,0,0,1,2.39,4,4.13,45,4,171,1531,31.59,Not Placed,0
7.48,1,IT,3,8,6,7.99,2,8.01,146,18,187,1786,69.84,Mid-tier,1
8.56,0,EEE,2,4,1,4.91,3,4.03,920,28,0,0,38.93,Mass Recruiter,1
6.46,0,IT,0,0,4,2.09,1,4.76,0,0,0,0,22.91,Not Placed,0
8.08,0,Chemical,0,0,2,3.75,3,2.2,638,43,0,0,28.74,Not Placed,0
6.14,1,Civil,2,8,4,4.51,0,3.92,392,19,93,1333,39.86,Mass Recruiter,1
6.52,1,ECE,2,10,1,3.18,2,4.52,0,0,0,0,32.35,Not Placed,0
6.47,0,IT,1,2,3,4.36,2,5.15,549,21,91,1497,41.52,Mass Recruiter,1
6.72,1,ECE,1,8,4,2.35,2,4.27,646,15,0,0,35.34,Mass Recruiter,1
7.38,3,EEE,0,0,1,3.72,6,3.56,0,0,0,0,5.55,Not Placed,0
6.52,1,Chemical,4,14,0,0.0,2,3.25,0,0,0,0,34.56,Not Placed,0
6.7,1,IT,2,3,6,4.87,2,7.59,517,34,311,1784,53.28,Mass Recruiter,1
7.42,0,CS,2,8,4,4.46,5,7.52,279,28,165,1450,57.83,Mid-tier,1
7.23,1,Mechanical,1,3,2,3.83,1,2.82,0,0,0,0,22.53,Not Placed,0
8.7,1,Mechanical,2,10,1,5.05,2,4.11,0,0,0,0,41.38,Mass Recruiter,1
7.86,0,Civil,0,0,6,2.7,2,3.46,0,0,0,0,25.93,Not Placed,0
6.6,1,IT,0,0,4,2.18,3,5.51,473,27,0,0,26.17,Not Placed,0
7.48,0,Mechanical,0,0,2,3.72,3,1.95,177,9,0,0,11.54,Not Placed,0
6.29,0,ECE,0,0,2,3.04,5,4.96,189,11,131,1363,23.78,Not Placed,0
5.69,0,IT,0,0,5,2.02,5,5.18,0,0,204,1327,25.12,Not Placed,0
7.55,3,CS,1,6,3,4.5,3,5.27,453,32,193,1906,41.89,Mass Recruiter,1
8.77,0,IT,0,0,3,4.47,3,4.45,541,18,494,1601,52.53,Mass Recruiter,1
7.27,2,Mechanical,1,3,4,4.26,3,5.03,0,0,0,0,20.46,Not Placed,0
6.1,2,CS,1,3,2,3.74,3,5.21,503,22,134,1382,51.09,Mass Recruiter,1
8.59,0,CS,1,6,4,4.34,2,5.78,774,43,442,2042,63.73,Mid-tier,1
7.19,0,Civil,0,0,3,1.42,2,3.39,0,0,0,0,8.67,Not Placed,0
5.92,0,Mechanical,0,0,2,2.01,1,1.79,0,0,0,0,17.65,Not Placed,0
6.89,3,CS,1,3,1,2.89,1,5.57,762,42,211,1193,36.26,Mass Recruiter,1
7.3,1,ECE,0,0,1,1.61,5,2.97,0,0,73,1397,16.84,Not Placed,0
7.18,0,CS,2,3,4,1.92,5,8.15,0,0,187,1459,54.96,Mass Recruiter,1
8.09,0,Mechanical,1,2,0,0.0,1,3.13,0,0,0,0,16.48,Not Placed,0
7.81,0,IT,2,6,6,5.91,1,6.05,910,21,256,1712,66.23,Mid-tier,1
7.84,0,EEE,0,0,1,4.04,0,2.09,84,6,5,1308,22.48,Not Placed,0
7.3,0,CS,1,4,3,3.73,3,5.68,496,37,198,1646,55.44,Mid-tier,1
7.02,0,Chemical,0,0,0,0.0,0,1.15,0,0,0,0,4.54,Not Placed,0
5.76,3,IT,0,0,4,1.46,4,4.93,383,47,45,1453,29.22,Not Placed,0
7.19,1,Chemical,2,8,1,2.77,1,3.53,787,30,0,0,34.79,Not Placed,0
8.27,1,ECE,0,0,2,3.76,4,4.15,570,23,0,0,27.84,Not Placed,0
7.75,0,ECE,3,8,1,6.0,6,6.01,609,29,0,0,54.49,Mass Recruiter,1
8.33,0,Chemical,0,0,0,0.0,3,1.32,62,7,121,1554,20.77,Not Placed,0
5.99,1,CS,1,3,3,1.83,3,5.62,587,19,40,1516,49.84,Mass Recruiter,1
5.0,3,Biotech,0,0,6,3.08,1,3.08,0,0,0,0,12.26,Not Placed,0
8.11,0,ECE,1,1,5,4.84,2,5.71,515,12,0,0,42.11,Mass Recruiter,1
7.09,0,CS,3,12,5,4.3,4,7.48,509,41,0,0,63.33,Mid-tier,1
5.51,5,EEE,0,0,4,0.88,3,5.2,0,0,58,1395,9.4,Not Placed,0
8.33,0,ECE,0,0,3,3.02,1,3.58,707,25,0,0,41.57,Mass Recruiter,1
7.2,1,CS,1,6,0,0.0,1,4.89,205,9,592,1882,51.08,Mass Recruiter,1
6.92,2,Biotech,0,0,4,2.83,3,3.63,0,0,0,0,17.74,Not Placed,0
8.29,1,ECE,0,0,3,4.26,4,3.3,634,20,160,1309,45.48,Mass Recruiter,1
6.12,0,Mechanical,2,8,3,3.93,2,3.94,508,26,0,0,34.41,Not Placed,0
7.95,0,ECE,0,0,2,2.86,0,3.06,763,36,86,1186,36.11,Mass Recruiter,1
7.13,0,ECE,0,0,3,3.08,1,3.63,229,28,0,0,15.11,Not Placed,0
8.29,0,Mechanical,1,2,1,4.22,2,3.82,0,0,0,0,30.31,Not Placed,0
5.56,3,IT,1,4,4,3.27,1,5.87,565,27,250,1767,40.49,Mass Recruiter,1
7.02,1,CS,1,2,6,3.05,1,5.82,0,0,254,1755,43.67,Mass Recruiter,1
8.67,2,IT,2,8,5,5.8,2,6.31,373,23,139,1711,63.09,Mid-tier,1
6.53,0,IT,4,14,4,4.91,4,6.54,649,27,238,1463,69.05,Mid-tier,1
6.08,1,IT,3,14,2,4.97,2,5.18,313,14,396,1365,63.92,Mid-tier,1
5.38,1,IT,0,0,5,0.85,1,5.03,0,0,207,1330,25.15,Not Placed,0
7.19,0,CS,0,0,5,4.09,8,5.72,551,31,179,1452,53.25,Mass Recruiter,1
7.12,2,ECE,1,2,3,2.31,1,3.93,789,35,113,1769,46.4,Mass Recruiter,1
7.39,0,ECE,1,4,2,1.87,6,5.52,564,18,108,1365,45.85,Mass Recruiter,1
6.3,0,IT,2,4,0,0.0,2,4.1,353,17,75,1493,35.94,Mass Recruiter,1
9.42,0,Chemical,3,6,3,8.04,2,5.33,0,0,57,1378,56.32,Mid-tier,1
8.22,0,CS,0,0,1,2.93,2,4.38,105,0,287,1896,28.69,Not Placed,0
8.39,0,Civil,0,0,2,3.54,1,2.1,600,18,0,0,27.95,Not Placed,0
7.53,0,CS,1,2,4,4.07,4,4.93,418,32,115,1728,45.52,Mass Recruiter,1
5.91,2,ECE,1,3,3,1.45,6,5.23,402,24,0,0,24.45,Not Placed,0
7.34,0,ECE,0,0,4,5.63,2,4.18,555,39,270,1909,41.53,Mass Recruiter,1
8.71,0,IT,1,3,3,4.85,1,4.62,0,0,405,1685,59.85,Mid-tier,1
6.87,2,Mechanical,2,6,5,6.23,4,5.44,111,25,0,0,45.13,Mass Recruiter,1
7.88,1,EEE,0,0,5,4.46,1,3.22,0,0,0,0,26.01,Not Placed,0
6.73,3,IT,0,0,2,2.98,1,4.74,0,0,365,1882,35.64,Mass Recruiter,1
8.61,0,IT,1,2,3,5.19,3,4.74,0,0,405,1981,63.33,Mid-tier,1
7.2,0,ECE,0,0,6,2.63,4,4.38,400,36,149,1385,37.25,Mass Recruiter,1
6.39,0,IT,2,4,5,4.69,1,5.18,0,0,108,1306,46.1,Mass Recruiter,1
7.43,1,ECE,2,6,5,4.58,5,6.49,0,0,201,1455,51.09,Mass Recruiter,1
7.34,0,IT,1,3,5,4.71,5,6.17,517,15,135,1717,56.5,Mid-tier,1
8.18,0,Civil,2,6,1,5.07,0,2.9,0,0,0,0,31.34,Not Placed,0
8.18,0,ECE,0,0,3,3.75,3,4.29,568,48,0,0,26.76,Not Placed,0
6.99,0,CS,0,0,3,3.82,2,5.05,464,35,195,1557,41.37,Mass Recruiter,1
7.84,0,IT,0,0,4,3.69,4,4.98,579,27,151,1365,34.36,Not Placed,0
6.75,1,ECE,0,0,2,2.14,4,2.53,0,0,108,1420,24.39,Not Placed,0
7.34,0,EEE,0,0,1,1.47,1,2.38,183,14,50,1453,24.69,Not Placed,0
7.07,2,IT,2,3,4,4.69,2,5.43,559,31,133,1310,55.78,Mid-tier,1
5.63,5,IT,3,10,3,3.11,1,5.78,241,24,116,1328,40.23,Mass Recruiter,1
6.81,3,IT,0,0,2,3.58,3,4.47,277,12,266,1585,32.54,Not Placed,0
6.0,0,CS,3,12,6,6.02,7,8.45,662,24,200,1300,73.93,Mid-tier,1
7.84,0,Mechanical,2,6,3,5.67,2,3.42,766,25,12,1346,58.1,Mid-tier,1
7.95,2,CS,1,3,2,3.9,4,5.26,440,20,65,1583,41.55,Mass Recruiter,1
6.4,1,Mechanical,0,0,2,2.34,1,1.45,0,0,0,0,3.0,Not Placed,0
8.96,0,Mechanical,0,0,2,3.51,1,1.84,0,0,110,1461,31.62,Not Placed,0
6.57,2,IT,0,0,3,3.34,1,4.62,603,27,0,0,30.59,Not Placed,0
8.91,0,Mechanical,0,0,0,0.0,5,3.25,0,9,0,0,21.91,Not Placed,0
6.81,3,CS,1,2,2,3.82,5,6.73,656,34,159,1690,51.02,Mass Recruiter,1
6.82,0,CS,0,0,5,3.73,2,4.51,0,0,379,1992,37.01,Mass Recruiter,1
8.68,0,Mechanical,0,0,0,0.0,3,3.63,0,0,0,0,16.94,Not Placed,0
7.44,0,CS,0,0,3,2.52,0,4.95,478,14,221,1506,37.27,Mass Recruiter,1
7.25,0,CS,4,10,2,4.28,3,5.89,177,25,228,1563,62.63,Mid-tier,1
5.64,1,Mechanical,0,0,2,0.3,0,1.46,0,0,34,1470,16.39,Not Placed,0
7.77,0,Chemical,3,12,1,4.73,1,2.82,354,35,0,0,47.61,Mass Recruiter,1
7.24,0,CS,0,0,2,3.24,4,5.53,270,11,284,1642,43.37,Mass Recruiter,1
9.13,0,IT,2,4,4,6.04,3,5.84,416,52,369,1824,79.71,FAANG,1
5.89,3,Civil,0,0,2,1.6,3,2.0,163,15,0,0,10.67,Not Placed,0
6.33,2,Mechanical,0,0,4,1.82,0,3.36,221,42,10,1096,21.86,Not Placed,0
6.93,0,IT,2,6,2,3.28,4,6.19,0,0,0,0,37.73,Mass Recruiter,1
6.33,2,CS,1,2,3,3.49,1,5.2,813,29,0,0,35.4,Mass Recruiter,1
6.24,0,ECE,2,6,3,3.36,5,5.79,137,16,0,0,48.65,Mass Recruiter,1
7.49,3,CS,0,0,4,5.48,3,5.27,597,28,76,1502,36.12,Mass Recruiter,1
8.59,0,CS,2,6,3,4.97,4,5.55,363,30,0,0,54.68,Mass Recruiter,1
7.34,0,ECE,3,6,2,3.02,4,5.79,559,38,0,0,58.69,Mid-tier,1
7.52,0,CS,0,0,2,3.9,8,5.29,149,9,0,0,29.46,Not Placed,0
7.43,3,Civil,1,4,2,4.75,1,3.07,0,0,0,0,27.51,Not Placed,0
7.34,2,Chemical,0,0,0,0.0,5,1.9,13,0,0,0,6.74,Not Placed,0
6.37,4,EEE,0,0,2,2.12,2,4.0,0,0,0,0,13.48,Not Placed,0
5.74,3,IT,2,6,7,4.49,3,7.0,460,41,0,0,36.89,Mass Recruiter,1
6.61,2,CS,0,0,5,5.1,1,5.25,574,8,307,1629,58.64,Mid-tier,1
8.26,0,IT,1,4,3,5.55,3,5.27,359,34,234,1682,60.88,Mid-tier,1
7.25,1,EEE,0,0,3,4.21,2,3.28,0,0,93,1411,26.04,Not Placed,0
6.83,0,CS,1,6,4,3.98,4,4.85,714,26,193,1557,48.2,Mass Recruiter,1
7.99,2,IT,2,4,3,4.19,3,5.31,0,0,379,1455,57.57,Mid-tier,1
7.48,0,Chemical,0,0,3,3.03,0,2.37,0,0,49,1501,27.48,Not Placed,0
6.24,2,IT,0,0,2,2.77,3,5.04,126,17,137,1678,23.93,Not Placed,0
8.33,0,IT,1,4,3,4.23,0,4.3,712,44,0,0,45.74,Mass Recruiter,1
6.03,0,Civil,0,0,0,0.0,3,1.0,0,0,49,1142,11.5,Not Placed,0
6.11,1,ECE,0,0,2,1.88,3,4.03,0,0,5,1440,18.45,Not Placed,0
5.0,3,CS,1,2,4,1.52,0,5.75,153,25,152,1391,33.76,Not Placed,0
7.0,0,Mechanical,0,0,1,2.65,3,3.3,97,6,119,1499,20.38,Not Placed,0
7.19,0,Mechanical,0,0,3,5.72,0,3.57,415,33,0,0,22.0,Not Placed,0
7.19,0,Biotech,1,3,2,4.77,1,2.84,0,0,34,1206,25.11,Not Placed,0
7.49,0,Mechanical,2,4,2,4.35,4,4.7,233,22,113,1570,34.13,Not Placed,0
6.98,0,Mechanical,2,4,0,0.0,1,2.58,0,0,138,1480,39.07,Mass Recruiter,1
6.93,0,Chemical,0,0,0,0.0,3,2.12,110,6,34,1128,21.02,Not Placed,0
8.4,0,Mechanical,0,0,1,2.03,1,1.91,54,5,0,0,19.83,Not Placed,0
6.25,0,CS,0,0,3,2.62,3,4.24,719,25,280,1784,36.94,Mass Recruiter,1
5.79,3,CS,1,4,5,3.98,2,5.82,283,38,245,1605,43.09,Mass Recruiter,1
7.37,0,Mechanical,1,4,2,3.79,3,3.06,532,29,0,0,39.39,Mass Recruiter,1
7.63,3,ECE,0,0,2,3.75,1,3.29,359,15,0,0,14.21,Not Placed,0
7.0,0,Civil,0,0,2,3.87,1,1.0,0,0,39,1328,23.88,Not Placed,0
7.03,1,Civil,0,0,4,4.13,2,2.71,0,0,0,0,18.66,Not Placed,0
6.83,1,Mechanical,1,4,1,3.17,5,4.85,0,0,80,1144,23.57,Not Placed,0
6.9,1,ECE,2,3,4,3.93,2,4.88,828,25,0,0,40.57,Mass Recruiter,1
8.74,0,Chemical,0,0,6,5.88,1,4.3,526,32,0,0,36.3,Mass Recruiter,1
5.0,4,ECE,0,0,3,0.3,3,2.8,798,10,123,1493,22.4,Not Placed,0
6.99,4,CS,1,4,2,3.91,0,4.41,203,24,0,0,30.6,Not Placed,0
8.21,0,CS,0,0,4,4.54,5,5.96,679,27,657,1231,61.45,Mid-tier,1
6.86,3,CS,1,3,5,3.07,2,6.21,506,47,346,1367,48.35,Mass Recruiter,1
6.92,2,IT,2,6,4,2.83,2,4.91,0,0,0,0,46.75,Mass Recruiter,1
7.1,0,Chemical,0,0,0,0.0,2,2.37,0,0,96,1308,26.38,Not Placed,0
6.42,1,EEE,1,2,0,0.0,2,3.3,0,0,0,1431,27.52,Not Placed,0
8.51,0,ECE,1,3,3,5.49,2,3.02,317,32,118,1152,43.4,Mass Recruiter,1
6.47,0,ECE,0,0,5,2.98,2,4.79,0,0,0,0,19.82,Not Placed,0
6.27,1,EEE,0,0,2,1.73,1,2.63,762,13,119,1241,14.38,Not Placed,0
5.83,3,ECE,0,0,3,1.06,1,4.4,432,40,69,1466,9.41,Not Placed,0
6.41,1,Mechanical,0,0,1,1.65,6,2.89,283,15,0,0,14.35,Not Placed,0
5.76,3,EEE,1,6,0,0.0,0,3.38,0,0,0,0,12.59,Not Placed,0
6.84,1,Chemical,0,0,1,2.83,2,3.48,0,0,0,0,-1.52,Not Placed,0
8.4,0,CS,0,0,3,3.06,1,5.11,662,21,126,1426,41.86,Mass Recruiter,1
7.48,0,ECE,4,10,4,5.94,2,4.7,580,19,151,1268,66.95,Mid-tier,1
6.92,0,ECE,0,0,3,2.75,1,4.12,0,0,152,1245,30.41,Not Placed,0
7.64,0,CS,0,0,1,3.25,4,4.0,61,3,161,1676,32.14,Not Placed,0
7.83,1,EEE,0,0,2,3.54,4,3.08,0,0,0,0,6.17,Not Placed,0
8.14,0,CS,3,8,2,4.96,5,5.6,525,26,201,1538,73.8,Mid-tier,1
7.97,0,CS,1,1,2,3.73,4,4.95,546,29,0,0,43.12,Mass Recruiter,1
5.59,2,ECE,1,8,5,1.41,0,3.86,506,44,0,0,26.27,Not Placed,0
9.3,0,Mechanical,0,0,2,4.72,3,3.3,0,0,103,1504,35.91,Mass Recruiter,1
6.01,3,CS,0,0,1,1.24,1,3.57,104,4,172,1813,20.83,Not Placed,0
6.47,1,Mechanical,0,0,0,0.0,1,2.72,0,0,63,1381,14.87,Not Placed,0
8.61,0,Civil,0,0,0,0.0,2,3.32,5,1,111,1336,18.07,Not Placed,0
6.82,0,Biotech,0,0,3,5.68,2,2.6,0,0,0,0,11.05,Not Placed,0
5.81,3,IT,1,8,4,2.9,2,5.98,553,40,186,1629,40.03,Mass Recruiter,1
7.29,2,CS,1,3,3,4.32,2,5.75,567,8,188,1495,43.64,Mass Recruiter,1
6.79,1,ECE,1,1,1,3.86,1,1.98,593,25,0,0,41.08,Mass Recruiter,1
8.61,0,CS,0,0,2,5.31,3,4.53,763,45,359,2159,52.88,Mass Recruiter,1
8.72,0,CS,0,0,4,6.65,7,5.69,643,35,72,1597,53.47,Mass Recruiter,1
7.06,0,IT,0,0,2,3.64,1,5.11,0,0,81,1328,29.6,Not Placed,0
6.94,3,IT,1,6,3,4.22,3,5.16,821,22,156,1653,48.65,Mass Recruiter,1
8.45,0,Mechanical,0,0,4,3.76,5,4.97,831,25,79,1391,42.88,Mass Recruiter,1
8.69,0,Mechanical,0,0,0,0.0,0,2.68,75,2,0,0,11.66,Not Placed,0
8.32,0,IT,1,4,2,4.09,6,4.66,415,37,411,1745,53.62,Mass Recruiter,1
7.82,0,EEE,1,2,3,3.7,2,3.65,499,27,112,1423,39.98,Mass Recruiter,1
7.56,3,EEE,3,14,1,4.11,3,4.79,0,0,158,1397,43.38,Mass Recruiter,1
7.47,0,CS,1,6,4,5.5,7,6.13,412,24,128,1867,52.4,Mass Recruiter,1
8.61,0,CS,1,3,3,3.52,5,8.05,456,9,115,1844,50.28,Mass Recruiter,1
6.04,2,IT,0,0,1,1.33,4,5.54,97,14,172,1425,13.21,Not Placed,0
6.46,1,Mechanical,0,0,1,1.83,0,1.4,29,11,17,1437,20.0,Not Placed,0
5.52,1,EEE,1,3,0,0.0,1,1.91,126,3,78,1213,22.67,Not Placed,0
6.55,0,ECE,0,0,2,3.66,3,4.52,0,0,60,1357,26.86,Not Placed,0
5.84,2,Chemical,0,0,1,1.6,1,1.96,0,0,0,0,14.83,Not Placed,0
7.78,0,IT,2,6,4,3.09,3,7.11,465,52,0,0,40.63,Mass Recruiter,1
6.14,0,Chemical,0,0,3,2.77,2,2.44,0,0,0,0,15.81,Not Placed,0
5.7,1,IT,1,3,1,2.06,6,5.58,0,0,0,0,20.09,Not Placed,0
5.0,1,ECE,2,10,2,3.93,0,5.61,381,55,113,1315,42.97,Mass Recruiter,1
6.11,2,CS,0,0,4,3.0,2,5.39,725,24,212,1654,39.2,Mass Recruiter,1
5.85,3,ECE,0,0,1,0.89,1,2.73,48,0,321,1522,29.81,Not Placed,0
5.52,2,IT,2,6,5,3.4,0,5.58,636,19,220,1539,39.2,Mass Recruiter,1
7.01,0,IT,0,0,3,3.74,1,4.46,539,26,0,0,28.0,Not Placed,0
6.34,0,ECE,1,3,3,2.37,5,5.06,0,0,80,1390,35.38,Mass Recruiter,1
8.97,0,Mechanical,1,1,0,0.0,3,2.26,113,18,31,1420,28.49,Not Placed,0
7.89,1,Chemical,0,0,0,0.0,1,1.93,0,0,0,0,21.41,Not Placed,0
6.6,4,ECE,0,0,3,3.68,3,4.35,375,44,134,1368,26.64,Not Placed,0
6.42,2,CS,0,0,6,2.51,4,6.06,644,28,262,1610,46.43,Mass Recruiter,1
6.25,2,IT,0,0,5,2.15,2,5.01,860,33,153,1434,24.79,Not Placed,0
6.47,3,IT,0,0,2,1.5,5,4.85,0,0,332,1449,11.99,Not Placed,0
6.64,1,Mechanical,0,0,1,2.11,0,3.12,61,11,48,1257,19.33,Not Placed,0
7.85,0,Mechanical,1,6,4,4.49,1,4.51,0,0,0,1349,45.49,Mass Recruiter,1
8.15,0,Mechanical,0,0,1,4.99,1,3.34,179,8,277,1673,37.37,Mass Recruiter,1
7.48,1,CS,0,0,3,4.33,5,5.3,577,29,375,1642,49.13,Mass Recruiter,1
7.1,3,ECE,0,0,3,1.73,0,4.01,0,0,0,0,15.26,Not Placed,0
7.25,1,Mechanical,0,0,3,4.45,2,3.02,0,0,0,0,15.79,Not Placed,0
8.64,0,ECE,0,0,3,3.49,4,4.35,0,0,66,1495,37.53,Mass Recruiter,1
7.05,2,IT,0,0,4,2.71,1,4.38,0,0,148,1898,23.22,Not Placed,0
7.57,3,CS,0,0,2,3.91,2,5.25,232,5,0,0,18.99,Not Placed,0
6.21,0,EEE,2,10,2,3.45,3,3.97,358,34,93,1429,52.93,Mass Recruiter,1
6.44,0,Civil,4,14,1,3.08,1,3.53,0,0,0,0,40.97,Mass Recruiter,1
6.6,3,IT,1,6,5,2.22,3,6.25,632,26,0,0,39.71,Mass Recruiter,1
7.23,1,CS,2,8,3,3.93,6,6.87,728,30,228,1535,57.81,Mid-tier,1
8.2,0,Mechanical,1,4,2,3.77,2,2.62,399,30,93,1432,38.7,Mass Recruiter,1
6.29,1,IT,0,0,0,0.0,1,2.63,0,3,0,0,8.63,Not Placed,0
7.06,2,Chemical,2,6,0,0.0,3,4.0,0,0,0,0,14.26,Not Placed,0
6.15,3,IT,1,4,3,3.0,2,5.51,373,39,293,1540,39.71,Mass Recruiter,1
9.03,1,Chemical,0,0,4,4.35,0,2.17,690,32,0,0,33.7,Not Placed,0
5.75,1,ECE,0,0,2,1.43,1,4.25,176,6,0,0,11.21,Not Placed,0
6.04,1,CS,1,2,3,0.58,4,5.28,728,41,154,1562,52.74,Mass Recruiter,1
7.82,2,EEE,0,0,2,5.39,5,4.53,0,0,0,0,21.62,Not Placed,0
5.92,2,ECE,0,0,2,1.36,1,4.25,0,0,0,0,10.88,Not Placed,0
5.79,3,IT,1,3,2,1.86,3,4.6,598,15,117,1301,33.44,Not Placed,0
5.47,3,Civil,3,12,4,3.07,1,4.32,710,30,75,1372,46.91,Mass Recruiter,1
7.64,0,Civil,1,3,5,4.23,1,4.34,513,28,0,0,39.05,Mass Recruiter,1
6.03,2,ECE,0,0,3,1.82,2,2.75,71,18,0,0,21.6,Not Placed,0
8.02,0,CS,3,12,4,6.29,7,8.4,674,40,518,1612,84.98,FAANG,1
6.91,0,IT,1,4,2,3.46,2,6.31,0,0,316,1239,40.32,Mass Recruiter,1
5.84,3,EEE,0,0,1,1.04,3,4.12,0,0,56,1382,8.23,Not Placed,0
7.55,0,CS,2,4,5,5.39,2,5.95,349,38,0,0,46.9,Mass Recruiter,1
6.98,1,EEE,2,4,2,3.77,0,3.53,755,14,251,1520,46.33,Mass Recruiter,1
7.34,0,CS,1,4,5,5.03,4,6.73,322,17,204,1688,43.12,Mass Recruiter,1
5.89,2,IT,3,10,5,3.83,4,6.59,170,41,250,1511,62.16,Mid-tier,1
6.53,4,ECE,0,0,4,2.66,1,4.6,0,0,95,1364,21.12,Not Placed,0
7.76,1,Civil,2,3,2,4.66,3,4.68,758,22,0,0,40.28,Mass Recruiter,1
8.99,0,ECE,0,0,3,4.56,4,3.67,0,0,241,1549,46.11,Mass Recruiter,1
7.44,0,CS,2,8,1,2.58,4,5.02,283,12,335,1456,59.4,Mid-tier,1
7.04,0,Biotech,0,0,2,1.88,1,2.19,0,0,0,0,12.48,Not Placed,0
6.32,2,IT,1,2,4,4.13,2,5.08,326,17,239,1451,45.14,Mass Recruiter,1
6.87,0,CS,0,0,4,0.92,6,4.75,748,36,92,1569,40.62,Mass Recruiter,1
8.72,0,CS,1,2,3,3.93,4,6.49,828,39,571,1976,70.84,Mid-tier,1
6.79,1,ECE,0,0,3,3.01,3,5.0,400,36,233,1456,36.58,Mass Recruiter,1
7.4,0,IT,0,0,4,4.36,2,4.85,276,24,0,0,27.04,Not Placed,0
6.8,2,ECE,2,4,2,4.66,2,5.35,636,33,61,1691,41.86,Mass Recruiter,1
7.43,0,CS,2,8,3,4.32,7,7.13,547,20,175,1558,65.04,Mid-tier,1
7.34,0,CS,0,0,3,2.82,5,4.66,469,23,310,1517,48.6,Mass Recruiter,1
7.24,3,ECE,0,0,1,1.43,2,4.2,0,0,0,0,11.69,Not Placed,0
8.96,0,CS,2,6,4,4.83,4,6.05,0,0,65,1592,57.11,Mid-tier,1
6.54,4,ECE,1,3,1,3.51,4,3.59,0,0,259,1646,29.45,Not Placed,0
7.39,2,IT,1,3,5,3.16,6,5.85,563,37,0,0,40.75,Mass Recruiter,1
8.86,0,Civil,0,0,1,2.62,2,1.58,134,21,0,0,28.86,Not Placed,0
6.91,0,IT,2,8,1,3.12,2,2.5,266,28,225,1390,46.47,Mass Recruiter,1
6.62,2,ECE,4,10,4,4.27,2,5.95,270,31,114,1484,68.69,Mid-tier,1
7.56,0,ECE,1,2,3,4.01,2,3.97,692,23,0,0,37.68,Mass Recruiter,1
6.94,4,CS,1,2,1,2.28,4,5.55,229,8,369,1547,37.87,Mass Recruiter,1
5.7,3,Mechanical,0,0,0,0.0,1,2.04,45,0,62,1413,-0.95,Not Placed,0
7.41,0,ECE,0,0,3,3.1,1,3.18,279,18,13,1523,33.97,Not Placed,0
6.36,1,Mechanical,0,0,4,2.84,2,4.34,0,0,145,1349,16.98,Not Placed,0
5.54,1,ECE,0,0,5,1.34,2,3.82,686,34,100,1375,38.41,Mass Recruiter,1
8.73,0,ECE,0,0,3,2.7,2,3.79,446,41,80,1308,46.18,Mass Recruiter,1
9.01,0,Civil,0,0,2,4.15,1,1.0,95,17,0,0,26.83,Not Placed,0
8.34,0,CS,1,8,4,5.43,6,5.88,468,14,509,1824,69.91,Mid-tier,1
6.35,0,EEE,1,8,1,3.13,1,3.22,919,36,122,1510,48.18,Mass Recruiter,1
7.24,0,Mechanical,0,0,1,1.04,5,1.77,0,0,0,0,7.73,Not Placed,0
7.32,0,Chemical,0,0,2,2.84,3,2.69,0,0,0,0,17.41,Not Placed,0
6.45,1,CS,2,4,1,2.75,2,5.72,400,32,240,1242,55.06,Mid-tier,1
5.89,3,CS,1,4,7,1.73,2,6.36,508,35,142,1299,41.83,Mass Recruiter,1
8.06,0,EEE,0,0,3,4.0,4,3.62,229,33,0,0,30.4,Not Placed,0
7.5,0,EEE,0,0,0,0.0,4,2.61,14,2,141,1471,29.37,Not Placed,0
6.06,0,EEE,1,4,1,2.49,2,3.38,0,0,156,1366,39.28,Mass Recruiter,1
8.45,0,EEE,0,0,1,3.47,4,3.04,60,21,0,0,28.15,Not Placed,0
8.76,1,ECE,0,0,1,5.29,1,3.71,0,0,127,1643,34.19,Not Placed,0
7.54,1,ECE,2,10,2,4.72,3,4.98,362,22,42,1656,42.16,Mass Recruiter,1
8.04,0,IT,3,12,3,4.69,6,7.22,0,0,0,0,61.49,Mid-tier,1
7.73,1,ECE,0,0,1,3.25,2,3.64,263,14,1,1425,29.6,Not Placed,0
8.93,0,IT,1,2,4,4.7,3,5.49,0,0,339,1624,57.59,Mid-tier,1
6.99,0,CS,2,8,3,5.11,4,6.47,670,36,89,1482,56.67,Mid-tier,1
7.9,1,CS,0,0,0,0.0,2,4.25,8,3,226,1512,29.7,Not Placed,0
8.27,0,Chemical,0,0,1,3.0,3,2.36,0,0,0,0,15.73,Not Placed,0
7.57,1,IT,0,0,2,2.42,4,5.58,715,24,181,1650,25.27,Not Placed,0
7.43,1,CS,0,0,2,4.33,3,4.54,191,13,173,1681,33.36,Not Placed,0
6.93,2,CS,1,6,3,3.88,5,5.6,563,23,197,1435,43.21,Mass Recruiter,1
6.08,2,CS,0,0,3,2.71,6,4.67,955,47,0,0,15.5,Not Placed,0
7.43,0,EEE,2,4,3,3.43,2,4.52,0,0,0,0,45.88,Mass Recruiter,1
5.39,1,Civil,0,0,1,0.92,2,2.7,123,10,0,0,12.31,Not Placed,0
6.78,1,IT,0,0,4,2.25,2,4.76,0,0,0,0,23.68,Not Placed,0
8.2,1,Civil,1,2,1,3.82,3,2.65,0,0,0,0,17.15,Not Placed,0
6.83,3,EEE,1,4,2,3.33,2,3.28,0,0,152,1703,27.73,Not Placed,0
6.94,2,IT,1,2,3,1.1,0,4.22,330,36,159,1452,30.81,Not Placed,0
9.0,0,ECE,1,2,0,0.0,4,4.28,0,0,266,1340,35.86,Mass Recruiter,1
8.91,0,Mechanical,1,6,1,3.99,3,3.39,0,0,264,1595,44.91,Mass Recruiter,1
6.51,1,Biotech,1,6,1,4.36,1,2.53,0,0,72,1385,32.95,Not Placed,0
7.35,0,Chemical,3,10,4,4.72,2,5.8,0,0,0,0,50.56,Mass Recruiter,1
6.75,2,Chemical,0,0,5,3.48,3,3.33,0,0,60,1062,23.09,Not Placed,0
6.76,2,CS,0,0,4,2.97,2,4.9,479,14,293,1770,34.88,Not Placed,0
6.38,2,Civil,0,0,1,0.96,3,1.65,0,0,118,1574,21.98,Not Placed,0
8.88,0,CS,1,4,3,5.0,2,5.05,411,25,529,2054,70.34,Mid-tier,1
6.41,0,IT,0,0,3,2.03,1,4.34,582,26,0,0,21.75,Not Placed,0
8.77,0,Chemical,0,0,1,4.23,2,2.53,0,0,66,1690,30.29,Not Placed,0
7.95,0,Mechanical,2,4,2,2.95,1,3.54,848,30,97,1489,50.61,Mass Recruiter,1
7.75,0,Mechanical,0,0,1,3.38,1,2.62,94,9,101,1458,30.79,Not Placed,0
5.05,2,IT,0,0,3,2.1,3,4.84,0,0,94,1652,23.45,Not Placed,0
7.56,0,EEE,0,0,0,0.0,2,2.52,0,0,326,1380,23.99,Not Placed,0
7.3,0,EEE,2,8,4,5.44,1,4.11,391,30,0,0,49.89,Mass Recruiter,1
8.2,0,ECE,0,0,3,5.61,1,3.19,587,29,0,0,27.73,Not Placed,0
7.54,0,IT,3,12,4,4.94,0,7.19,602,15,376,1722,73.9,Mid-tier,1
6.32,2,Mechanical,0,0,0,0.0,2,3.34,0,0,121,1523,4.63,Not Placed,0
8.16,0,EEE,2,6,2,4.73,4,4.38,574,26,20,1379,55.0,Mid-tier,1
6.46,1,Civil,0,0,5,2.57,1,3.51,0,0,36,1307,13.35,Not Placed,0
6.15,1,IT,0,0,2,0.97,1,5.06,192,13,192,1424,34.37,Not Placed,0
6.07,1,ECE,2,3,3,3.01,3,4.73,488,22,47,1451,40.36,Mass Recruiter,1
6.93,1,EEE,0,0,2,1.29,2,1.92,0,0,0,0,6.8,Not Placed,0
6.94,0,ECE,1,2,0,0.0,4,2.71,0,0,258,1572,32.78,Not Placed,0
7.7,0,CS,1,4,4,5.63,1,5.45,551,28,229,1666,55.3,Mid-tier,1
7.59,0,IT,1,4,5,5.18,4,6.13,658,24,210,1420,62.18,Mid-tier,1
5.15,4,CS,2,8,1,1.44,3,6.07,432,27,0,0,24.0,Not Placed,0
7.76,0,IT,1,4,1,2.47,4,4.28,655,47,335,1556,44.53,Mass Recruiter,1
8.18,0,IT,3,10,5,7.01,4,6.93,624,12,150,1444,72.35,Mid-tier,1
5.46,3,EEE,0,0,4,1.61,1,2.83,603,26,66,1526,21.89,Not Placed,0
8.24,0,Chemical,0,0,2,4.07,7,2.35,0,0,0,0,20.38,Not Placed,0
8.3,0,ECE,0,0,2,3.63,3,3.57,835,39,180,1714,46.66,Mass Recruiter,1
6.73,2,CS,1,8,1,2.34,6,5.95,373,46,133,1434,42.73,Mass Recruiter,1
5.16,0,IT,2,4,3,0.3,2,5.18,716,43,0,0,43.12,Mass Recruiter,1
8.69,0,Chemical,1,8,2,5.51,2,2.76,488,9,0,0,41.19,Mass Recruiter,1
5.4,3,ECE,1,2,2,2.23,0,3.62,443,51,69,1509,33.88,Not Placed,0
7.16,1,EEE,1,4,3,3.22,0,2.94,0,0,122,1422,33.92,Not Placed,0
6.57,1,ECE,1,4,4,4.25,1,6.89,627,13,39,1295,46.82,Mass Recruiter,1
8.67,0,Chemical,0,0,0,0.0,1,1.31,95,8,99,1282,31.76,Not Placed,0
7.62,0,IT,2,4,1,2.67,1,5.46,448,30,87,1498,52.24,Mass Recruiter,1
5.87,5,CS,0,0,2,0.34,2,4.51,239,18,0,0,4.59,Not Placed,0
6.81,2,CS,0,0,4,2.58,3,5.56,756,18,0,0,30.53,Not Placed,0
7.71,0,ECE,2,4,2,2.72,4,6.61,0,0,0,0,44.63,Mass Recruiter,1
6.58,1,ECE,0,0,1,1.14,0,1.7,248,9,270,1715,23.06,Not Placed,0
5.94,2,ECE,0,0,1,0.57,3,2.81,0,0,0,0,2.37,Not Placed,0
7.4,0,CS,2,4,4,4.11,3,6.07,446,43,233,1157,45.63,Mass Recruiter,1
5.78,2,CS,1,6,6,4.1,4,6.88,0,0,0,0,27.61,Not Placed,0
6.96,2,CS,1,2,3,2.45,5,6.39,642,20,155,1664,44.8,Mass Recruiter,1
6.39,1,CS,1,2,4,4.85,4,6.89,335,44,272,1148,58.91,Mid-tier,1
7.07,1,EEE,0,0,2,2.08,3,4.79,182,3,0,0,3.72,Not Placed,0
7.07,0,IT,1,2,3,2.5,1,5.13,0,0,0,0,34.93,Not Placed,0
6.43,0,IT,1,3,3,0.3,4,6.11,647,29,209,1574,46.41,Mass Recruiter,1
8.35,1,CS,1,3,4,7.22,4,5.68,483,18,471,1948,53.88,Mass Recruiter,1
6.09,0,CS,1,3,3,0.97,1,5.61,0,0,271,1768,43.7,Mass Recruiter,1
6.95,1,CS,1,6,4,3.22,4,6.23,679,9,0,0,36.3,Mass Recruiter,1
7.58,2,IT,2,8,4,5.11,2,5.78,0,0,226,1504,46.6,Mass Recruiter,1
8.8,0,EEE,0,0,4,4.7,1,5.29,689,19,0,0,31.09,Not Placed,0
5.0,6,IT,0,0,5,0.93,1,6.43,399,15,14,1542,18.22,Not Placed,0
7.58,0,Mechanical,0,0,2,4.6,3,3.32,0,0,64,1423,25.38,Not Placed,0
7.92,3,Chemical,1,3,2,4.09,3,2.53,0,0,0,0,19.31,Not Placed,0
7.25,1,CS,0,0,5,3.93,1,5.7,510,32,188,1537,48.32,Mass Recruiter,1
8.83,0,ECE,0,0,3,2.32,1,3.72,414,14,279,1525,43.32,Mass Recruiter,1
6.7,3,IT,2,6,1,2.87,0,4.48,988,30,245,1653,47.61,Mass Recruiter,1
7.38,1,IT,1,8,7,3.53,4,6.5,189,20,315,1547,55.2,Mid-tier,1
6.59,1,Mechanical,1,4,1,3.43,1,3.04,306,12,0,0,38.81,Mass Recruiter,1
8.67,0,CS,0,0,3,5.63,6,5.03,409,31,0,0,35.05,Mass Recruiter,1
8.53,0,CS,1,3,0,0.0,3,3.7,125,6,0,0,28.58,Not Placed,0
5.46,1,CS,1,2,2,0.71,3,4.51,559,38,0,0,34.99,Not Placed,0
6.1,0,Mechanical,0,0,2,0.63,0,2.67,114,2,68,1263,14.58,Not Placed,0
7.09,0,CS,1,6,5,4.14,2,6.18,585,31,194,1706,50.81,Mass Recruiter,1
7.6,2,EEE,2,6,2,4.23,1,3.02,312,24,327,1386,35.4,Mass Recruiter,1
6.05,1,ECE,1,2,3,0.8,2,3.93,610,26,102,1279,36.23,Mass Recruiter,1
6.52,0,ECE,0,0,1,0.3,0,3.86,184,6,0,0,13.3,Not Placed,0
6.42,1,CS,0,0,4,2.44,0,5.47,249,27,0,0,21.89,Not Placed,0
5.75,1,Civil,0,0,3,0.49,0,1.89,0,0,0,0,5.05,Not Placed,0
7.22,0,ECE,2,6,2,2.25,3,4.75,634,41,118,1487,50.7,Mass Recruiter,1
6.67,0,IT,0,0,0,0.0,3,4.24,33,7,320,1591,37.56,Mass Recruiter,1
5.88,4,IT,1,2,2,0.92,2,5.37,474,11,0,0,25.1,Not Placed,0
8.33,2,EEE,4,18,0,0.0,2,3.53,0,0,0,0,48.15,Mass Recruiter,1
7.73,0,CS,1,3,4,3.86,2,5.31,482,39,171,1705,55.51,Mid-tier,1
6.47,0,CS,0,0,2,2.67,3,4.76,192,3,286,1638,28.26,Not Placed,0
6.79,0,ECE,0,0,4,3.23,2,4.94,505,30,83,1107,37.45,Mass Recruiter,1
7.51,0,Mechanical,2,4,4,5.42,3,5.99,0,0,0,0,50.4,Mass Recruiter,1
5.94,2,CS,3,12,2,2.61,2,5.59,471,14,208,1387,49.3,Mass Recruiter,1
6.83,2,Chemical,0,0,3,1.95,0,2.97,513,7,0,0,19.48,Not Placed,0
6.11,2,EEE,0,0,2,1.11,0,3.16,0,0,263,1774,28.8,Not Placed,0
7.24,3,IT,2,6,4,5.16,6,5.91,0,0,237,1250,45.35,Mass Recruiter,1
9.33,0,IT,1,3,5,5.61,2,5.39,397,23,694,1745,69.87,Mid-tier,1
7.62,0,Chemical,0,0,3,2.92,2,2.43,0,0,31,1352,27.19,Not Placed,0
6.43,1,IT,0,0,4,2.07,2,4.52,648,24,0,0,29.01,Not Placed,0
7.16,1,EEE,0,0,2,2.76,0,3.11,201,14,0,0,12.24,Not Placed,0
7.62,0,IT,0,0,4,3.76,1,4.59,0,0,266,1489,38.22,Mass Recruiter,1
8.4,1,EEE,0,0,0,0.0,3,2.62,0,0,58,1422,26.25,Not Placed,0
6.1,0,EEE,0,0,0,0.0,4,1.13,12,0,90,1136,14.48,Not Placed,0
7.09,0,ECE,0,0,3,3.63,2,3.9,558,19,0,0,29.16,Not Placed,0
9.0,0,ECE,0,0,2,4.27,0,4.55,0,0,0,0,12.34,Not Placed,0
6.73,2,ECE,0,0,2,3.53,3,3.9,0,0,0,0,12.43,Not Placed,0
7.2,3,Mechanical,1,2,5,4.93,1,4.0,394,29,0,0,36.49,Mass Recruiter,1
6.86,0,Chemical,0,0,1,3.0,2,1.43,0,0,10,993,14.85,Not Placed,0
6.64,0,ECE,1,3,3,3.84,1,5.57,268,32,76,1376,38.55,Mass Recruiter,1
7.03,2,IT,2,4,3,2.02,3,6.28,410,17,101,1594,42.23,Mass Recruiter,1
6.39,3,CS,2,8,3,3.38,3,5.67,639,32,0,0,33.98,Not Placed,0
6.03,2,ECE,0,0,2,2.08,0,3.8,0,0,136,1613,14.45,Not Placed,0
6.43,0,EEE,0,0,0,0.0,3,2.05,0,0,62,1528,18.48,Not Placed,0
8.02,0,CS,0,0,5,4.43,4,3.62,698,41,212,1320,49.72,Mass Recruiter,1
8.29,0,Mechanical,0,0,0,0.0,2,2.02,0,0,0,0,10.63,Not Placed,0
6.71,2,ECE,0,0,3,3.7,0,3.7,609,15,0,0,19.71,Not Placed,0
6.97,1,Chemical,0,0,2,2.62,0,2.08,0,0,78,1518,14.81,Not Placed,0
8.16,0,ECE,0,0,7,7.08,3,4.79,807,28,0,0,36.04,Mass Recruiter,1
6.63,0,ECE,0,0,4,1.01,2,3.85,405,34,223,1752,40.89,Mass Recruiter,1
5.31,0,IT,4,18,3,3.18,2,4.81,0,0,149,1373,52.13,Mass Recruiter,1
8.85,0,EEE,0,0,4,5.39,2,3.84,0,0,271,1476,38.72,Mass Recruiter,1
7.8,0,CS,0,0,0,0.0,3,3.59,8,5,0,0,18.48,Not Placed,0
5.84,5,EEE,0,0,1,0.71,0,1.78,0,0,0,0,0.63,Not Placed,0
5.97,1,ECE,1,3,4,1.82,0,5.07,0,0,0,0,19.35,Not Placed,0
6.96,2,ECE,3,8,1,4.45,2,5.45,753,16,0,0,50.21,Mass Recruiter,1
7.35,0,CS,3,8,6,5.74,4,6.72,134,20,240,1546,73.37,Mid-tier,1
7.03,0,ECE,2,4,2,3.86,2,4.97,0,0,0,0,31.6,Not Placed,0
7.77,0,CS,1,3,1,3.7,0,2.74,733,27,367,1979,52.36,Mass Recruiter,1
7.82,0,IT,0,0,3,3.5,0,4.92,250,19,0,0,33.6,Not Placed,0
6.35,3,CS,3,10,4,3.1,0,5.37,141,17,93,1126,51.58,Mass Recruiter,1
7.05,0,Chemical,0,0,2,1.2,2,2.36,245,21,0,0,17.83,Not Placed,0
8.35,0,CS,1,2,3,5.41,4,5.89,496,13,498,2213,66.57,Mid-tier,1
6.14,2,Mechanical,0,0,1,1.98,0,3.16,233,23,75,1443,21.78,Not Placed,0
7.17,1,Chemical,2,4,3,3.92,1,2.87,0,0,0,0,22.63,Not Placed,0
6.81,1,Civil,2,3,1,4.07,2,3.26,0,0,0,0,22.54,Not Placed,0
9.12,0,Civil,0,0,1,4.24,3,1.29,140,12,0,0,6.74,Not Placed,0
6.64,3,CS,3,8,3,5.27,0,7.14,455,13,199,1501,52.12,Mass Recruiter,1
9.18,0,Civil,1,3,0,0.0,1,2.73,0,0,147,1297,23.86,Not Placed,0
8.65,2,Mechanical,0,0,0,0.0,2,1.88,24,1,170,1248,22.56,Not Placed,0
7.36,0,IT,1,4,3,3.53,2,5.61,382,27,172,1421,46.32,Mass Recruiter,1
7.04,1,IT,0,0,3,3.58,3,5.63,607,21,0,0,33.82,Not Placed,0
6.79,0,CS,4,12,3,6.9,2,5.44,726,12,0,0,51.75,Mass Recruiter,1
7.95,2,Mechanical,2,6,1,2.65,1,3.88,0,0,0,0,11.0,Not Placed,0
6.38,0,CS,3,6,2,4.02,4,6.71,755,29,386,1386,58.58,Mid-tier,1
7.39,0,IT,0,0,3,1.93,3,4.29,425,28,290,1406,36.15,Mass Recruiter,1
7.83,0,CS,0,0,5,4.6,0,5.16,729,24,158,1658,45.31,Mass Recruiter,1
6.69,3,EEE,0,0,3,3.6,3,4.2,0,0,96,1414,21.19,Not Placed,0
5.4,3,IT,0,0,5,0.8,4,5.63,338,25,133,1249,28.05,Not Placed,0
7.96,0,ECE,1,1,4,5.37,4,3.87,609,25,0,0,42.66,Mass Recruiter,1
6.02,0,IT,0,0,3,1.12,5,5.13,551,25,231,1659,48.02,Mass Recruiter,1
6.15,1,IT,1,1,2,2.82,1,4.46,227,18,0,0,24.08,Not Placed,0
7.62,0,IT,0,0,3,2.47,8,5.51,543,28,0,0,30.94,Not Placed,0
6.92,1,Civil,0,0,2,1.99,0,1.63,160,11,75,1205,19.5,Not Placed,0
6.59,1,IT,0,0,2,1.94,3,3.61,163,8,194,1643,30.62,Not Placed,0
7.77,0,Mechanical,2,6,0,0.0,1,2.58,0,0,51,1293,31.13,Not Placed,0
7.15,1,ECE,0,0,1,2.83,4,3.95,0,0,0,0,15.35,Not Placed,0
6.27,0,Chemical,0,0,0,0.0,1,1.51,14,1,0,0,9.19,Not Placed,0
7.39,0,CS,1,3,4,5.69,4,5.24,573,27,0,0,48.25,Mass Recruiter,1
7.33,2,ECE,0,0,2,2.83,5,5.38,0,0,200,1420,24.03,Not Placed,0
6.4,2,EEE,0,0,1,0.3,3,3.65,57,6,252,1338,24.05,Not Placed,0
7.23,0,ECE,0,0,3,4.14,0,4.27,0,0,0,0,19.76,Not Placed,0
6.02,1,Mechanical,0,0,4,3.33,1,4.54,358,24,0,0,18.87,Not Placed,0
6.57,0,IT,1,3,2,4.94,3,3.89,0,0,151,1615,44.34,Mass Recruiter,1
8.22,0,Mechanical,2,3,2,5.27,0,3.87,514,36,0,0,44.23,Mass Recruiter,1
6.73,2,CS,0,0,4,3.14,3,6.25,0,0,0,0,31.52,Not Placed,0
6.58,2,Chemical,0,0,3,1.47,0,1.0,244,38,83,1230,23.55,Not Placed,0
7.25,3,ECE,2,8,2,4.39,7,4.72,640,19,181,1611,57.27,Mid-tier,1
7.79,0,Biotech,0,0,2,3.06,2,2.62,171,10,0,0,18.94,Not Placed,0
5.37,4,ECE,1,1,4,1.74,1,5.73,0,0,41,1179,21.06,Not Placed,0
5.78,1,CS,1,4,4,2.48,3,4.45,474,19,0,0,30.35,Not Placed,0
6.34,1,IT,0,0,2,2.64,4,4.71,0,0,0,0,20.07,Not Placed,0
6.74,0,Civil,0,0,2,3.73,1,2.06,268,9,0,0,16.68,Not Placed,0
7.77,0,IT,2,6,4,6.03,2,5.7,904,36,0,0,60.19,Mid-tier,1
6.13,0,CS,1,6,3,1.61,4,5.46,472,36,291,1225,58.07,Mid-tier,1
6.65,1,ECE,1,3,4,2.85,2,4.83,632,18,99,1157,39.61,Mass Recruiter,1
7.51,0,IT,1,3,3,3.47,3,4.54,0,0,0,0,31.02,Not Placed,0
5.72,5,EEE,0,0,2,1.44,2,2.29,175,8,154,1390,19.31,Not Placed,0
7.11,1,ECE,0,0,4,2.18,3,5.1,554,35,0,0,32.64,Not Placed,0
6.82,1,CS,2,4,4,5.29,2,4.72,671,2,196,1257,57.95,Mid-tier,1
7.78,2,Mechanical,0,0,0,0.0,2,1.29,0,0,0,0,17.14,Not Placed,0
8.0,0,ECE,1,3,5,5.11,3,5.43,322,27,167,1549,53.6,Mass Recruiter,1
8.86,0,CS,1,1,4,3.64,1,6.22,501,15,269,2110,61.99,Mid-tier,1
7.49,0,CS,0,0,3,1.06,2,6.42,251,27,166,1309,42.85,Mass Recruiter,1
5.35,0,CS,2,8,2,1.97,2,5.25,489,37,171,1474,48.53,Mass Recruiter,1
6.45,2,CS,0,0,3,2.42,7,5.61,622,44,129,1399,36.37,Mass Recruiter,1
7.1,1,ECE,1,3,3,3.03,2,5.62,601,32,108,1541,35.74,Mass Recruiter,1
7.57,3,Mechanical,1,3,1,4.13,2,2.75,0,0,0,0,23.4,Not Placed,0
9.28,0,Mechanical,0,0,2,2.79,3,3.52,0,0,98,1109,35.14,Mass Recruiter,1
7.55,0,CS,0,0,4,2.88,4,5.74,649,20,235,1523,47.24,Mass Recruiter,1
7.84,0,CS,1,3,2,2.36,3,4.64,592,10,212,1642,45.55,Mass Recruiter,1
7.19,1,Civil,0,0,4,3.22,2,5.06,0,0,10,1109,26.48,Not Placed,0
6.19,0,EEE,0,0,2,1.91,0,3.21,0,0,0,0,20.13,Not Placed,0
7.14,0,CS,1,3,1,1.14,1,5.5,260,8,253,1457,38.05,Mass Recruiter,1
5.04,2,ECE,1,3,3,0.92,2,5.19,446,34,144,1324,30.48,Not Placed,0
7.08,0,CS,0,0,4,3.18,2,5.46,582,17,163,1386,36.77,Mass Recruiter,1
7.65,0,Mechanical,0,0,4,3.7,2,2.09,0,0,75,1489,31.53,Not Placed,0
8.17,0,ECE,1,3,2,3.43,1,4.07,433,9,271,1373,43.68,Mass Recruiter,1
7.06,0,CS,2,6,3,3.61,3,6.26,895,32,294,1565,65.28,Mid-tier,1
8.05,0,Mechanical,0,0,2,5.82,1,2.12,0,20,0,0,24.57,Not Placed,0
7.74,1,Civil,1,3,1,5.66,5,2.13,0,0,0,0,29.99,Not Placed,0
8.61,0,IT,1,3,3,5.78,5,6.55,0,0,244,1479,55.7,Mid-tier,1
7.09,1,ECE,0,0,1,0.94,4,3.36,0,0,0,0,16.45,Not Placed,0
8.63,0,ECE,0,0,1,4.39,4,3.08,0,0,226,1122,35.65,Mass Recruiter,1
8.65,0,ECE,0,0,1,2.44,2,3.37,301,17,239,1576,39.11,Mass Recruiter,1
7.95,0,CS,2,6,5,5.91,3,6.77,469,5,216,1431,67.92,Mid-tier,1
8.56,0,Civil,0,0,1,3.2,2,1.96,0,0,210,1329,29.76,Not Placed,0
7.86,0,ECE,0,0,3,2.87,5,3.92,873,18,272,1782,52.94,Mass Recruiter,1
6.91,0,EEE,0,0,1,1.41,2,1.96,151,5,0,0,14.3,Not Placed,0
7.07,1,ECE,1,3,1,2.27,0,3.01,0,0,187,1407,21.43,Not Placed,0
8.93,0,Mechanical,1,3,0,0.0,5,4.16,284,12,0,0,33.5,Not Placed,0
7.78,1,IT,2,4,3,3.86,2,6.04,438,15,220,1432,52.72,Mass Recruiter,1
7.5,1,CS,1,3,6,4.98,2,5.74,400,29,204,1422,55.07,Mid-tier,1
6.53,2,ECE,3,12,0,0.0,3,4.97,0,0,0,0,36.43,Mass Recruiter,1
6.23,2,ECE,1,2,2,1.26,5,4.34,555,42,117,1343,38.89,Mass Recruiter,1
5.59,2,ECE,3,14,4,4.95,2,6.1,456,33,81,1444,53.89,Mass Recruiter,1
6.18,1,Mechanical,0,0,2,2.62,1,2.6,64,9,78,1448,29.3,Not Placed,0
8.86,1,CS,2,4,4,6.16,3,4.9,549,30,223,1366,63.59,Mid-tier,1
7.76,0,Civil,0,0,3,3.32,1,2.71,0,0,0,0,20.41,Not Placed,0
7.03,2,CS,1,4,4,2.51,0,4.57,357,41,187,1606,40.19,Mass Recruiter,1
8.81,1,ECE,0,0,2,4.28,4,5.3,237,7,164,1515,44.21,Mass Recruiter,1
5.68,1,Biotech,0,0,0,0.0,0,1.28,0,0,69,1264,1.21,Not Placed,0
8.06,0,CS,3,14,3,6.95,4,6.19,0,0,162,1605,58.13,Mid-tier,1
6.41,4,ECE,1,3,1,1.46,1,3.44,446,34,110,1451,36.98,Mass Recruiter,1
9.02,0,Civil,0,0,2,4.32,2,2.3,0,0,120,1519,26.72,Not Placed,0
5.77,5,CS,1,2,5,2.23,3,6.29,210,9,0,0,23.22,Not Placed,0
7.75,1,Mechanical,0,0,2,3.86,4,2.91,0,0,0,0,24.31,Not Placed,0
7.4,1,ECE,1,3,5,5.19,4,7.55,348,16,205,1675,50.24,Mass Recruiter,1
7.15,0,CS,1,4,4,3.23,1,5.55,56,26,408,1559,60.35,Mid-tier,1
7.58,0,EEE,1,4,3,5.75,1,4.82,0,0,0,0,26.42,Not Placed,0
7.58,0,CS,1,8,1,2.2,6,5.66,403,39,630,1865,60.92,Mid-tier,1
8.26,0,ECE,2,8,2,4.57,3,4.01,373,25,70,1738,69.44,Mid-tier,1
7.14,1,Mechanical,1,3,0,0.0,4,4.12,0,0,0,0,23.76,Not Placed,0
6.57,1,Mechanical,1,6,1,1.27,2,3.5,0,0,0,0,18.88,Not Placed,0
8.24,0,IT,2,4,2,4.72,3,6.26,574,39,0,0,48.56,Mass Recruiter,1
7.71,0,Chemical,0,0,0,0.0,3,1.42,0,0,0,0,16.37,Not Placed,0
5.84,1,CS,0,0,3,2.86,2,5.3,0,0,0,1438,29.19,Not Placed,0
6.42,4,CS,1,4,2,2.45,4,3.19,554,15,220,1420,36.97,Mass Recruiter,1
6.07,0,ECE,0,0,7,2.64,1,6.05,321,20,0,0,18.59,Not Placed,0
6.45,0,CS,2,8,4,4.78,4,5.66,575,43,269,1456,61.33,Mid-tier,1
6.26,2,Mechanical,0,0,1,0.3,2,2.21,104,7,82,1366,19.8,Not Placed,0
8.05,2,CS,2,4,4,5.43,5,7.12,433,20,656,2108,73.28,Mid-tier,1
8.32,0,CS,1,2,5,4.53,1,6.08,738,22,609,1754,74.03,FAANG,1
6.27,0,Chemical,1,2,2,1.16,0,4.15,0,0,0,1172,26.37,Not Placed,0
6.73,1,IT,1,4,1,3.39,5,4.42,353,23,200,1637,38.84,Mass Recruiter,1
5.78,3,Chemical,0,0,3,0.94,2,2.97,0,0,0,0,1.06,Not Placed,0
6.9,2,CS,2,8,2,2.36,2,5.56,1007,38,0,0,35.03,Mass Recruiter,1
6.51,3,CS,0,0,7,4.52,2,7.05,354,24,115,1441,37.6,Mass Recruiter,1
7.92,0,CS,2,8,4,3.77,6,7.37,651,21,591,1851,85.84,FAANG,1
7.6,0,ECE,0,0,3,2.23,4,5.06,0,0,177,1356,38.88,Mass Recruiter,1
8.96,0,Biotech,1,4,2,4.87,0,2.47,753,18,0,0,29.35,Not Placed,0
7.83,0,Mechanical,0,0,0,0.0,2,1.76,0,0,0,0,17.13,Not Placed,0
6.52,1,IT,0,0,3,1.54,6,6.75,598,28,141,1435,34.1,Not Placed,0
6.88,1,EEE,2,4,4,3.72,3,5.54,0,0,0,0,25.04,Not Placed,0
7.63,2,IT,1,2,5,3.31,4,6.28,283,33,228,1446,53.4,Mass Recruiter,1
5.74,4,IT,0,0,3,2.47,1,5.11,550,16,66,1221,35.05,Mass Recruiter,1
6.48,4,CS,2,4,4,2.7,6,6.41,273,29,229,1810,46.67,Mass Recruiter,1
9.29,0,Mechanical,0,0,4,5.05,3,3.37,0,0,84,1755,33.93,Not Placed,0
7.21,0,Mechanical,0,0,1,1.83,1,2.16,0,0,0,0,6.61,Not Placed,0
6.81,1,ECE,2,8,3,3.66,4,6.28,0,0,0,0,24.81,Not Placed,0
7.23,2,ECE,0,0,3,1.79,4,3.76,470,37,102,1548,28.11,Not Placed,0
8.62,0,Mechanical,0,0,4,4.23,2,3.98,0,0,0,0,22.52,Not Placed,0
7.96,1,ECE,1,4,2,2.7,0,2.93,808,37,348,1736,52.27,Mass Recruiter,1
8.18,1,CS,2,4,3,6.18,8,6.94,285,11,197,1695,54.92,Mass Recruiter,1
7.4,1,Mechanical,0,0,3,3.71,2,2.71,762,29,102,1406,33.51,Not Placed,0
7.03,3,CS,1,4,0,0.0,2,4.25,0,0,304,1407,31.72,Not Placed,0
8.55,0,CS,2,8,3,6.26,2,5.45,596,35,407,1892,73.45,Mid-tier,1
6.97,2,CS,1,3,2,3.87,2,4.43,570,40,227,1623,44.3,Mass Recruiter,1
5.78,2,EEE,0,0,6,1.52,1,4.38,0,0,0,0,18.64,Not Placed,0
8.97,0,ECE,0,0,2,2.9,2,4.03,119,1,599,2055,49.78,Mass Recruiter,1
7.15,0,ECE,0,0,0,0.0,2,2.31,0,0,0,0,5.67,Not Placed,0
6.29,2,Biotech,0,0,5,3.48,2,3.87,447,34,119,1505,31.15,Not Placed,0
7.75,2,IT,1,3,1,3.7,1,4.03,0,0,200,1849,28.96,Not Placed,0
5.59,2,CS,1,6,4,4.23,1,5.33,0,0,119,1317,39.08,Mass Recruiter,1
6.15,0,Mechanical,0,0,1,0.74,2,3.32,0,0,81,1568,18.89,Not Placed,0
6.09,1,IT,0,0,3,3.36,3,4.47,517,29,69,1343,42.0,Mass Recruiter,1
5.77,5,ECE,1,2,3,3.51,1,4.37,727,51,0,0,24.54,Not Placed,0
6.11,2,IT,0,0,3,0.86,2,4.12,0,0,217,1215,22.71,Not Placed,0
7.86,0,CS,0,0,1,1.89,5,4.57,150,7,398,2108,44.38,Mass Recruiter,1
6.86,1,ECE,1,2,6,4.39,1,5.51,597,61,0,0,37.63,Mass Recruiter,1
7.98,0,IT,1,3,5,3.67,5,6.1,929,24,424,1568,63.39,Mid-tier,1
7.49,0,Biotech,0,0,4,3.32,5,2.8,622,32,110,1417,33.68,Not Placed,0
5.35,1,Mechanical,1,1,1,1.23,1,2.68,23,16,0,0,22.06,Not Placed,0
6.68,0,EEE,0,0,2,1.05,3,3.9,165,15,0,0,11.62,Not Placed,0
7.14,0,CS,1,1,3,3.41,3,5.17,604,19,85,1477,42.4,Mass Recruiter,1
7.35,1,CS,1,2,4,5.21,2,5.65,683,21,263,1447,55.18,Mid-tier,1
7.31,1,Mechanical,0,0,0,0.0,4,2.66,44,8,0,0,12.74,Not Placed,0
5.76,3,EEE,1,4,2,3.59,2,4.58,802,26,0,0,22.07,Not Placed,0
5.67,3,Mechanical,0,0,1,0.3,0,2.07,0,0,102,1151,9.05,Not Placed,0
8.16,0,CS,1,2,3,4.94,3,5.89,363,21,0,0,29.44,Not Placed,0
5.99,6,CS,1,3,3,2.27,5,6.58,742,12,0,0,26.67,Not Placed,0
7.2,3,Mechanical,2,4,4,3.77,1,4.22,321,33,134,1364,52.29,Mass Recruiter,1
5.3,3,CS,1,4,4,2.08,1,5.76,158,34,189,1491,36.35,Mass Recruiter,1
6.31,2,ECE,1,8,2,4.75,3,5.52,519,21,37,1524,42.29,Mass Recruiter,1
9.28,0,EEE,1,2,2,6.01,1,2.83,0,0,95,1466,41.18,Mass Recruiter,1
7.8,0,CS,1,3,2,2.78,1,4.2,0,0,0,0,25.52,Not Placed,0
5.64,2,Civil,1,2,0,0.0,1,2.19,0,0,0,0,6.93,Not Placed,0
6.31,0,Chemical,0,0,3,1.07,0,2.23,602,12,0,0,21.9,Not Placed,0
9.01,0,IT,0,0,6,6.2,2,5.22,675,28,214,1420,58.02,Mid-tier,1
9.4,0,CS,1,4,1,5.99,3,5.55,604,24,537,1655,58.14,Mid-tier,1
6.31,2,Civil,0,0,4,1.37,1,4.12,621,16,36,1401,27.28,Not Placed,0
8.76,1,ECE,0,0,5,5.06,3,4.41,353,24,153,1842,47.83,Mass Recruiter,1
7.72,0,Mechanical,0,0,3,3.05,3,4.01,769,24,107,1366,35.9,Mass Recruiter,1
7.4,0,ECE,0,0,3,3.12,2,5.19,741,28,0,0,23.88,Not Placed,0
6.29,3,IT,2,8,0,0.0,3,5.14,304,10,0,0,24.69,Not Placed,0
6.28,1,Civil,0,0,1,3.12,2,2.79,0,0,66,1422,9.76,Not Placed,0
7.74,1,IT,1,3,3,4.14,4,4.89,892,11,109,1963,59.0,Mid-tier,1
6.46,4,Mechanical,0,0,2,3.38,2,2.83,0,0,0,0,8.27,Not Placed,0
8.06,0,ECE,0,0,3,3.16,1,3.55,543,27,120,1291,40.7,Mass Recruiter,1
6.92,1,EEE,2,6,2,2.2,3,3.27,261,28,0,0,34.54,Not Placed,0
6.96,0,Mechanical,2,4,0,0.0,2,3.25,305,32,0,0,37.07,Mass Recruiter,1
6.23,0,IT,1,3,2,1.99,3,5.52,569,13,96,1442,34.32,Not Placed,0
6.7,2,Civil,2,6,2,2.4,1,2.08,628,25,0,0,33.44,Not Placed,0
7.19,1,CS,2,8,5,5.88,7,8.01,0,0,120,1606,54.58,Mass Recruiter,1
6.63,0,IT,1,3,3,2.3,4,6.16,679,43,197,1359,36.9,Mass Recruiter,1
9.18,1,ECE,1,4,5,6.29,2,5.71,538,18,0,0,44.82,Mass Recruiter,1
5.32,1,CS,1,3,7,2.79,2,5.17,727,26,0,0,34.81,Not Placed,0
7.75,0,Civil,0,0,3,5.13,4,3.6,427,36,29,1562,29.92,Not Placed,0
7.96,0,Civil,0,0,1,2.41,0,1.0,31,5,0,0,17.37,Not Placed,0
6.06,1,CS,1,3,2,3.42,0,3.86,592,29,205,1310,40.35,Mass Recruiter,1
6.67,3,CS,3,10,3,3.15,2,6.36,481,22,362,1716,55.46,Mid-tier,1
5.78,2,CS,2,6,4,2.41,2,6.82,0,0,95,1399,42.5,Mass Recruiter,1
6.82,0,EEE,0,0,1,2.12,2,2.51,52,4,0,0,17.46,Not Placed,0
9.46,0,CS,1,3,5,7.15,3,5.21,382,42,586,1542,70.23,Mid-tier,1
6.21,1,CS,3,6,4,3.25,3,7.09,903,34,87,1704,54.16,Mass Recruiter,1
5.74,1,Chemical,0,0,1,1.27,1,1.56,0,0,0,0,-8.52,Not Placed,0
5.17,3,Mechanical,0,0,2,2.77,1,3.0,0,0,121,1203,9.96,Not Placed,0
6.65,3,IT,0,0,6,5.13,3,7.32,638,34,215,1495,48.26,Mass Recruiter,1
6.4,0,ECE,1,2,3,1.87,4,5.32,450,26,87,1325,36.98,Mass Recruiter,1
8.49,0,Mechanical,0,0,4,4.22,5,4.37,647,11,46,1491,43.29,Mass Recruiter,1
6.41,1,CS,0,0,3,1.77,1,4.38,552,20,217,1394,45.78,Mass Recruiter,1
8.68,0,Biotech,0,0,1,3.43,3,2.28,229,7,0,0,17.66,Not Placed,0
6.8,2,CS,2,8,3,4.55,3,6.28,630,21,215,1464,53.96,Mass Recruiter,1
9.19,0,ECE,3,10,2,5.3,1,5.84,388,28,86,1486,66.54,Mid-tier,1
7.36,1,IT,3,8,2,3.94,3,5.52,382,37,204,1546,60.43,Mid-tier,1
6.99,1,ECE,0,0,4,4.63,2,4.11,0,0,0,0,23.3,Not Placed,0
6.76,0,EEE,2,8,1,1.9,5,4.98,864,18,0,0,46.89,Mass Recruiter,1
8.85,0,Mechanical,0,0,1,3.9,4,4.19,0,0,0,0,25.51,Not Placed,0
7.67,0,CS,0,0,3,1.77,3,5.08,698,34,195,1226,42.94,Mass Recruiter,1
6.97,2,ECE,0,0,2,1.83,4,4.83,202,6,61,1589,24.46,Not Placed,0
7.05,0,Mechanical,1,2,2,1.83,2,3.05,553,38,0,0,31.53,Not Placed,0
6.33,0,CS,2,3,3,3.67,1,5.22,638,18,0,0,48.57,Mass Recruiter,1
6.25,1,Mechanical,0,0,2,2.34,0,3.61,192,11,0,0,7.45,Not Placed,0
7.75,0,Mechanical,0,0,1,3.22,0,1.1,0,0,108,1548,24.46,Not Placed,0
5.69,5,CS,0,0,4,0.93,3,5.05,0,0,0,0,0.09,Not Placed,0
7.24,0,IT,0,0,2,1.85,2,5.06,298,7,229,1854,35.07,Mass Recruiter,1
9.14,0,CS,2,4,4,5.25,3,5.03,727,23,0,0,55.46,Mid-tier,1
7.91,1,Mechanical,2,8,3,4.3,2,3.86,330,46,0,0,41.53,Mass Recruiter,1
6.42,1,CS,4,10,4,5.38,5,8.55,633,26,170,1465,73.33,Mid-tier,1
7.39,1,CS,0,0,3,2.27,2,4.55,360,3,219,1787,32.52,Not Placed,0
6.66,0,Mechanical,0,0,3,3.07,3,3.68,0,0,0,0,23.61,Not Placed,0
8.78,0,IT,2,4,1,6.12,3,4.32,652,15,228,1672,56.14,Mid-tier,1
8.53,0,IT,2,3,2,3.52,4,4.28,0,0,239,1456,56.62,Mid-tier,1
9.47,0,CS,2,3,5,6.5,3,7.15,140,30,0,0,62.02,Mid-tier,1
5.65,1,CS,0,0,4,2.65,3,4.6,606,32,83,1199,29.27,Not Placed,0
9.06,0,ECE,1,3,2,4.81,7,5.83,737,30,161,1661,46.7,Mass Recruiter,1
9.26,0,CS,3,10,5,8.5,4,7.93,305,29,163,1749,84.48,FAANG,1
7.89,0,CS,0,0,3,4.26,2,4.87,82,26,638,1871,47.02,Mass Recruiter,1
6.39,2,IT,2,6,4,3.0,2,5.23,613,21,195,1413,56.58,Mid-tier,1
5.72,0,CS,0,0,1,2.02,3,3.53,0,0,116,1601,25.97,Not Placed,0
7.63,0,Mechanical,1,4,3,2.19,1,3.83,823,33,0,0,41.63,Mass Recruiter,1
6.73,0,CS,1,2,2,2.2,4,4.49,410,23,279,1738,59.1,Mid-tier,1
7.28,1,Chemical,1,4,2,3.13,3,3.51,0,0,0,0,29.95,Not Placed,0
8.72,0,Biotech,1,3,1,2.83,2,2.82,0,0,101,1216,27.79,Not Placed,0
8.58,0,CS,1,2,3,4.38,5,5.85,374,34,491,1752,70.16,Mid-tier,1
6.45,0,CS,1,8,1,2.27,1,3.24,172,16,266,1689,40.38,Mass Recruiter,1
6.69,0,Mechanical,0,0,1,2.18,0,1.54,0,0,0,0,13.96,Not Placed,0
6.37,1,Civil,1,3,2,3.65,0,3.66,0,0,0,0,12.59,Not Placed,0
6.96,0,Biotech,0,0,1,0.97,1,2.58,0,0,0,0,13.1,Not Placed,0
5.15,2,EEE,0,0,0,0.0,1,2.36,0,0,77,1527,8.05,Not Placed,0
9.12,0,ECE,1,3,1,2.97,2,4.75,0,0,353,1782,52.89,Mass Recruiter,1
7.56,0,IT,2,4,2,2.28,4,5.32,0,0,329,1506,53.74,Mass Recruiter,1
6.42,2,Civil,0,0,2,2.34,1,2.04,0,0,0,0,9.68,Not Placed,0
6.23,3,IT,0,0,4,3.19,1,6.5,433,33,0,0,23.51,Not Placed,0
8.96,0,CS,2,3,2,4.91,4,6.23,275,39,841,1837,65.54,Mid-tier,1
7.21,1,ECE,1,4,2,3.72,2,2.51,0,0,301,1420,35.55,Mass Recruiter,1
9.34,0,Chemical,0,0,4,7.17,1,3.29,533,27,157,1596,51.42,Mass Recruiter,1
8.76,0,CS,1,2,5,4.9,1,6.56,582,18,193,1767,57.52,Mid-tier,1
6.99,2,Mechanical,2,4,2,1.81,0,3.09,0,0,89,1392,32.77,Not Placed,0
6.42,0,Civil,2,6,1,1.23,3,2.87,0,0,0,0,30.52,Not Placed,0
5.57,1,CS,0,0,2,1.31,1,3.21,616,33,21,1406,20.3,Not Placed,0
7.13,0,CS,2,10,4,2.22,0,5.28,0,0,0,0,28.75,Not Placed,0
6.71,2,Civil,0,0,3,3.84,3,3.67,576,34,0,0,22.82,Not Placed,0
7.34,0,IT,0,0,1,1.28,2,3.56,81,6,223,1297,26.77,Not Placed,0
5.14,2,CS,0,0,3,1.03,3,5.65,238,31,128,1533,23.52,Not Placed,0
8.23,0,IT,1,3,2,3.48,4,5.72,551,54,153,1768,53.76,Mass Recruiter,1
7.56,1,ECE,1,2,3,4.88,4,3.9,0,0,0,0,30.99,Not Placed,0
5.6,1,ECE,0,0,4,3.3,4,4.22,0,0,108,1462,34.85,Not Placed,0
7.13,0,CS,3,12,3,3.77,2,6.16,445,28,202,1579,67.51,Mid-tier,1
8.57,0,IT,0,0,3,3.5,0,4.12,379,41,195,1283,41.28,Mass Recruiter,1
7.72,0,CS,0,0,4,5.7,3,5.67,0,0,331,1692,45.14,Mass Recruiter,1
7.66,0,ECE,1,4,2,4.8,2,2.9,132,29,260,1170,48.37,Mass Recruiter,1
6.17,0,Mechanical,0,0,3,3.67,1,3.2,0,0,0,0,16.56,Not Placed,0
7.46,0,ECE,3,8,6,6.07,6,8.18,595,18,95,1383,63.25,Mid-tier,1
7.45,0,EEE,0,0,1,2.88,2,3.7,1,3,0,0,18.9,Not Placed,0
7.48,0,EEE,1,3,1,4.11,0,3.91,387,34,108,1262,35.19,Mass Recruiter,1
6.64,0,Mechanical,0,0,1,1.31,0,2.16,0,0,0,0,12.62,Not Placed,0
6.42,0,ECE,1,3,3,1.33,0,5.08,562,37,0,0,30.07,Not Placed,0
5.8,3,CS,1,2,2,1.84,1,5.63,526,15,139,1569,34.88,Not Placed,0
5.56,3,ECE,1,3,0,0.0,1,2.75,0,0,0,0,10.64,Not Placed,0
5.3,3,Mechanical,0,0,2,0.3,1,2.31,0,0,56,1160,9.55,Not Placed,0
7.57,1,Civil,1,4,2,2.35,1,2.99,419,36,0,0,26.9,Not Placed,0
7.24,3,EEE,1,2,2,2.6,0,3.79,0,0,122,1368,21.88,Not Placed,0
8.54,0,IT,1,3,3,6.08,5,5.85,0,0,387,1270,45.71,Mass Recruiter,1
5.96,4,ECE,1,6,5,3.93,2,5.85,625,22,104,1467,43.71,Mass Recruiter,1
5.63,3,IT,0,0,2,1.41,2,4.02,170,13,97,1445,17.24,Not Placed,0
8.47,0,Mechanical,0,0,2,5.35,1,1.53,329,17,73,1420,33.02,Not Placed,0
5.41,2,Mechanical,1,4,2,2.75,0,3.58,0,0,0,0,15.06,Not Placed,0
9.09,0,CS,1,4,4,3.92,5,6.41,600,24,613,1645,62.23,Mid-tier,1
8.91,0,IT,0,0,3,3.58,1,5.04,553,22,0,0,34.92,Not Placed,0
8.97,0,CS,1,8,3,6.56,4,6.64,776,43,285,1527,69.31,Mid-tier,1
5.54,0,CS,0,0,3,0.3,1,5.38,434,32,194,1450,28.41,Not Placed,0
7.75,1,Chemical,2,4,1,4.11,1,1.82,0,0,0,0,25.51,Not Placed,0
6.03,2,EEE,2,6,3,5.33,3,4.67,0,0,0,0,36.81,Mass Recruiter,1
7.61,0,Chemical,1,2,2,3.35,1,3.69,0,0,0,0,16.78,Not Placed,0
7.84,0,CS,1,2,4,5.43,1,5.52,0,0,0,0,30.52,Not Placed,0
9.12,0,CS,1,6,4,6.45,6,5.88,428,36,177,1401,62.15,Mid-tier,1
6.84,1,CS,1,4,4,2.59,3,5.66,504,20,0,0,34.96,Not Placed,0
6.2,1,Chemical,0,0,1,0.98,2,1.0,208,15,35,1460,24.79,Not Placed,0
6.18,1,CS,2,8,4,3.72,2,7.52,0,0,316,1724,49.24,Mass Recruiter,1
9.24,0,ECE,2,4,4,6.5,4,5.46,620,13,105,1426,62.81,Mid-tier,1
6.21,1,IT,0,0,4,3.32,3,4.25,647,33,183,1606,43.65,Mass Recruiter,1
5.92,0,IT,0,0,3,2.52,2,5.09,715,43,73,1363,33.58,Not Placed,0
7.32,0,CS,0,0,4,4.02,5,5.29,192,20,169,1547,39.62,Mass Recruiter,1
7.42,0,Biotech,0,0,1,2.09,1,1.41,0,0,0,0,18.49,Not Placed,0
7.34,0,ECE,0,0,1,1.79,4,3.56,24,6,81,1270,13.24,Not Placed,0
6.64,0,Civil,0,0,0,0.0,0,1.0,0,0,0,0,8.87,Not Placed,0
7.94,2,ECE,2,4,3,5.16,3,4.87,487,18,78,1496,48.23,Mass Recruiter,1
6.57,0,Civil,0,0,2,2.51,0,1.81,169,10,0,0,24.25,Not Placed,0
7.19,1,IT,1,3,5,4.28,1,4.98,666,28,273,1721,50.67,Mass Recruiter,1
7.43,0,CS,0,0,1,3.5,2,3.81,220,6,324,1787,50.16,Mass Recruiter,1
6.36,0,IT,2,3,3,3.45,4,6.46,0,0,326,1243,53.51,Mass Recruiter,1
8.88,0,CS,1,8,6,4.0,6,6.85,613,20,606,1956,80.64,FAANG,1
7.2,2,IT,3,10,2,5.08,1,5.64,494,32,233,1736,75.46,FAANG,1
7.36,0,CS,0,0,6,5.36,2,6.71,327,45,94,1421,50.41,Mass Recruiter,1
6.78,1,IT,0,0,5,4.07,2,6.31,0,0,83,1309,32.27,Not Placed,0
5.82,1,CS,0,0,3,2.9,3,4.65,741,36,96,1564,25.91,Not Placed,0
6.27,2,CS,0,0,0,0.0,1,3.55,55,3,0,0,18.72,Not Placed,0
6.22,0,Mechanical,0,0,0,0.0,2,2.17,0,0,0,0,8.67,Not Placed,0
5.56,2,ECE,0,0,1,1.92,3,4.17,145,16,0,0,11.85,Not Placed,0
6.05,0,CS,1,3,6,4.44,2,6.03,529,20,159,1718,53.37,Mass Recruiter,1
6.07,0,IT,1,1,4,5.17,2,6.92,573,25,70,1438,39.88,Mass Recruiter,1
5.78,4,Civil,1,3,0,0.0,1,1.32,0,0,141,1266,11.31,Not Placed,0
5.97,3,IT,1,6,4,3.57,1,4.5,244,40,0,0,27.74,Not Placed,0
6.33,0,CS,1,2,6,2.55,4,5.69,420,37,223,1697,59.88,Mid-tier,1
9.05,0,Biotech,0,0,1,1.68,1,2.44,0,0,121,1249,29.76,Not Placed,0
5.76,2,ECE,0,0,1,0.31,1,3.43,104,7,297,1703,17.98,Not Placed,0
8.44,0,IT,3,8,4,5.68,1,5.47,629,16,0,0,66.86,Mid-tier,1
8.83,0,CS,0,0,3,4.76,5,5.88,514,42,0,0,34.72,Not Placed,0
8.49,0,CS,1,4,4,5.44,5,6.29,905,3,601,1876,58.24,Mid-tier,1
5.59,2,CS,1,3,4,2.75,3,5.56,588,21,15,1212,40.33,Mass Recruiter,1
6.11,0,CS,3,12,2,3.07,6,6.12,511,43,130,1508,63.03,Mid-tier,1
7.85,1,CS,2,6,3,4.92,3,6.05,629,26,133,1770,57.68,Mid-tier,1
5.77,2,ECE,1,3,2,1.81,4,3.98,587,13,102,1369,32.5,Not Placed,0
5.92,1,Civil,0,0,3,2.42,0,1.59,0,0,0,0,7.73,Not Placed,0
6.43,2,IT,2,3,4,2.18,3,5.84,528,40,0,0,53.6,Mass Recruiter,1
7.74,0,Biotech,0,0,0,0.0,1,2.69,0,0,0,0,16.55,Not Placed,0
9.14,0,IT,0,0,2,3.97,2,5.49,380,27,419,1939,45.87,Mass Recruiter,1
7.55,0,Civil,0,0,2,2.39,2,3.29,0,0,0,0,13.84,Not Placed,0
6.71,3,CS,1,2,4,3.53,1,6.15,256,17,150,1569,37.39,Mass Recruiter,1
5.78,4,Chemical,0,0,2,0.62,1,1.91,0,0,0,0,-2.66,Not Placed,0
6.62,3,ECE,1,4,2,2.91,3,3.99,622,27,133,1657,34.14,Not Placed,0
6.73,0,IT,0,0,4,4.41,2,6.26,605,24,265,1443,43.63,Mass Recruiter,1
7.48,1,CS,4,8,3,4.74,3,7.28,717,30,463,2197,85.12,FAANG,1
5.82,1,Civil,0,0,0,0.0,0,1.08,0,0,0,0,14.31,Not Placed,0
7.33,0,Chemical,0,0,2,2.97,0,2.02,62,16,42,1421,17.47,Not Placed,0
8.49,0,IT,0,0,4,3.66,3,5.59,457,26,312,1805,46.47,Mass Recruiter,1
7.2,1,CS,2,6,5,4.26,5,7.21,562,28,206,1639,70.0,Mid-tier,1
6.25,0,ECE,0,0,4,2.54,5,7.07,579,22,0,0,33.08,Not Placed,0
8.49,1,IT,4,12,4,4.64,3,6.37,437,15,185,1609,67.9,Mid-tier,1
6.87,1,ECE,0,0,4,3.21,1,3.57,0,0,108,1529,33.18,Not Placed,0
6.21,1,CS,0,0,4,2.14,0,4.87,0,0,352,1750,37.69,Mass Recruiter,1
6.94,3,CS,1,2,3,4.06,5,5.77,815,26,404,2139,58.23,Mid-tier,1
5.26,2,CS,0,0,5,1.71,2,4.76,611,43,248,1269,25.09,Not Placed,0
5.55,4,EEE,3,10,1,1.47,0,4.33,556,36,106,1544,42.6,Mass Recruiter,1
5.62,2,IT,2,4,3,2.53,3,6.14,523,30,150,1258,37.19,Mass Recruiter,1
6.81,2,EEE,0,0,0,0.0,2,2.41,58,6,154,1587,19.35,Not Placed,0
8.68,0,Chemical,3,18,2,3.12,1,4.17,0,0,0,0,44.04,Mass Recruiter,1
6.75,0,CS,1,1,2,3.02,5,6.24,493,13,244,1419,40.24,Mass Recruiter,1
6.64,0,EEE,0,0,1,2.39,2,1.0,0,0,196,1392,33.37,Not Placed,0
7.0,1,EEE,1,6,1,3.77,2,3.01,0,0,0,0,25.61,Not Placed,0
7.17,0,IT,1,2,4,4.08,2,5.11,268,34,177,1878,57.37,Mid-tier,1
6.96,0,ECE,0,0,1,2.24,3,3.11,184,3,0,0,7.86,Not Placed,0
7.38,0,Civil,2,4,3,2.92,3,4.07,0,0,124,1448,54.06,Mass Recruiter,1
7.4,1,ECE,1,4,0,0.0,1,2.4,0,0,0,0,10.8,Not Placed,0
5.62,3,Mechanical,0,0,4,1.92,0,2.06,0,0,0,0,5.97,Not Placed,0
9.06,0,CS,1,3,3,6.49,8,6.34,333,39,230,1236,50.59,Mass Recruiter,1
8.62,0,CS,0,0,3,5.74,2,4.56,514,36,495,1727,57.36,Mid-tier,1
7.19,0,CS,0,0,4,4.27,3,4.74,426,40,305,1418,43.24,Mass Recruiter,1
7.66,0,EEE,1,3,1,3.5,4,2.79,142,13,141,1435,20.53,Not Placed,0
7.99,1,IT,2,4,4,5.37,5,4.87,701,25,95,1573,56.64,Mid-tier,1
7.02,2,ECE,0,0,3,2.1,2,4.21,579,26,0,0,16.15,Not Placed,0
6.62,0,IT,1,8,5,4.74,1,6.1,582,25,338,1550,60.7,Mid-tier,1
6.73,1,ECE,1,2,6,4.07,3,4.67,486,26,115,1230,42.03,Mass Recruiter,1
6.29,0,IT,1,6,6,3.26,4,7.41,0,0,138,1505,45.87,Mass Recruiter,1
7.85,0,EEE,1,8,3,3.25,3,3.7,186,36,74,1377,45.77,Mass Recruiter,1
6.31,0,EEE,1,2,3,2.47,1,3.6,249,10,0,0,27.4,Not Placed,0
5.78,3,ECE,1,3,4,4.14,5,5.94,311,9,0,0,24.37,Not Placed,0
7.58,0,Chemical,0,0,0,0.0,6,2.2,0,0,0,0,20.98,Not Placed,0
6.84,2,CS,0,0,3,3.09,3,4.26,340,23,226,1262,25.82,Not Placed,0
6.15,2,CS,0,0,4,2.93,1,5.12,661,28,216,1726,47.63,Mass Recruiter,1
6.98,1,Civil,0,0,1,1.49,3,2.27,0,0,0,0,8.91,Not Placed,0
7.29,0,EEE,0,0,2,3.5,3,3.47,160,12,30,1417,20.9,Not Placed,0
8.59,0,Mechanical,0,0,1,2.85,3,2.13,0,0,104,1237,28.98,Not Placed,0
6.07,2,CS,1,6,0,0.0,3,5.58,49,4,177,1737,31.28,Not Placed,0
5.93,4,EEE,0,0,0,0.0,2,1.9,0,0,68,1225,-2.66,Not Placed,0
6.32,0,EEE,0,0,2,0.92,1,3.71,717,27,0,0,19.57,Not Placed,0
7.9,0,EEE,2,3,2,2.66,3,4.76,413,30,195,1556,59.44,Mid-tier,1
7.81,0,Mechanical,0,0,3,3.89,3,3.52,0,0,46,1390,23.25,Not Placed,0
5.05,6,CS,1,2,2,1.76,3,6.08,593,30,108,1438,23.24,Not Placed,0
7.87,0,CS,0,0,3,4.32,2,5.66,513,29,226,1409,49.56,Mass Recruiter,1
6.61,0,EEE,2,6,1,3.09,5,5.47,481,19,0,0,40.09,Mass Recruiter,1
7.93,0,ECE,0,0,3,4.79,2,4.58,0,0,275,1709,36.72,Mass Recruiter,1
7.32,0,CS,1,6,3,4.41,2,5.82,483,19,239,1644,60.94,Mid-tier,1
7.33,0,IT,2,4,0,0.0,2,5.74,402,21,135,1539,34.67,Not Placed,0
6.25,0,CS,1,2,3,4.17,2,5.54,50,27,66,1429,46.63,Mass Recruiter,1
8.98,0,Mechanical,1,3,2,3.47,2,3.25,0,0,55,1390,41.91,Mass Recruiter,1
5.89,0,EEE,0,0,0,0.0,1,1.8,0,0,152,1216,20.05,Not Placed,0
6.47,3,Mechanical,0,0,1,0.3,1,2.56,157,9,0,0,15.0,Not Placed,0
6.11,0,Mechanical,1,4,1,3.59,5,3.61,372,17,0,0,31.75,Not Placed,0
6.53,1,ECE,0,0,2,0.95,1,3.42,85,11,0,0,19.44,Not Placed,0
6.68,1,Mechanical,1,6,1,2.73,1,3.77,465,38,94,1351,33.05,Not Placed,0
7.5,2,Biotech,0,0,2,2.02,2,3.3,0,0,0,0,11.27,Not Placed,0
7.35,3,IT,1,3,1,3.58,2,4.58,446,23,0,0,29.57,Not Placed,0
6.38,0,Mechanical,1,3,2,0.98,2,2.35,525,23,0,0,30.54,Not Placed,0
7.23,0,EEE,1,2,3,3.3,3,4.97,469,30,106,1563,43.57,Mass Recruiter,1
7.28,0,ECE,2,8,2,2.3,3,5.23,0,0,0,0,39.57,Mass Recruiter,1
6.6,0,EEE,0,0,2,2.02,4,3.52,0,0,89,1413,22.11,Not Placed,0
6.01,0,Mechanical,0,0,1,1.08,0,2.77,0,0,0,0,7.97,Not Placed,0
5.76,1,CS,1,2,3,2.48,1,5.41,350,39,183,1554,36.43,Mass Recruiter,1
7.89,0,CS,3,8,5,4.21,2,5.69,644,15,0,0,64.91,Mid-tier,1
7.49,2,CS,0,0,5,4.79,5,6.22,680,28,0,0,34.76,Not Placed,0
6.73,0,IT,0,0,4,2.67,7,6.9,285,35,179,1605,40.11,Mass Recruiter,1
6.45,1,Biotech,0,0,0,0.0,0,1.0,0,0,0,0,1.01,Not Placed,0
8.51,0,ECE,0,0,2,2.84,1,3.62,272,8,0,0,26.59,Not Placed,0
5.5,1,CS,2,3,3,1.15,2,5.39,0,0,351,1856,29.58,Not Placed,0
5.76,5,CS,0,0,2,1.44,0,5.18,241,11,224,1526,19.08,Not Placed,0
6.54,4,CS,1,6,4,3.83,3,6.16,500,36,210,1315,35.3,Mass Recruiter,1
6.62,0,CS,0,0,6,3.9,6,6.58,421,33,223,1478,46.72,Mass Recruiter,1
6.12,3,IT,3,12,4,3.36,4,5.98,579,27,0,0,51.26,Mass Recruiter,1
8.91,0,ECE,0,0,1,2.91,2,3.05,0,0,155,1509,23.07,Not Placed,0
6.28,0,CS,1,2,3,3.36,1,5.53,541,32,0,0,34.39,Not Placed,0
7.29,0,Mechanical,0,0,4,4.69,3,3.84,0,0,0,0,14.2,Not Placed,0
6.82,0,IT,2,8,4,4.46,3,5.4,427,45,232,1679,64.55,Mid-tier,1
7.96,1,ECE,2,8,3,6.86,2,4.74,492,5,317,1420,68.28,Mid-tier,1
6.05,0,CS,0,0,3,1.91,1,4.64,948,35,171,1369,38.65,Mass Recruiter,1
6.33,0,EEE,2,4,0,0.0,1,3.52,0,0,0,0,21.2,Not Placed,0
7.84,1,Mechanical,0,0,4,3.48,2,2.37,410,48,115,1300,31.49,Not Placed,0
7.62,0,Chemical,0,0,6,4.96,3,3.11,734,31,0,0,40.18,Mass Recruiter,1
7.26,0,ECE,0,0,3,1.42,4,3.78,727,42,13,1416,36.21,Mass Recruiter,1
7.17,1,IT,0,0,4,6.19,2,5.28,467,55,197,1380,44.24,Mass Recruiter,1
6.53,0,ECE,1,3,1,2.42,2,3.78,236,9,242,1591,37.35,Mass Recruiter,1
6.37,2,EEE,0,0,0,0.0,3,3.58,0,0,0,0,7.47,Not Placed,0
6.2,1,CS,1,3,5,4.46,4,7.11,186,15,0,0,34.33,Not Placed,0
7.46,2,IT,1,3,3,4.93,2,5.55,478,9,275,1825,45.16,Mass Recruiter,1
7.46,0,IT,0,0,6,3.59,2,6.14,957,45,0,0,37.38,Mass Recruiter,1
5.51,2,CS,0,0,4,1.89,1,6.39,733,24,0,1661,31.21,Not Placed,0
6.68,0,Biotech,0,0,1,0.96,2,2.19,0,0,0,0,7.84,Not Placed,0
7.59,0,ECE,0,0,4,4.13,3,5.22,532,28,140,1465,46.62,Mass Recruiter,1
8.35,0,IT,1,4,4,6.85,5,5.26,0,0,276,1660,58.43,Mid-tier,1
6.43,1,CS,0,0,2,0.3,4,4.62,603,12,0,0,23.43,Not Placed,0
7.23,0,IT,0,0,3,3.74,5,5.47,179,30,219,1552,49.45,Mass Recruiter,1
7.14,1,CS,1,2,2,2.1,4,5.7,395,17,252,1574,44.02,Mass Recruiter,1
6.29,2,Civil,0,0,1,0.3,2,3.09,94,14,0,0,14.13,Not Placed,0
6.09,1,ECE,2,8,5,2.4,4,6.57,0,0,0,0,40.99,Mass Recruiter,1
6.51,2,Mechanical,0,0,2,2.25,1,3.13,204,12,0,0,18.17,Not Placed,0
6.26,2,CS,2,8,5,4.71,7,7.59,1005,20,247,1736,61.41,Mid-tier,1
7.98,0,IT,0,0,4,4.27,1,4.85,342,25,188,1505,49.03,Mass Recruiter,1
7.25,1,CS,0,0,5,3.81,4,5.61,314,22,207,1848,43.82,Mass Recruiter,1
8.35,0,CS,2,8,2,4.92,3,6.06,501,23,555,2396,76.31,FAANG,1
6.79,2,ECE,0,0,4,1.2,0,3.88,302,25,41,1437,27.07,Not Placed,0
7.42,0,IT,3,8,2,4.04,2,5.93,774,38,218,1338,61.12,Mid-tier,1
7.93,0,Mechanical,0,0,2,2.75,2,3.52,69,14,0,0,15.19,Not Placed,0
7.21,0,ECE,3,10,2,4.49,3,4.31,699,23,0,0,47.48,Mass Recruiter,1
7.67,0,CS,2,8,4,6.16,5,7.64,839,0,139,1501,63.02,Mid-tier,1
6.93,0,CS,2,4,4,5.4,2,6.22,730,37,248,1299,64.55,Mid-tier,1
5.99,3,CS,1,2,2,2.59,4,5.29,524,26,139,1621,37.16,Mass Recruiter,1
5.92,4,IT,1,4,5,3.22,4,5.94,564,33,231,1426,42.75,Mass Recruiter,1
8.43,0,IT,1,2,4,6.03,3,6.34,769,17,0,0,49.18,Mass Recruiter,1
8.14,0,ECE,2,3,4,6.91,2,6.55,356,27,162,1430,56.02,Mid-tier,1
7.2,0,ECE,1,6,2,2.68,4,4.37,783,13,0,0,27.38,Not Placed,0
6.71,2,CS,0,0,3,2.84,4,5.69,0,0,239,1674,37.86,Mass Recruiter,1
7.87,2,Mechanical,1,3,3,3.49,1,3.37,425,34,0,0,33.54,Not Placed,0
8.29,0,IT,0,0,3,4.83,2,5.0,921,20,494,1923,51.58,Mass Recruiter,1
6.51,0,CS,0,0,4,2.96,4,5.51,0,0,0,0,26.49,Not Placed,0
8.97,0,IT,0,0,4,3.11,5,7.38,395,43,660,1992,61.86,Mid-tier,1
6.78,0,IT,1,3,1,3.1,6,5.26,220,7,0,0,25.4,Not Placed,0
8.01,1,Mechanical,1,3,1,5.3,3,2.84,488,22,0,0,25.74,Not Placed,0
6.93,1,CS,1,4,3,3.52,3,4.91,901,18,241,1551,45.38,Mass Recruiter,1
7.31,0,CS,1,2,3,4.0,1,5.44,614,34,430,1520,50.96,Mass Recruiter,1
6.49,1,ECE,2,8,3,3.93,3,5.08,931,31,0,0,39.92,Mass Recruiter,1
7.21,0,Chemical,0,0,3,3.07,0,1.75,570,9,0,0,19.5,Not Placed,0
6.98,2,ECE,0,0,4,1.66,7,5.43,398,23,0,0,32.41,Not Placed,0
6.01,2,EEE,2,4,3,3.25,2,4.47,503,26,0,0,35.5,Mass Recruiter,1
8.6,0,EEE,1,2,2,3.32,2,3.17,0,0,0,0,23.48,Not Placed,0
7.51,0,Chemical,0,0,2,2.65,3,2.0,0,0,0,0,6.09,Not Placed,0
7.32,0,IT,1,3,3,4.07,4,5.95,287,42,162,1361,51.03,Mass Recruiter,1
6.41,0,ECE,1,3,1,3.12,3,4.32,0,0,119,1495,40.68,Mass Recruiter,1
6.46,2,Biotech,1,1,1,1.87,1,2.6,0,0,0,0,8.11,Not Placed,0
5.34,5,CS,1,2,3,2.8,6,6.27,395,30,212,1556,28.82,Not Placed,0
6.04,1,EEE,4,14,0,0.0,1,3.54,0,0,86,1390,36.12,Mass Recruiter,1
7.62,0,ECE,2,3,3,3.98,5,6.92,365,25,0,0,38.78,Mass Recruiter,1
8.41,0,IT,1,4,5,7.03,1,5.37,547,27,221,1599,61.33,Mid-tier,1
6.99,1,IT,0,0,3,5.15,3,6.05,0,0,217,1570,32.7,Not Placed,0
6.05,2,ECE,0,0,3,1.94,0,3.2,545,29,273,1520,31.4,Not Placed,0
7.69,1,CS,1,4,2,3.44,3,4.19,690,23,232,1657,55.51,Mid-tier,1
6.54,0,ECE,1,3,2,2.42,2,4.12,446,28,74,1689,39.06,Mass Recruiter,1
8.08,0,Civil,0,0,0,0.0,2,1.28,54,9,57,1401,20.58,Not Placed,0
8.45,1,CS,0,0,2,5.02,2,5.25,648,20,138,1637,42.86,Mass Recruiter,1
8.41,0,IT,0,0,2,3.96,2,3.75,198,3,0,0,25.46,Not Placed,0
7.96,0,IT,1,3,5,4.97,3,6.59,231,0,153,1567,61.58,Mid-tier,1
6.23,3,IT,1,4,3,2.21,4,6.76,0,0,174,1774,41.35,Mass Recruiter,1
7.11,0,CS,1,2,7,4.62,3,7.0,473,17,0,0,40.39,Mass Recruiter,1
6.05,0,Civil,0,0,3,1.02,1,2.78,824,23,0,0,14.52,Not Placed,0
8.6,0,CS,1,4,1,4.34,3,5.51,421,46,169,1483,48.22,Mass Recruiter,1
7.27,0,IT,2,6,4,4.98,1,5.81,719,14,156,1720,53.28,Mass Recruiter,1
6.58,4,Chemical,1,4,1,2.75,4,3.23,0,0,0,0,24.84,Not Placed,0
6.81,2,CS,2,10,6,6.3,0,6.67,411,26,0,0,47.98,Mass Recruiter,1
7.65,0,Mechanical,2,6,3,5.57,6,4.17,392,13,130,1368,44.09,Mass Recruiter,1
7.01,0,EEE,0,0,2,1.6,2,3.35,207,11,0,0,12.99,Not Placed,0
8.78,0,IT,2,4,7,8.23,3,7.25,519,26,242,1545,67.48,Mid-tier,1
8.09,0,EEE,0,0,1,1.83,4,3.23,0,0,0,0,17.73,Not Placed,0
5.86,1,CS,2,4,3,3.81,2,6.66,406,43,257,1355,37.56,Mass Recruiter,1
7.24,0,ECE,1,6,1,3.06,2,3.53,0,0,46,1207,41.07,Mass Recruiter,1
7.07,0,EEE,2,8,2,2.02,5,5.1,0,0,0,0,35.83,Mass Recruiter,1
6.02,3,CS,1,4,5,4.19,4,5.07,285,18,144,1576,44.13,Mass Recruiter,1
7.04,0,ECE,1,3,4,5.69,3,5.57,689,17,0,0,30.2,Not Placed,0
6.34,2,Biotech,0,0,2,2.32,3,2.38,0,0,0,0,1.67,Not Placed,0
9.16,0,CS,1,4,2,5.9,2,5.95,557,15,205,1593,48.23,Mass Recruiter,1
5.65,3,ECE,0,0,3,1.36,1,4.54,31,0,0,0,22.11,Not Placed,0
6.92,0,IT,0,0,3,2.47,1,5.75,600,22,0,0,23.33,Not Placed,0
6.88,2,Chemical,0,0,1,2.23,3,2.62,64,11,67,1396,19.6,Not Placed,0
6.78,0,CS,0,0,3,2.82,2,2.78,275,35,0,0,37.66,Mass Recruiter,1
8.21,0,IT,1,4,5,5.13,6,7.66,0,0,175,1789,56.32,Mid-tier,1
7.01,1,CS,0,0,3,2.66,5,5.52,404,42,179,1545,35.95,Mass Recruiter,1
6.32,0,CS,1,3,3,2.27,4,4.06,448,32,160,1632,43.1,Mass Recruiter,1
7.15,0,IT,1,3,2,4.16,7,6.15,264,27,0,0,32.86,Not Placed,0
9.04,0,CS,1,6,4,6.39,2,5.63,530,24,94,1932,55.97,Mid-tier,1
5.45,2,Chemical,2,8,3,2.99,3,3.69,0,0,35,1297,40.45,Mass Recruiter,1
6.29,0,ECE,1,4,3,4.61,3,3.91,323,27,0,0,34.68,Not Placed,0
6.08,1,Civil,0,0,1,0.78,0,1.68,106,8,2,1157,19.66,Not Placed,0
5.96,0,Mechanical,0,0,1,1.05,1,2.13,68,4,60,1361,18.76,Not Placed,0
5.95,1,CS,0,0,3,3.07,2,5.68,508,32,197,1751,33.66,Not Placed,0
7.34,0,Biotech,1,3,1,4.27,2,1.62,165,21,0,0,27.6,Not Placed,0
8.96,0,ECE,1,4,1,4.46,5,5.34,0,0,115,1596,38.69,Mass Recruiter,1
9.33,0,Civil,0,0,1,3.98,3,2.36,250,11,280,1552,38.33,Mass Recruiter,1
6.63,0,Mechanical,4,10,0,0.0,5,4.46,0,0,0,0,36.41,Mass Recruiter,1
5.33,3,IT,1,4,6,2.58,0,4.11,726,60,58,1509,47.75,Mass Recruiter,1
6.79,0,EEE,0,0,3,2.27,1,2.37,0,0,156,1331,21.27,Not Placed,0
6.13,3,CS,1,6,4,2.88,3,4.98,0,0,131,1481,40.64,Mass Recruiter,1
9.35,0,IT,4,6,4,8.14,4,6.17,0,0,539,1772,82.77,FAANG,1
7.04,0,CS,1,3,4,3.47,3,5.62,0,0,165,1060,49.48,Mass Recruiter,1
5.92,2,IT,4,8,5,4.76,2,6.88,323,25,274,1293,59.69,Mid-tier,1
6.66,2,Mechanical,1,4,0,0.0,0,1.31,273,17,0,0,10.97,Not Placed,0
5.89,1,CS,1,6,4,1.28,1,5.94,728,15,228,1453,43.3,Mass Recruiter,1
6.91,0,Chemical,2,3,3,3.49,1,2.82,0,0,0,0,32.87,Not Placed,0
6.2,2,IT,0,0,1,1.28,1,3.66,162,8,232,1752,25.49,Not Placed,0
7.48,0,CS,1,2,3,3.64,2,4.5,472,36,172,1554,52.35,Mass Recruiter,1
7.26,0,IT,0,0,6,4.03,3,5.67,252,47,131,1313,40.71,Mass Recruiter,1
9.05,0,CS,0,0,3,5.48,2,3.51,522,31,656,2383,66.42,Mid-tier,1
8.02,0,Mechanical,0,0,2,5.11,2,1.63,0,0,0,0,27.6,Not Placed,0
6.17,1,CS,1,4,3,3.93,1,6.13,302,31,140,1456,36.76,Mass Recruiter,1
6.71,1,ECE,0,0,4,3.32,3,5.62,686,20,0,0,23.01,Not Placed,0
7.82,2,ECE,0,0,3,4.41,3,3.96,734,31,96,1163,38.48,Mass Recruiter,1
6.88,1,IT,2,4,5,3.68,5,6.3,316,23,0,0,52.52,Mass Recruiter,1
6.06,2,ECE,1,2,2,1.43,2,3.57,0,0,0,0,24.65,Not Placed,0
7.63,1,ECE,1,3,2,4.88,4,4.22,363,25,0,0,43.1,Mass Recruiter,1
6.51,0,IT,0,0,1,0.85,2,3.6,0,0,179,1492,24.89,Not Placed,0
5.29,1,Biotech,0,0,2,0.98,2,2.52,0,0,0,0,-2.02,Not Placed,0
6.03,2,ECE,1,3,6,4.94,3,5.99,803,33,89,1311,43.06,Mass Recruiter,1
8.94,0,Biotech,0,0,1,4.45,4,3.67,211,17,261,1309,45.08,Mass Recruiter,1
7.75,0,EEE,0,0,1,2.33,0,2.72,0,0,284,1560,31.16,Not Placed,0
7.83,0,CS,4,12,2,3.59,3,6.44,344,26,134,1372,61.43,Mid-tier,1
5.59,1,Civil,0,0,1,1.64,2,2.59,183,8,0,0,10.79,Not Placed,0
6.7,1,IT,0,0,1,0.68,6,5.93,90,9,173,1510,18.19,Not Placed,0
7.19,0,EEE,0,0,0,0.0,2,2.73,22,1,0,0,10.55,Not Placed,0
8.24,0,ECE,1,8,4,5.4,4,6.07,0,0,177,1353,49.61,Mass Recruiter,1
6.92,1,CS,0,0,5,2.5,0,4.34,858,37,262,1667,43.74,Mass Recruiter,1
8.25,0,EEE,0,0,0,0.0,4,2.57,0,0,228,1240,20.89,Not Placed,0
6.17,1,ECE,0,0,4,3.74,4,4.1,536,28,143,1690,33.82,Not Placed,0
8.29,0,ECE,2,10,3,3.65,3,4.17,549,14,86,1239,55.16,Mid-tier,1
6.43,1,CS,2,6,4,3.48,3,6.08,485,17,143,1811,51.94,Mass Recruiter,1
7.22,0,CS,0,0,3,1.67,2,4.74,0,0,176,1811,36.53,Mass Recruiter,1
7.76,0,Mechanical,0,0,2,2.69,0,2.91,268,45,0,0,20.08,Not Placed,0
6.13,0,ECE,2,3,3,6.08,1,4.51,0,0,208,1692,55.64,Mid-tier,1
6.08,1,ECE,1,6,4,3.77,2,4.58,526,23,304,1422,53.29,Mass Recruiter,1
7.5,0,Mechanical,0,0,2,1.94,1,2.91,0,0,0,0,29.06,Not Placed,0
8.65,0,ECE,1,1,4,4.67,3,4.1,400,12,108,1747,59.0,Mid-tier,1
8.88,0,CS,2,3,4,5.12,3,6.11,794,22,400,2044,65.38,Mid-tier,1
6.9,4,CS,1,2,3,3.52,4,5.99,543,31,222,2021,42.55,Mass Recruiter,1
6.78,2,CS,1,3,4,4.98,2,5.8,593,32,255,1321,41.08,Mass Recruiter,1
6.24,3,Mechanical,0,0,1,0.3,2,1.0,0,0,63,1469,16.76,Not Placed,0
6.29,1,IT,3,12,2,3.77,4,4.72,0,0,126,1745,56.16,Mid-tier,1
7.86,2,Mechanical,0,0,3,2.08,1,2.23,431,30,118,1224,29.97,Not Placed,0
6.58,0,EEE,2,8,2,5.24,1,4.63,331,22,196,1333,54.76,Mass Recruiter,1
7.38,0,ECE,0,0,1,2.29,3,4.1,80,7,138,1528,19.22,Not Placed,0
7.06,1,CS,2,3,6,5.5,5,8.15,811,24,264,1581,60.95,Mid-tier,1
7.92,1,IT,0,0,2,3.06,3,4.06,504,30,184,1400,46.24,Mass Recruiter,1
6.53,2,Mechanical,1,8,2,2.94,3,3.64,721,14,23,1120,35.66,Mass Recruiter,1
5.71,3,ECE,3,10,3,2.71,1,6.12,0,0,100,1523,37.98,Mass Recruiter,1
8.69,0,CS,1,3,0,0.0,3,4.21,348,12,420,1649,50.06,Mass Recruiter,1
8.89,0,EEE,0,0,1,3.79,1,1.69,0,0,196,1601,29.75,Not Placed,0
7.92,0,CS,1,6,2,5.01,2,4.91,412,33,0,0,37.98,Mass Recruiter,1
8.93,0,IT,0,0,2,4.42,1,4.31,208,4,343,2048,41.71,Mass Recruiter,1
5.54,1,CS,2,4,4,4.59,6,5.74,572,19,151,1517,51.77,Mass Recruiter,1
6.99,1,CS,1,3,3,4.42,5,7.38,700,18,254,1419,45.29,Mass Recruiter,1
6.52,2,CS,1,3,1,0.45,3,5.82,140,20,195,1383,35.92,Mass Recruiter,1
7.07,0,CS,3,14,1,5.17,0,4.79,0,0,214,1308,52.21,Mass Recruiter,1
8.36,1,IT,3,6,4,6.34,1,6.52,682,38,532,1670,77.53,FAANG,1
7.03,0,IT,1,3,6,3.73,0,5.19,0,0,135,1549,37.66,Mass Recruiter,1
6.31,1,Civil,1,4,1,0.95,1,3.78,41,15,25,1123,25.83,Not Placed,0
8.54,0,EEE,0,0,1,2.5,6,3.93,250,10,223,1405,21.7,Not Placed,0
8.43,0,CS,2,4,5,4.43,0,5.55,597,19,155,1380,53.32,Mass Recruiter,1
7.69,1,ECE,0,0,2,2.4,5,4.93,236,34,0,0,25.16,Not Placed,0
6.97,0,IT,0,0,2,3.11,3,4.05,201,5,215,1773,26.6,Not Placed,0
6.31,1,Mechanical,0,0,3,2.76,2,3.09,366,26,54,1248,28.07,Not Placed,0
7.91,0,ECE,1,2,3,4.85,1,4.84,414,26,0,0,43.61,Mass Recruiter,1
7.24,2,Chemical,0,0,1,3.37,1,1.84,0,0,85,1379,21.19,Not Placed,0
7.38,0,IT,0,0,4,4.63,5,6.6,278,23,0,0,38.3,Mass Recruiter,1
6.45,2,IT,4,14,3,3.55,3,4.77,285,40,198,1379,61.24,Mid-tier,1
6.98,1,Mechanical,1,2,0,0.0,2,2.25,159,16,49,1453,27.23,Not Placed,0
7.27,0,CS,3,10,3,5.23,3,6.66,112,9,215,1406,66.62,Mid-tier,1
8.0,0,CS,4,10,3,5.46,2,6.48,669,18,198,1557,68.11,Mid-tier,1
7.28,0,CS,0,0,1,3.85,3,4.06,200,14,237,1762,38.29,Mass Recruiter,1
8.44,0,EEE,1,6,2,4.8,3,3.32,385,35,94,1629,46.75,Mass Recruiter,1
6.39,0,Mechanical,0,0,0,0.0,4,2.03,0,0,0,0,15.37,Not Placed,0
7.72,1,EEE,1,2,2,3.94,2,3.37,0,0,83,1502,31.89,Not Placed,0
8.26,0,Civil,0,0,2,4.53,2,1.8,84,10,41,1355,27.18,Not Placed,0
7.37,1,CS,1,2,3,3.07,5,5.51,451,39,241,1491,52.39,Mass Recruiter,1
8.51,0,EEE,1,6,1,4.68,2,3.25,536,25,132,2195,50.07,Mass Recruiter,1
6.97,0,ECE,1,3,4,2.92,4,5.35,0,0,167,1561,26.0,Not Placed,0
6.82,2,CS,1,8,3,2.04,6,4.53,285,26,254,1645,50.64,Mass Recruiter,1
8.49,0,CS,2,8,1,5.23,4,4.66,540,47,520,1966,75.21,FAANG,1
7.11,0,IT,0,0,3,3.13,2,5.33,545,34,0,0,29.94,Not Placed,0
7.08,0,Mechanical,0,0,3,3.06,1,4.47,0,0,0,0,16.59,Not Placed,0
6.9,1,CS,1,3,4,4.19,1,5.37,606,41,303,1188,51.47,Mass Recruiter,1
6.75,2,Mechanical,1,2,4,3.35,1,3.99,597,29,0,0,37.12,Mass Recruiter,1
6.93,1,IT,0,0,4,2.68,9,6.12,946,40,182,1303,44.26,Mass Recruiter,1
6.93,2,CS,1,3,4,3.23,3,6.53,235,39,114,1886,45.97,Mass Recruiter,1
6.49,2,CS,0,0,1,0.67,2,5.02,58,7,227,1458,25.22,Not Placed,0
7.38,1,Mechanical,0,0,0,0.0,0,2.37,23,0,96,1387,20.16,Not Placed,0
7.2,1,CS,2,8,2,3.85,7,6.62,0,0,170,1665,43.12,Mass Recruiter,1
9.13,0,ECE,4,12,6,8.11,6,6.33,447,41,0,0,72.91,Mid-tier,1
5.52,2,IT,0,0,6,1.86,0,3.34,210,35,185,1662,39.16,Mass Recruiter,1
6.99,0,IT,2,3,2,2.72,3,6.77,639,22,183,1291,46.25,Mass Recruiter,1
8.37,2,CS,1,3,3,3.04,8,5.84,575,24,184,1700,48.75,Mass Recruiter,1
7.43,0,CS,0,0,2,3.42,3,4.91,195,2,0,0,25.97,Not Placed,0
6.48,2,ECE,2,3,1,3.83,2,5.58,198,25,104,1461,38.6,Mass Recruiter,1
8.27,0,ECE,1,1,3,6.16,1,3.61,732,8,302,1638,47.36,Mass Recruiter,1
7.07,1,IT,3,12,2,4.52,0,4.39,721,27,0,0,47.0,Mass Recruiter,1
5.71,1,IT,0,0,4,2.63,4,4.79,238,30,112,1257,38.52,Mass Recruiter,1
7.04,0,ECE,0,0,4,2.16,3,5.38,383,32,0,0,32.86,Not Placed,0
8.56,0,CS,4,12,1,5.14,7,6.94,0,0,228,1546,70.56,Mid-tier,1
6.47,3,IT,1,4,1,3.53,8,3.81,100,2,265,1478,45.87,Mass Recruiter,1
7.71,0,CS,3,12,4,5.43,6,8.36,654,28,129,1479,78.65,FAANG,1
6.28,2,CS,2,4,2,3.18,3,5.16,983,32,164,1387,47.92,Mass Recruiter,1
6.11,0,EEE,2,4,0,0.0,1,3.49,456,23,0,0,24.29,Not Placed,0
8.65,0,Mechanical,0,0,0,0.0,1,2.24,100,4,0,0,19.21,Not Placed,0
7.36,0,CS,2,8,3,5.75,3,7.57,282,50,127,1679,52.07,Mass Recruiter,1
6.03,2,IT,0,0,1,2.44,2,3.12,148,6,60,1353,14.71,Not Placed,0
6.37,0,IT,2,6,3,4.85,1,5.25,0,0,146,1747,47.41,Mass Recruiter,1
8.75,0,CS,3,8,4,7.9,2,5.67,698,23,231,1291,80.87,FAANG,1
7.29,0,CS,2,4,2,6.55,5,5.61,328,29,336,1346,62.01,Mid-tier,1
7.28,1,IT,0,0,6,5.27,3,5.63,482,14,135,1489,45.56,Mass Recruiter,1
7.64,0,ECE,3,8,2,6.68,2,5.67,403,15,100,1371,63.3,Mid-tier,1
8.94,0,ECE,0,0,2,5.03,3,4.21,103,11,242,1638,47.01,Mass Recruiter,1
7.38,0,Mechanical,1,3,4,3.09,5,6.4,0,0,188,1569,45.95,Mass Recruiter,1
6.99,3,Mechanical,1,2,0,0.0,2,1.83,181,7,36,1205,13.62,Not Placed,0
6.85,0,IT,4,8,3,6.13,5,6.1,751,22,0,0,51.66,Mass Recruiter,1
7.12,0,Civil,1,2,1,3.17,3,3.53,313,14,0,0,26.99,Not Placed,0
7.7,0,Biotech,0,0,0,0.0,2,2.42,0,0,0,0,17.66,Not Placed,0
7.38,0,Biotech,0,0,1,2.03,3,2.07,54,5,0,0,21.36,Not Placed,0
7.52,1,IT,3,10,5,8.45,1,6.66,0,0,632,2091,81.11,FAANG,1
8.99,1,IT,3,12,3,5.46,3,5.61,383,38,510,2157,88.27,FAANG,1
5.75,1,ECE,1,1,0,0.0,0,2.95,212,13,88,1472,27.4,Not Placed,0
6.47,0,CS,0,0,3,1.45,5,6.92,524,29,0,0,23.65,Not Placed,0
6.62,2,EEE,0,0,1,2.59,1,2.12,0,0,0,0,-2.85,Not Placed,0
8.74,0,CS,1,3,3,4.63,8,6.52,470,17,46,1531,52.56,Mass Recruiter,1
6.59,1,Chemical,0,0,2,1.11,3,3.18,0,0,0,0,11.95,Not Placed,0
5.46,5,IT,0,0,4,2.82,4,6.39,160,23,98,1114,14.0,Not Placed,0
6.41,1,Civil,1,4,3,0.3,1,1.98,0,0,56,1581,28.97,Not Placed,0
7.39,1,Mechanical,1,4,1,3.5,2,1.84,0,0,0,0,23.78,Not Placed,0
6.94,1,CS,1,4,2,4.47,5,6.03,590,30,164,1526,58.7,Mid-tier,1
7.54,0,IT,1,2,2,3.0,5,5.71,0,0,405,1880,43.59,Mass Recruiter,1
8.41,0,IT,1,1,4,4.64,3,5.49,0,0,299,1464,50.32,Mass Recruiter,1
6.06,2,CS,1,8,1,2.22,4,5.35,382,17,186,1664,42.64,Mass Recruiter,1
6.44,2,Civil,0,0,4,3.57,4,4.19,0,0,0,0,15.7,Not Placed,0
9.06,0,ECE,0,0,3,4.74,5,6.18,561,38,9,1611,41.65,Mass Recruiter,1
5.25,3,CS,3,12,5,3.97,2,7.52,718,20,0,0,51.55,Mass Recruiter,1
5.9,1,CS,1,3,1,3.45,3,4.63,132,15,212,1384,46.81,Mass Recruiter,1
7.79,0,Mechanical,2,4,3,5.81,2,4.76,545,21,134,1581,57.51,Mid-tier,1
6.32,1,CS,0,0,0,0.0,4,4.89,29,2,286,1197,26.47,Not Placed,0
7.18,0,ECE,0,0,2,1.84,3,4.39,123,13,265,1570,40.63,Mass Recruiter,1
6.77,1,IT,0,0,5,3.99,1,4.78,433,21,147,1595,38.38,Mass Recruiter,1
5.62,0,Civil,0,0,0,0.0,1,2.1,0,0,0,0,-4.94,Not Placed,0
7.58,3,ECE,0,0,3,2.52,1,3.29,367,26,0,0,29.88,Not Placed,0
8.1,0,CS,1,2,2,3.11,3,5.35,358,34,108,1602,52.99,Mass Recruiter,1
5.65,1,Mechanical,0,0,2,2.36,1,3.01,178,6,0,0,6.68,Not Placed,0
6.42,0,IT,0,0,3,1.81,3,4.6,641,22,0,0,28.03,Not Placed,0
7.61,0,CS,1,4,5,4.8,5,7.26,270,15,197,1510,48.66,Mass Recruiter,1
6.14,3,Civil,0,0,2,2.34,2,1.64,0,0,56,1292,12.46,Not Placed,0
6.25,1,Chemical,0,0,2,3.8,1,2.77,123,19,38,1041,22.09,Not Placed,0
6.94,1,ECE,0,0,4,4.25,3,4.52,502,16,0,0,18.55,Not Placed,0
7.36,0,EEE,1,3,1,4.17,2,3.74,0,0,51,1366,42.45,Mass Recruiter,1
6.28,0,Civil,0,0,2,5.05,1,2.41,0,0,0,0,18.71,Not Placed,0
6.07,2,Mechanical,2,3,0,0.0,2,3.27,357,25,0,0,19.58,Not Placed,0
6.7,4,Chemical,0,0,0,0.0,1,1.88,0,0,0,0,9.87,Not Placed,0
8.74,0,ECE,0,0,4,4.6,3,4.06,400,24,276,1365,55.94,Mid-tier,1
7.74,0,ECE,0,0,4,3.04,5,3.9,251,20,145,1414,37.03,Mass Recruiter,1
6.29,0,ECE,0,0,3,1.49,2,5.67,0,0,0,0,13.2,Not Placed,0
9.2,0,Civil,4,10,4,6.03,0,3.44,464,32,100,1114,71.83,Mid-tier,1
6.69,4,ECE,0,0,2,1.8,1,2.4,18,10,110,1555,13.23,Not Placed,0
6.92,2,CS,2,3,2,3.05,2,6.05,398,20,265,1552,52.54,Mass Recruiter,1
6.73,0,ECE,1,2,3,2.49,1,5.16,230,21,0,0,29.79,Not Placed,0
8.45,0,CS,1,4,1,2.84,3,4.55,875,36,495,1858,65.34,Mid-tier,1
7.64,0,CS,2,6,7,4.06,1,6.36,115,27,263,1568,61.69,Mid-tier,1
6.27,3,ECE,0,0,4,1.96,3,4.88,633,12,0,0,15.45,Not Placed,0
7.79,0,Chemical,0,0,3,5.19,0,1.98,0,0,99,1395,30.14,Not Placed,0
6.86,2,ECE,1,3,3,3.95,2,4.95,808,19,0,0,33.94,Not Placed,0
5.58,2,Civil,1,4,0,0.0,2,1.28,0,0,0,0,8.41,Not Placed,0
7.26,0,CS,2,6,2,3.17,5,5.03,448,15,0,0,50.95,Mass Recruiter,1
7.83,0,ECE,1,1,1,4.27,3,3.91,632,32,10,1492,36.19,Mass Recruiter,1
7.34,0,IT,0,0,7,4.09,4,6.4,674,23,190,1522,56.85,Mid-tier,1
7.61,0,Mechanical,3,12,2,4.95,1,4.68,0,0,0,0,40.56,Mass Recruiter,1
7.34,0,Chemical,0,0,0,0.0,1,1.32,0,0,0,0,12.91,Not Placed,0
7.88,0,IT,2,4,3,2.54,3,4.93,699,25,189,1538,51.94,Mass Recruiter,1
7.91,1,IT,0,0,1,3.35,7,4.89,115,10,80,1299,31.77,Not Placed,0
7.32,1,CS,3,6,4,3.88,1,7.31,577,30,174,1586,61.83,Mid-tier,1
8.83,0,CS,0,0,3,5.28,3,4.68,537,36,99,1321,37.85,Mass Recruiter,1
5.95,1,EEE,0,0,0,0.0,0,1.8,0,0,0,0,7.37,Not Placed,0
7.92,0,ECE,0,0,3,2.3,5,4.42,532,24,123,1701,48.65,Mass Recruiter,1
5.96,0,Civil,1,3,0,0.0,2,1.76,0,0,0,0,12.84,Not Placed,0
6.57,0,IT,1,4,3,2.93,3,5.24,370,6,0,0,34.78,Not Placed,0
8.85,0,ECE,0,0,1,4.48,3,3.62,0,0,568,1532,38.76,Mass Recruiter,1
5.91,3,Mechanical,1,2,1,1.32,2,2.08,0,0,84,1222,21.49,Not Placed,0
7.16,0,IT,1,8,4,3.24,1,4.86,0,0,253,1596,50.68,Mass Recruiter,1
7.6,1,ECE,0,0,2,3.51,2,3.13,0,0,211,1468,33.49,Not Placed,0
6.29,3,IT,0,0,3,3.25,3,6.2,477,31,185,1747,34.07,Not Placed,0
6.74,1,CS,0,0,4,2.51,4,6.92,508,21,259,1519,43.26,Mass Recruiter,1
6.26,2,IT,1,4,4,1.06,3,5.34,0,0,0,0,18.01,Not Placed,0
6.01,0,IT,2,3,5,4.37,3,5.43,343,20,190,1962,62.83,Mid-tier,1
7.36,1,ECE,3,8,1,4.43,4,4.64,767,43,138,1827,50.05,Mass Recruiter,1
8.61,1,ECE,0,0,3,4.2,3,4.8,345,38,204,1715,37.29,Mass Recruiter,1
7.86,0,IT,0,0,6,4.15,4,7.49,755,42,168,1477,47.81,Mass Recruiter,1
5.69,1,ECE,0,0,5,2.96,1,3.84,489,40,37,1461,31.64,Not Placed,0
6.53,1,Civil,0,0,0,0.0,2,1.95,0,0,0,0,11.95,Not Placed,0
6.53,1,Biotech,0,0,1,1.68,1,2.04,0,0,0,0,7.31,Not Placed,0
8.96,1,CS,2,3,4,6.21,7,7.09,694,12,0,0,54.85,Mass Recruiter,1
8.56,0,CS,0,0,4,5.8,7,6.59,619,27,173,1675,48.13,Mass Recruiter,1
7.02,2,ECE,2,8,5,5.39,2,5.59,0,0,182,1480,51.7,Mass Recruiter,1
7.1,0,Mechanical,0,0,2,2.41,0,2.24,217,13,128,1255,37.39,Mass Recruiter,1
6.03,0,EEE,0,0,2,2.19,2,2.76,207,20,169,1335,22.75,Not Placed,0
8.42,0,ECE,1,3,0,0.0,5,4.72,186,15,0,0,38.77,Mass Recruiter,1
6.88,2,Civil,0,0,3,4.52,5,3.36,490,11,0,0,22.6,Not Placed,0
8.38,0,Mechanical,1,3,3,5.52,3,4.72,433,21,0,0,49.45,Mass Recruiter,1
7.07,1,EEE,1,6,2,2.23,1,3.71,702,23,0,1152,42.3,Mass Recruiter,1
7.32,1,CS,0,0,3,2.72,4,5.82,396,43,541,1609,52.43,Mass Recruiter,1
6.41,0,ECE,1,3,3,1.34,6,4.43,186,27,0,0,25.77,Not Placed,0
6.3,0,ECE,0,0,2,3.18,1,3.57,322,10,199,1742,35.74,Mass Recruiter,1
8.15,0,ECE,1,2,2,3.37,2,4.51,659,19,153,1644,33.79,Not Placed,0
5.83,4,IT,0,0,4,2.83,4,5.01,483,26,0,0,15.3,Not Placed,0
8.44,1,CS,2,8,3,6.28,2,5.99,980,25,272,1599,67.62,Mid-tier,1
5.77,1,Civil,1,3,0,0.0,1,3.27,227,12,126,1296,26.63,Not Placed,0
5.21,4,CS,0,0,6,0.36,4,6.98,667,22,104,1307,26.64,Not Placed,0
7.07,0,IT,2,8,2,3.97,6,5.62,717,15,124,1486,48.59,Mass Recruiter,1
6.14,2,IT,1,3,3,1.03,3,5.67,429,26,178,1616,43.67,Mass Recruiter,1
7.05,0,EEE,0,0,0,0.0,6,3.41,11,2,0,0,0.76,Not Placed,0
6.45,3,Chemical,0,0,0,0.0,2,1.57,0,0,0,0,9.87,Not Placed,0
8.94,0,ECE,2,10,5,5.12,3,5.8,610,34,362,1979,75.76,FAANG,1
6.31,1,CS,0,0,5,4.5,3,6.83,595,23,172,1743,42.74,Mass Recruiter,1
7.37,3,EEE,3,10,2,3.87,1,4.26,0,0,0,0,41.07,Mass Recruiter,1
6.76,1,Civil,0,0,1,2.07,3,1.87,119,8,0,0,8.26,Not Placed,0
8.2,0,CS,3,14,4,4.23,5,6.78,493,22,16,1529,70.88,Mid-tier,1
7.89,1,Chemical,0,0,1,5.01,2,2.2,154,9,0,0,20.93,Not Placed,0
7.11,0,Mechanical,1,3,2,2.47,3,3.4,488,41,146,1569,43.69,Mass Recruiter,1
7.22,0,CS,1,4,6,4.05,3,7.04,0,0,170,1723,54.46,Mass Recruiter,1
8.41,0,Mechanical,2,6,2,5.29,1,3.68,0,0,0,0,31.95,Not Placed,0
7.01,2,Civil,0,0,0,0.0,2,2.57,28,1,152,1247,17.2,Not Placed,0
7.32,0,CS,0,0,3,1.99,1,4.56,432,31,88,1457,32.0,Not Placed,0
7.78,1,IT,1,2,4,4.14,5,5.69,442,23,183,1715,49.71,Mass Recruiter,1
5.31,1,CS,1,4,4,2.03,0,5.76,670,21,0,0,32.92,Not Placed,0
6.2,2,CS,1,2,5,5.79,7,7.02,474,31,190,1515,53.84,Mass Recruiter,1
8.55,1,CS,4,8,4,7.36,3,6.23,586,36,243,1600,64.42,Mid-tier,1
6.39,2,Mechanical,0,0,2,1.38,1,2.62,0,0,70,1364,18.54,Not Placed,0
8.06,0,IT,1,3,3,3.71,4,5.3,0,0,198,1674,38.52,Mass Recruiter,1
6.59,0,ECE,1,3,2,2.73,2,5.17,0,0,352,1348,50.88,Mass Recruiter,1
8.37,0,CS,1,4,3,4.18,4,4.97,441,15,326,1886,59.05,Mid-tier,1
5.54,0,Chemical,0,0,1,1.59,1,2.09,0,0,0,0,8.36,Not Placed,0
7.66,2,ECE,0,0,2,4.53,1,2.65,0,0,0,0,12.21,Not Placed,0
6.58,2,IT,0,0,5,3.6,6,5.53,278,22,53,1260,34.77,Not Placed,0
7.92,0,EEE,0,0,0,0.0,2,1.97,4,6,186,1348,28.27,Not Placed,0
6.63,1,ECE,3,10,6,5.54,1,6.12,581,42,0,0,47.13,Mass Recruiter,1
7.18,0,EEE,1,4,3,3.94,2,3.69,416,11,0,0,37.41,Mass Recruiter,1
6.34,2,Mechanical,2,6,1,3.08,2,2.82,462,35,0,0,14.51,Not Placed,0
6.93,1,CS,0,0,4,1.64,7,6.66,0,0,0,0,15.59,Not Placed,0
6.26,0,Chemical,1,2,3,4.3,2,2.91,0,0,34,1300,29.12,Not Placed,0
5.38,4,Mechanical,0,0,3,0.63,0,2.54,246,48,0,0,3.37,Not Placed,0
6.18,2,IT,0,0,3,1.6,2,4.2,293,29,200,1450,30.07,Not Placed,0
5.23,3,IT,3,12,4,3.67,2,7.04,536,21,0,0,41.93,Mass Recruiter,1
5.64,2,EEE,3,10,3,5.99,2,4.51,0,0,84,1576,52.44,Mass Recruiter,1
7.12,0,CS,1,2,7,4.65,0,5.97,414,27,0,0,45.87,Mass Recruiter,1
6.39,0,IT,2,3,2,1.8,1,5.02,477,23,0,0,38.25,Mass Recruiter,1
6.18,2,CS,0,0,4,3.2,4,6.77,377,27,307,1371,42.44,Mass Recruiter,1
6.91,1,CS,0,0,5,4.24,3,4.52,822,19,537,1693,60.57,Mid-tier,1
7.87,0,ECE,1,3,4,3.01,3,4.89,610,26,98,1317,51.76,Mass Recruiter,1
6.14,1,Chemical,0,0,2,1.41,0,1.37,0,0,43,1411,9.17,Not Placed,0
7.68,1,IT,0,0,3,4.75,5,5.5,615,36,253,1560,43.49,Mass Recruiter,1
7.34,0,IT,0,0,5,3.59,3,5.97,705,0,0,0,34.89,Not Placed,0
8.29,0,Mechanical,2,3,5,6.68,3,4.82,426,24,0,0,47.61,Mass Recruiter,1
8.71,0,ECE,0,0,2,4.64,5,5.0,147,19,0,0,34.78,Not Placed,0
6.05,1,ECE,1,6,2,2.26,3,5.27,418,22,33,1295,39.04,Mass Recruiter,1
6.63,0,ECE,1,3,2,3.27,6,5.46,1096,40,0,0,28.19,Not Placed,0
8.38,0,ECE,2,4,2,6.11,1,5.08,0,0,0,0,33.46,Not Placed,0
8.89,0,IT,3,14,4,7.82,4,6.29,872,30,248,1444,86.85,FAANG,1
6.04,0,Biotech,0,0,2,0.36,0,2.94,0,0,0,0,7.98,Not Placed,0
8.59,0,Mechanical,1,3,4,3.83,2,4.1,0,0,114,1144,34.58,Not Placed,0
6.97,0,CS,2,4,4,6.14,2,5.19,768,20,182,1592,63.68,Mid-tier,1
7.72,0,Mechanical,0,0,1,3.53,1,2.41,0,0,0,0,22.16,Not Placed,0
6.89,3,IT,1,1,4,3.7,3,5.22,458,50,26,1558,40.23,Mass Recruiter,1
8.32,0,IT,0,0,3,4.59,5,5.4,842,19,0,0,23.83,Not Placed,0
5.36,4,CS,0,0,4,0.96,3,5.47,746,21,84,1429,26.26,Not Placed,0
9.07,0,CS,2,8,5,7.42,2,6.61,438,24,369,2067,85.52,FAANG,1
6.77,3,EEE,0,0,0,0.0,3,2.25,23,0,10,1428,6.1,Not Placed,0
7.12,1,CS,0,0,3,5.43,3,3.72,839,34,0,0,28.53,Not Placed,0
9.09,0,Chemical,3,12,4,7.33,0,3.74,692,24,0,0,70.77,Mid-tier,1
6.64,3,Mechanical,1,3,1,1.38,2,3.09,0,0,134,1236,19.39,Not Placed,0
6.59,0,ECE,1,8,3,5.07,3,4.38,586,36,81,1487,39.54,Mass Recruiter,1
6.66,0,ECE,0,0,6,4.22,0,4.8,466,14,115,1170,35.36,Mass Recruiter,1
7.91,0,CS,1,3,2,4.89,4,5.01,540,9,0,0,40.34,Mass Recruiter,1
6.39,0,CS,1,4,4,2.11,5,7.77,517,18,163,1515,45.45,Mass Recruiter,1
7.94,0,ECE,1,8,1,3.5,4,4.07,621,36,135,1665,37.55,Mass Recruiter,1
6.45,0,CS,1,3,1,2.5,4,4.24,207,10,183,1427,42.51,Mass Recruiter,1
9.02,0,Biotech,0,0,1,3.03,1,3.41,189,13,0,0,21.83,Not Placed,0
7.5,0,Biotech,0,0,1,2.22,3,2.98,0,0,165,1176,31.63,Not Placed,0
6.98,3,Mechanical,0,0,5,3.18,0,4.83,0,0,0,0,20.89,Not Placed,0
5.76,1,ECE,1,2,2,2.88,3,5.4,0,0,0,0,28.71,Not Placed,0
6.83,2,CS,1,4,4,3.45,0,5.09,353,34,139,1276,38.37,Mass Recruiter,1
6.36,0,ECE,1,6,5,3.32,0,4.65,283,42,246,1734,52.79,Mass Recruiter,1
7.49,2,CS,0,0,1,4.43,2,3.6,137,12,250,1567,30.43,Not Placed,0
5.95,1,IT,2,4,5,5.15,1,5.93,599,33,189,1388,48.31,Mass Recruiter,1
6.79,3,Chemical,0,0,2,2.16,1,2.77,327,9,0,0,11.84,Not Placed,0
8.66,0,EEE,1,3,4,4.8,2,4.22,0,0,249,1452,55.55,Mid-tier,1
7.27,2,ECE,1,4,2,2.98,4,4.35,0,0,0,0,21.28,Not Placed,0
6.74,0,Mechanical,0,0,2,1.88,1,3.0,192,19,0,0,19.51,Not Placed,0
7.28,0,CS,0,0,1,2.54,1,4.23,30,12,205,1243,34.51,Not Placed,0
7.63,0,ECE,1,2,4,5.27,0,4.16,642,26,151,1309,46.89,Mass Recruiter,1
7.9,0,IT,1,4,3,6.21,2,4.9,458,32,222,1587,48.83,Mass Recruiter,1
5.54,1,IT,1,3,5,4.96,1,5.64,658,25,227,1502,42.49,Mass Recruiter,1
7.61,0,IT,2,6,4,5.16,6,5.54,744,37,367,1754,71.35,Mid-tier,1
6.44,0,Civil,0,0,3,2.43,4,3.31,514,22,0,0,28.82,Not Placed,0
6.64,1,Biotech,2,10,1,3.21,1,3.68,0,0,0,0,30.7,Not Placed,0
8.51,1,ECE,1,3,4,6.42,3,4.71,616,21,135,1506,61.34,Mid-tier,1
8.12,0,EEE,2,6,2,6.12,3,3.65,233,32,25,992,43.22,Mass Recruiter,1
5.72,5,EEE,0,0,5,2.39,2,3.8,0,0,45,1480,11.78,Not Placed,0
7.28,0,CS,0,0,3,4.18,3,5.16,1023,24,313,1633,37.28,Mass Recruiter,1
6.36,1,Chemical,0,0,4,3.07,2,2.89,733,12,40,1200,28.25,Not Placed,0
7.02,0,CS,0,0,3,3.13,5,5.97,439,26,88,1256,43.91,Mass Recruiter,1
7.66,1,Mechanical,1,2,0,0.0,1,2.5,0,0,0,0,21.16,Not Placed,0
5.4,2,Chemical,0,0,1,0.53,0,2.07,245,11,0,0,6.71,Not Placed,0
7.94,0,CS,1,2,1,2.39,6,5.84,574,33,136,1730,51.22,Mass Recruiter,1
5.36,2,ECE,2,3,1,0.74,4,4.31,687,18,86,1200,37.35,Mass Recruiter,1
7.34,0,CS,4,8,4,6.31,2,6.88,346,37,299,1507,72.14,Mid-tier,1
6.59,2,ECE,1,4,2,2.86,3,4.3,0,0,49,1130,22.37,Not Placed,0
8.55,0,IT,3,10,2,6.24,3,6.25,399,31,484,1414,68.77,Mid-tier,1
7.57,0,ECE,1,3,4,2.81,4,5.96,208,8,125,1493,53.37,Mass Recruiter,1
8.14,0,IT,0,0,3,4.73,2,4.83,457,34,309,1569,43.85,Mass Recruiter,1
6.36,0,Mechanical,1,4,0,0.0,3,3.31,0,0,0,0,19.8,Not Placed,0
6.19,2,EEE,2,4,1,0.9,3,4.58,614,28,0,0,31.35,Not Placed,0
5.36,2,CS,0,0,0,0.0,5,4.37,3,3,0,0,12.42,Not Placed,0
6.11,1,ECE,0,0,3,2.21,6,4.35,0,0,147,1336,23.46,Not Placed,0
6.82,4,Mechanical,2,8,1,3.14,3,3.46,0,0,62,1521,21.44,Not Placed,0
7.77,2,IT,0,0,4,3.51,3,4.7,0,0,227,1755,36.51,Mass Recruiter,1
6.2,0,CS,1,2,3,2.88,4,5.33,707,39,123,1607,37.02,Mass Recruiter,1
8.02,0,CS,2,6,3,6.01,2,5.49,0,0,381,1908,58.81,Mid-tier,1
7.66,0,CS,0,0,0,0.0,5,5.34,0,0,0,0,10.85,Not Placed,0
8.35,0,EEE,1,3,1,3.89,4,4.82,152,7,0,0,30.28,Not Placed,0
6.1,0,Mechanical,0,0,0,0.0,1,1.74,0,0,0,0,-1.29,Not Placed,0
7.57,1,IT,0,0,5,5.58,2,5.53,525,32,0,0,40.19,Mass Recruiter,1
7.79,0,CS,0,0,3,5.55,4,4.12,385,24,274,1672,45.29,Mass Recruiter,1
8.73,0,IT,0,0,4,3.5,6,6.28,541,36,0,0,32.69,Not Placed,0
6.96,1,Mechanical,0,0,4,2.41,5,4.68,0,0,0,0,21.42,Not Placed,0
5.79,3,Chemical,0,0,2,2.13,2,3.05,0,0,0,0,12.5,Not Placed,0
8.8,0,IT,1,1,5,3.75,8,6.59,655,28,0,0,47.65,Mass Recruiter,1
8.02,0,ECE,0,0,4,5.22,4,5.65,612,30,0,0,34.12,Not Placed,0
5.88,3,EEE,0,0,2,0.3,0,2.03,177,18,0,0,14.79,Not Placed,0
8.05,0,CS,0,0,4,5.16,3,4.86,528,14,0,0,31.53,Not Placed,0
5.91,4,Biotech,0,0,1,1.05,1,1.94,0,0,0,0,-3.89,Not Placed,0
8.33,0,CS,3,12,3,5.42,2,6.78,480,35,327,1340,80.86,FAANG,1
7.77,2,Biotech,1,1,2,4.05,1,2.2,0,0,149,1498,22.32,Not Placed,0
8.43,0,ECE,1,6,1,3.66,2,3.19,104,5,298,1400,47.26,Mass Recruiter,1
8.76,0,IT,1,2,4,5.29,4,7.0,906,42,259,1316,49.6,Mass Recruiter,1
6.95,4,CS,0,0,2,1.05,0,4.55,0,0,137,1633,17.26,Not Placed,0
6.0,0,IT,2,6,3,3.58,4,5.32,0,0,336,1683,55.08,Mid-tier,1
6.07,1,Chemical,0,0,2,2.34,1,2.15,0,0,0,0,17.84,Not Placed,0
7.56,1,CS,0,0,5,2.99,1,3.96,741,51,318,1880,47.92,Mass Recruiter,1
7.64,0,EEE,0,0,2,3.14,4,3.15,362,10,107,1513,41.96,Mass Recruiter,1
7.32,1,EEE,1,4,2,3.31,2,4.53,287,1,0,0,32.15,Not Placed,0
5.94,1,Mechanical,0,0,1,0.45,1,2.63,33,6,0,0,4.74,Not Placed,0
7.67,0,IT,0,0,6,5.17,3,6.36,140,37,226,1467,47.13,Mass Recruiter,1
9.2,0,IT,1,6,7,4.85,2,5.39,654,19,230,2230,59.78,Mid-tier,1
6.1,0,CS,3,12,3,3.59,2,5.36,0,0,218,1325,60.52,Mid-tier,1
8.05,0,ECE,3,12,3,5.86,1,5.04,688,29,202,1497,81.76,FAANG,1
7.05,0,IT,1,2,4,4.14,6,5.65,368,13,0,0,38.07,Mass Recruiter,1
5.92,3,IT,1,4,2,1.4,0,4.99,0,0,121,1375,26.61,Not Placed,0
6.21,0,CS,2,4,3,4.22,1,5.14,1073,38,0,0,48.13,Mass Recruiter,1
6.15,3,CS,2,4,4,3.55,2,7.55,421,31,151,1363,51.51,Mass Recruiter,1
5.47,2,ECE,0,0,2,1.41,3,3.16,0,0,118,1406,25.31,Not Placed,0
7.45,0,CS,1,3,4,5.4,5,6.4,580,20,208,1480,54.76,Mass Recruiter,1
8.79,0,CS,1,3,4,6.02,3,6.04,730,21,0,0,48.52,Mass Recruiter,1
8.84,0,IT,1,2,0,0.0,6,4.63,189,7,377,1994,54.66,Mass Recruiter,1
6.6,1,CS,2,8,2,4.25,2,5.87,0,0,209,1550,48.54,Mass Recruiter,1
6.03,0,CS,1,3,1,3.15,2,5.11,402,25,171,1491,30.74,Not Placed,0
7.15,0,CS,2,4,4,6.24,4,6.08,552,25,148,1619,62.21,Mid-tier,1
6.34,0,ECE,2,6,3,4.46,1,4.67,780,35,197,1302,51.82,Mass Recruiter,1
7.49,0,CS,1,6,4,2.87,4,6.67,300,38,252,1420,56.18,Mid-tier,1
7.49,0,IT,0,0,3,3.45,3,3.79,0,0,265,1428,34.91,Not Placed,0
5.94,4,EEE,0,0,1,0.98,3,2.66,49,12,0,0,6.55,Not Placed,0
8.44,0,ECE,0,0,2,5.03,2,4.63,191,31,289,1888,54.27,Mass Recruiter,1
7.79,0,EEE,0,0,1,2.89,6,3.6,203,15,0,0,19.03,Not Placed,0
5.96,4,IT,0,0,5,1.06,5,6.32,497,27,91,1438,24.29,Not Placed,0
8.49,0,ECE,1,3,3,6.41,6,4.45,665,13,0,0,42.14,Mass Recruiter,1
6.26,0,CS,1,3,2,2.23,2,5.89,410,14,0,0,31.51,Not Placed,0
6.15,2,Mechanical,0,0,2,2.23,2,1.43,0,0,8,1150,11.71,Not Placed,0
7.92,0,Mechanical,1,6,2,4.43,0,1.17,0,0,0,0,34.69,Not Placed,0
6.88,1,Chemical,0,0,2,2.39,1,2.69,507,23,0,0,20.51,Not Placed,0
7.99,0,CS,0,0,3,5.45,2,4.67,598,29,147,1556,36.89,Mass Recruiter,1
6.14,2,IT,0,0,2,2.92,2,4.55,231,6,123,1419,25.69,Not Placed,0
5.94,3,CS,2,6,6,2.9,2,6.65,271,40,214,1639,52.28,Mass Recruiter,1
6.8,3,Civil,1,3,0,0.0,1,1.73,188,12,98,1309,26.03,Not Placed,0
5.67,2,CS,0,0,2,0.3,4,3.7,211,17,0,0,8.51,Not Placed,0
6.47,0,Mechanical,0,0,1,2.88,0,3.16,98,5,0,0,10.65,Not Placed,0
6.5,0,Civil,0,0,1,2.95,2,2.72,100,3,0,0,12.29,Not Placed,0
8.42,1,CS,1,4,3,5.35,5,6.18,0,0,611,1916,58.7,Mid-tier,1
5.14,3,Biotech,0,0,2,2.16,1,2.01,0,0,0,0,2.59,Not Placed,0
8.02,0,IT,0,0,5,3.55,5,5.72,372,27,285,1648,40.08,Mass Recruiter,1
5.02,4,CS,0,0,6,3.14,2,6.85,644,50,138,1588,28.67,Not Placed,0
6.39,1,Mechanical,2,6,1,5.29,0,3.06,0,0,111,1361,35.41,Mass Recruiter,1
8.95,0,EEE,0,0,0,0.0,2,3.12,0,0,67,1513,22.99,Not Placed,0
5.59,0,Biotech,0,0,5,3.36,2,2.74,0,0,0,0,9.06,Not Placed,0
6.84,0,IT,0,0,4,2.97,1,4.73,368,26,0,0,26.07,Not Placed,0
7.65,0,CS,2,8,4,4.92,3,5.09,270,20,415,1971,73.28,Mid-tier,1
5.96,4,Mechanical,0,0,0,0.0,3,3.2,108,4,35,1092,6.56,Not Placed,0
7.54,0,CS,1,4,3,4.01,2,5.67,310,37,109,1202,47.9,Mass Recruiter,1
6.49,0,CS,1,2,3,4.33,2,4.17,465,35,158,1503,33.06,Not Placed,0
7.79,0,IT,0,0,4,4.85,6,6.02,727,41,265,1679,58.71,Mid-tier,1
6.11,1,ECE,0,0,2,0.58,4,4.37,146,13,144,1404,22.57,Not Placed,0
8.8,1,IT,0,0,2,3.24,3,5.38,442,40,137,1421,41.73,Mass Recruiter,1
9.2,1,IT,0,0,2,4.4,3,4.25,798,48,410,2121,54.26,Mass Recruiter,1
8.12,0,IT,0,0,2,2.84,2,3.3,184,6,181,1612,37.98,Mass Recruiter,1
6.05,1,Civil,0,0,2,0.79,1,2.52,83,5,0,0,2.09,Not Placed,0
6.77,3,EEE,2,6,3,3.83,4,5.84,390,20,193,1526,49.32,Mass Recruiter,1
6.8,3,CS,2,6,4,4.29,4,7.97,360,30,155,1437,43.88,Mass Recruiter,1
7.45,0,IT,2,8,4,3.91,3,5.43,799,34,0,0,48.04,Mass Recruiter,1
8.53,0,CS,1,4,5,5.11,4,6.06,598,45,421,1885,67.65,Mid-tier,1
5.71,4,Mechanical,0,0,3,1.44,3,2.62,587,14,0,0,16.99,Not Placed,0
8.48,0,ECE,1,8,2,5.05,1,3.98,753,15,153,1669,54.12,Mass Recruiter,1
7.29,2,IT,0,0,4,4.38,5,4.41,0,0,0,0,26.76,Not Placed,0
7.74,0,ECE,0,0,1,3.1,3,2.91,105,12,0,0,18.91,Not Placed,0
6.92,0,Civil,0,0,4,2.4,1,3.61,345,33,74,1501,28.26,Not Placed,0
5.71,5,CS,2,8,5,3.47,3,6.72,311,43,208,1515,47.68,Mass Recruiter,1
6.58,2,CS,1,3,6,4.8,4,7.19,409,24,265,1463,49.84,Mass Recruiter,1
6.95,0,CS,0,0,3,2.15,1,4.19,680,30,109,1683,40.31,Mass Recruiter,1
8.0,0,CS,4,10,4,5.82,4,5.6,164,29,579,1777,68.08,Mid-tier,1
7.04,2,ECE,0,0,3,2.68,3,4.67,775,16,0,0,24.7,Not Placed,0
8.46,1,CS,1,3,3,4.58,4,5.27,710,33,165,1616,57.1,Mid-tier,1
7.58,2,CS,0,0,2,2.01,0,5.58,429,24,126,1829,38.22,Mass Recruiter,1
6.81,0,Mechanical,0,0,4,3.48,3,3.02,391,27,113,1217,31.45,Not Placed,0
7.72,0,EEE,0,0,4,5.67,2,4.68,502,20,87,1275,39.09,Mass Recruiter,1
7.58,2,CS,1,2,4,4.11,2,5.46,470,37,0,0,39.3,Mass Recruiter,1
7.33,0,CS,3,12,4,5.84,3,6.83,347,19,384,2064,82.03,FAANG,1
8.64,0,Mechanical,1,3,1,3.53,5,3.84,394,29,0,0,38.44,Mass Recruiter,1
7.95,0,CS,3,14,2,5.5,0,5.17,516,24,429,1497,66.81,Mid-tier,1
7.58,0,Mechanical,3,14,1,4.06,1,2.85,631,41,0,0,53.53,Mass Recruiter,1
7.35,2,IT,1,2,3,1.41,2,5.17,438,37,236,1707,37.44,Mass Recruiter,1
7.55,0,ECE,0,0,2,2.8,4,3.94,0,0,0,0,28.56,Not Placed,0
7.23,0,IT,3,8,1,4.82,0,4.8,554,31,286,1348,61.89,Mid-tier,1
6.29,1,Mechanical,0,0,0,0.0,3,1.8,30,0,0,0,5.24,Not Placed,0
6.21,2,CS,0,0,3,2.4,1,4.08,746,4,261,1653,30.89,Not Placed,0
5.96,3,Biotech,0,0,1,2.44,2,1.27,13,2,0,0,4.86,Not Placed,0
6.68,1,Mechanical,1,3,0,0.0,3,3.72,99,4,0,0,16.79,Not Placed,0
7.42,3,ECE,2,3,0,0.0,3,4.22,202,11,0,0,32.13,Not Placed,0
6.52,1,Chemical,0,0,1,2.66,4,2.18,64,2,0,0,2.71,Not Placed,0
5.07,3,CS,0,0,3,1.47,5,7.78,630,39,55,1478,31.43,Not Placed,0
6.4,2,EEE,1,3,1,4.04,1,3.47,0,0,37,1340,33.83,Not Placed,0
7.96,0,Mechanical,2,6,0,0.0,1,2.35,0,0,43,1329,36.89,Mass Recruiter,1
8.57,0,EEE,1,6,2,1.18,4,3.78,433,44,38,1384,46.88,Mass Recruiter,1
6.17,0,ECE,1,4,2,2.07,1,3.18,414,18,193,1572,39.11,Mass Recruiter,1
6.09,2,IT,1,6,2,2.89,1,3.18,177,32,187,1449,45.73,Mass Recruiter,1
5.05,2,Chemical,2,4,2,1.8,0,2.57,0,0,46,1045,30.21,Not Placed,0
7.66,0,CS,1,4,2,3.65,2,5.51,309,33,190,1673,58.59,Mid-tier,1
6.12,2,EEE,0,0,2,2.4,1,3.1,578,36,0,0,15.87,Not Placed,0
6.99,3,ECE,1,3,1,1.76,3,4.83,0,0,121,1621,18.27,Not Placed,0
8.28,0,EEE,1,3,1,3.79,3,3.76,396,29,250,1555,43.24,Mass Recruiter,1
6.68,2,IT,1,4,0,0.0,2,2.45,194,11,42,1523,31.02,Not Placed,0
7.29,2,IT,1,3,3,4.39,6,5.98,438,22,0,0,31.15,Not Placed,0
6.43,2,IT,0,0,3,1.85,2,4.36,923,32,155,1286,32.16,Not Placed,0
5.78,2,Mechanical,0,0,2,2.22,1,3.09,245,18,0,0,14.26,Not Placed,0
5.25,3,Civil,0,0,0,0.0,0,1.9,0,4,0,0,-0.86,Not Placed,0
6.26,3,Mechanical,0,0,4,2.23,2,3.26,731,16,0,0,14.39,Not Placed,0
8.47,1,Civil,1,2,1,4.05,0,2.08,475,31,0,0,31.53,Not Placed,0
6.49,2,ECE,0,0,1,1.53,8,5.11,0,0,196,1546,31.99,Not Placed,0
7.43,0,IT,3,10,5,7.67,2,7.16,435,31,0,0,67.61,Mid-tier,1
6.45,0,IT,1,6,3,4.16,2,4.86,594,32,0,0,43.07,Mass Recruiter,1
6.72,1,Chemical,0,0,2,2.7,3,3.27,0,0,13,1172,17.79,Not Placed,0
5.7,2,Chemical,0,0,1,0.41,2,2.62,72,4,0,0,0.4,Not Placed,0
9.28,0,ECE,0,0,2,4.53,3,3.64,695,37,426,1572,55.88,Mid-tier,1
8.84,0,IT,1,3,1,6.38,2,4.51,332,32,439,1598,48.27,Mass Recruiter,1
5.78,0,IT,1,2,4,3.24,2,4.58,759,5,86,1533,36.69,Mass Recruiter,1
7.23,0,EEE,0,0,2,2.64,0,1.67,337,17,0,0,29.98,Not Placed,0
8.15,0,IT,0,0,3,3.62,2,5.1,497,41,0,0,36.91,Mass Recruiter,1
6.4,0,IT,0,0,3,2.21,6,5.27,0,0,305,1623,31.9,Not Placed,0
6.41,3,ECE,0,0,4,1.76,2,4.57,438,52,28,1561,19.72,Not Placed,0
7.4,0,CS,1,3,1,4.58,3,5.13,79,18,246,1505,41.83,Mass Recruiter,1
6.73,1,CS,3,10,5,4.13,9,8.25,439,36,179,1803,74.37,FAANG,1
6.87,0,ECE,2,4,1,1.57,2,4.33,0,0,0,0,32.49,Not Placed,0
8.37,0,IT,0,0,2,3.88,5,4.44,170,31,196,1658,42.98,Mass Recruiter,1
6.55,4,CS,1,6,3,1.53,3,5.64,675,30,236,1464,44.28,Mass Recruiter,1
6.32,1,Chemical,0,0,2,1.95,2,2.13,0,0,9,1199,21.44,Not Placed,0
7.24,0,EEE,0,0,1,1.77,1,2.36,0,0,0,0,6.82,Not Placed,0
6.76,1,CS,0,0,4,2.58,6,6.89,581,10,0,0,31.35,Not Placed,0
7.35,0,IT,0,0,3,1.63,3,5.23,833,52,154,1623,48.02,Mass Recruiter,1
6.43,1,Civil,0,0,2,2.79,1,2.96,0,0,0,0,16.28,Not Placed,0
6.97,2,ECE,2,6,4,4.98,1,5.51,248,14,37,1596,44.99,Mass Recruiter,1
5.77,3,CS,2,8,3,2.05,3,6.45,318,26,56,1365,31.91,Not Placed,0
7.56,0,Chemical,0,0,2,2.78,2,1.0,0,0,148,1332,26.94,Not Placed,0
6.83,2,IT,0,0,0,0.0,3,4.64,28,9,237,1637,26.68,Not Placed,0
5.91,2,EEE,1,3,0,0.0,1,1.79,0,0,43,1364,18.45,Not Placed,0
6.41,2,IT,0,0,2,2.36,4,4.99,184,10,209,1620,44.84,Mass Recruiter,1
6.15,3,CS,3,12,3,3.1,6,6.65,625,23,107,1274,54.55,Mass Recruiter,1
7.15,0,CS,0,0,1,3.46,3,4.94,4,8,240,1478,29.25,Not Placed,0
6.87,3,IT,2,4,5,5.13,9,6.88,546,24,171,1628,70.46,Mid-tier,1
7.86,2,CS,2,8,5,4.79,6,6.81,554,28,143,1364,76.49,FAANG,1
7.19,0,Mechanical,0,0,2,0.98,0,2.38,614,38,116,1323,33.67,Not Placed,0
6.97,0,ECE,2,3,4,3.53,2,5.07,754,40,19,1244,53.1,Mass Recruiter,1
5.35,1,CS,0,0,3,2.28,1,3.66,607,39,91,1247,37.45,Mass Recruiter,1
5.43,0,CS,1,4,7,4.19,1,6.37,0,0,178,1600,44.1,Mass Recruiter,1
5.75,4,CS,2,4,2,0.79,1,5.43,529,18,77,1432,33.78,Not Placed,0
6.88,0,Chemical,0,0,4,2.91,1,3.0,0,0,82,1296,32.94,Not Placed,0
6.32,1,Chemical,1,6,0,0.0,2,1.96,0,0,0,0,29.11,Not Placed,0
6.12,0,ECE,2,8,4,4.23,4,6.68,0,0,68,1074,40.62,Mass Recruiter,1
7.96,0,ECE,2,6,3,4.38,3,4.61,403,19,58,1442,56.05,Mid-tier,1
6.24,2,Biotech,0,0,3,2.17,1,2.16,232,22,0,0,19.62,Not Placed,0
6.7,0,CS,1,3,6,3.67,3,6.28,457,18,281,1556,52.64,Mass Recruiter,1
7.45,0,IT,1,6,4,2.62,4,5.48,736,25,0,0,39.34,Mass Recruiter,1
6.56,1,IT,3,6,2,4.6,3,4.8,908,27,0,0,48.97,Mass Recruiter,1
6.61,1,ECE,1,6,3,3.22,3,4.1,0,0,163,1393,22.05,Not Placed,0
6.42,2,Civil,0,0,0,0.0,3,2.79,0,0,0,0,5.39,Not Placed,0
6.6,0,CS,0,0,4,2.34,2,5.14,0,0,134,1442,21.15,Not Placed,0
5.89,2,EEE,1,2,0,0.0,1,2.4,125,16,0,0,11.77,Not Placed,0
7.84,0,ECE,0,0,4,4.29,2,4.12,691,14,52,1411,32.75,Not Placed,0
6.37,0,Chemical,3,8,1,4.73,1,3.48,0,0,0,0,39.79,Mass Recruiter,1
6.92,1,CS,3,6,5,4.24,5,8.25,539,19,362,1587,63.23,Mid-tier,1
6.34,3,CS,0,0,4,4.48,3,4.57,827,25,162,1557,34.75,Not Placed,0
5.35,2,Mechanical,1,4,2,1.72,0,3.26,782,42,0,0,25.39,Not Placed,0
7.49,0,ECE,2,6,3,4.84,2,4.58,576,32,144,1465,56.44,Mid-tier,1
7.17,0,CS,0,0,4,3.25,3,4.29,611,36,270,1380,48.24,Mass Recruiter,1
8.34,0,ECE,0,0,4,4.17,4,5.33,129,38,140,1508,56.33,Mid-tier,1
6.04,3,IT,0,0,3,0.69,2,6.07,484,18,0,0,32.49,Not Placed,0
7.03,0,EEE,0,0,0,0.0,3,3.41,8,1,113,1379,13.59,Not Placed,0
8.66,0,CS,0,0,3,2.72,4,5.17,339,26,0,0,35.28,Mass Recruiter,1
7.12,0,Chemical,0,0,1,2.29,0,1.93,0,0,0,0,10.49,Not Placed,0
5.3,2,CS,0,0,6,1.12,1,5.41,0,0,0,0,17.69,Not Placed,0
6.31,0,Chemical,1,1,1,2.63,1,2.21,0,0,0,0,17.68,Not Placed,0
8.25,0,IT,0,0,2,2.63,6,5.53,204,9,155,1603,35.34,Mass Recruiter,1
7.2,0,CS,3,10,2,4.22,2,5.76,0,0,677,1404,64.0,Mid-tier,1
7.46,0,IT,0,0,4,3.19,5,5.7,257,26,0,0,28.93,Not Placed,0
8.66,0,ECE,2,10,1,7.41,5,4.31,0,0,175,1284,59.65,Mid-tier,1
7.92,0,CS,1,6,4,6.34,2,5.75,747,39,384,1638,58.03,Mid-tier,1
8.2,0,ECE,2,3,0,0.0,0,4.57,775,30,0,0,31.17,Not Placed,0
6.92,1,CS,2,3,4,5.83,7,6.5,271,30,83,1628,49.4,Mass Recruiter,1
6.56,3,CS,0,0,4,4.57,3,5.24,207,32,0,0,13.97,Not Placed,0
5.0,4,ECE,1,4,1,1.92,2,5.18,530,56,0,0,20.55,Not Placed,0
6.26,1,EEE,0,0,2,2.7,2,3.68,0,0,0,0,14.59,Not Placed,0
6.95,0,IT,3,12,3,4.58,5,5.82,679,20,163,1592,60.03,Mid-tier,1
7.77,0,IT,0,0,3,3.52,3,3.97,500,27,401,1918,41.37,Mass Recruiter,1
5.0,3,CS,1,2,0,0.0,2,3.32,83,7,0,0,14.21,Not Placed,0
8.46,0,ECE,0,0,2,4.63,2,4.58,0,0,302,1441,41.02,Mass Recruiter,1
8.58,0,Mechanical,2,4,2,6.78,3,3.28,0,0,0,0,47.68,Mass Recruiter,1
6.68,0,EEE,2,3,1,1.97,1,3.1,0,0,0,0,24.44,Not Placed,0
7.42,0,Chemical,0,0,1,2.44,1,1.36,84,0,33,1108,17.48,Not Placed,0
6.25,0,ECE,0,0,1,2.43,2,2.68,52,7,141,1432,27.03,Not Placed,0
6.14,0,ECE,0,0,3,2.39,0,3.33,207,14,0,0,10.79,Not Placed,0
8.49,0,EEE,0,0,2,2.67,1,3.04,518,50,324,1849,45.27,Mass Recruiter,1
6.91,0,Chemical,0,0,1,1.56,0,1.3,0,0,0,0,13.21,Not Placed,0
5.87,2,Civil,0,0,3,1.41,3,1.74,353,37,0,0,22.15,Not Placed,0
7.9,0,Biotech,0,0,2,4.12,1,2.24,0,0,0,0,22.14,Not Placed,0
6.95,0,Chemical,2,8,0,0.0,2,3.66,361,35,46,1453,42.65,Mass Recruiter,1
6.23,0,EEE,3,14,0,0.0,4,5.28,299,31,139,1319,42.43,Mass Recruiter,1
8.69,0,CS,0,0,3,4.27,4,6.96,286,23,176,1411,43.2,Mass Recruiter,1
7.5,0,CS,1,4,4,5.62,1,5.09,349,20,0,0,46.32,Mass Recruiter,1
5.4,5,EEE,2,6,1,0.49,1,3.47,0,0,0,0,15.53,Not Placed,0
7.52,0,CS,0,0,2,3.68,4,5.39,167,17,0,0,40.44,Mass Recruiter,1
6.32,1,ECE,0,0,2,1.19,5,5.01,262,30,0,0,17.25,Not Placed,0
8.47,0,IT,1,4,3,5.66,2,3.72,591,33,288,1598,63.81,Mid-tier,1
6.41,0,ECE,2,3,4,3.03,3,5.66,534,26,0,0,44.65,Mass Recruiter,1
6.34,1,CS,0,0,5,5.19,1,5.8,551,37,0,0,31.1,Not Placed,0
5.81,1,CS,1,3,4,2.61,4,6.13,747,32,356,1434,48.02,Mass Recruiter,1
7.0,0,EEE,2,8,0,0.0,4,4.09,818,22,0,1466,41.76,Mass Recruiter,1
6.02,2,CS,1,2,3,3.77,2,3.79,0,0,240,1662,37.7,Mass Recruiter,1
5.65,0,Mechanical,0,0,0,0.0,3,2.2,0,0,0,0,13.58,Not Placed,0
7.04,0,Civil,0,0,6,3.75,2,4.23,366,36,0,0,27.56,Not Placed,0
6.0,0,CS,1,2,4,2.31,1,5.06,244,16,0,0,32.24,Not Placed,0
9.1,0,ECE,0,0,6,5.81,2,6.53,781,39,0,0,40.84,Mass Recruiter,1
6.0,1,ECE,0,0,2,2.71,2,2.73,632,30,243,1617,32.09,Not Placed,0
7.25,0,EEE,1,3,1,2.93,2,4.28,635,30,165,1354,42.58,Mass Recruiter,1
8.89,0,IT,1,2,4,6.69,4,6.15,635,36,255,1660,70.06,Mid-tier,1
8.22,0,CS,3,10,4,7.31,4,8.09,622,40,0,0,70.19,Mid-tier,1
7.48,0,EEE,2,4,1,2.19,2,2.93,0,0,0,0,30.9,Not Placed,0
8.57,0,Civil,3,12,2,4.44,1,3.22,335,27,71,1456,60.92,Mid-tier,1
8.82,0,Mechanical,2,6,0,0.0,4,4.0,429,34,157,1622,49.18,Mass Recruiter,1
7.88,0,Chemical,0,0,2,4.64,1,2.56,245,15,0,0,24.77,Not Placed,0
6.92,2,Mechanical,0,0,2,0.72,3,2.62,0,0,0,0,10.79,Not Placed,0
6.94,2,CS,0,0,6,2.17,3,6.27,535,31,46,1596,43.34,Mass Recruiter,1
6.01,2,ECE,2,4,4,2.5,1,5.75,392,34,31,1353,41.84,Mass Recruiter,1
6.25,1,IT,2,4,2,1.98,2,4.26,284,38,0,0,30.64,Not Placed,0
7.87,0,CS,3,18,4,5.06,1,6.67,375,38,418,2170,80.93,FAANG,1
7.24,0,IT,1,3,3,4.55,3,5.77,749,33,247,1660,52.17,Mass Recruiter,1
7.96,0,CS,0,0,4,5.17,4,6.17,585,27,260,1655,40.9,Mass Recruiter,1
5.66,1,CS,1,6,4,3.65,3,5.07,779,28,271,1508,57.37,Mid-tier,1
8.56,0,Mechanical,0,0,2,3.29,3,3.12,192,9,0,0,23.26,Not Placed,0
8.63,0,Chemical,0,0,2,4.38,2,2.97,148,5,21,1597,21.26,Not Placed,0
7.77,3,Mechanical,0,0,0,0.0,2,3.13,73,3,29,1344,12.6,Not Placed,0
6.65,2,ECE,2,3,2,3.64,4,5.42,303,22,0,0,39.88,Mass Recruiter,1
9.72,0,ECE,0,0,3,5.16,6,4.98,0,0,297,1646,44.4,Mass Recruiter,1
8.43,0,ECE,1,3,2,3.96,3,4.52,355,22,0,0,37.32,Mass Recruiter,1
6.16,0,IT,1,4,6,3.39,6,7.04,449,33,0,0,35.25,Mass Recruiter,1
5.8,1,IT,2,4,4,1.45,3,6.28,675,17,0,0,39.93,Mass Recruiter,1
6.57,4,ECE,0,0,4,3.64,9,6.04,0,0,0,0,15.32,Not Placed,0
7.76,0,Mechanical,1,3,3,5.24,1,2.49,900,24,137,1259,47.77,Mass Recruiter,1
5.97,3,CS,0,0,3,0.6,2,4.78,505,18,266,1448,31.98,Not Placed,0
7.76,0,Chemical,0,0,1,2.81,3,2.73,0,0,127,1498,28.53,Not Placed,0
7.05,0,Civil,0,0,3,4.5,4,2.54,0,0,129,1440,32.77,Not Placed,0
7.34,0,CS,1,4,4,4.53,2,5.08,0,0,122,1573,43.16,Mass Recruiter,1
7.77,0,CS,1,3,6,6.08,3,7.04,686,25,0,0,52.2,Mass Recruiter,1
9.1,0,ECE,0,0,4,3.51,4,4.82,704,47,0,0,46.25,Mass Recruiter,1
9.04,0,IT,0,0,3,5.97,1,3.68,783,20,494,2009,54.28,Mass Recruiter,1
7.66,0,ECE,0,0,3,3.18,1,2.79,0,0,150,1380,30.18,Not Placed,0
5.54,1,Biotech,0,0,1,1.86,2,1.95,0,0,98,1441,10.8,Not Placed,0
7.57,0,IT,2,3,5,5.6,3,7.63,539,26,123,1161,51.95,Mass Recruiter,1
6.93,1,IT,2,10,5,4.38,4,7.45,477,35,206,1807,72.69,Mid-tier,1
6.58,0,EEE,1,4,2,4.31,6,3.9,0,0,0,0,25.33,Not Placed,0
7.2,2,CS,0,0,4,3.85,2,5.65,593,39,178,1233,40.76,Mass Recruiter,1
6.13,0,Biotech,0,0,3,2.7,2,4.19,0,0,0,0,28.73,Not Placed,0
6.88,0,ECE,1,3,1,1.16,0,2.15,753,15,159,1591,27.73,Not Placed,0
6.74,1,Chemical,0,0,5,3.26,1,3.26,0,0,0,0,18.65,Not Placed,0
7.04,0,ECE,0,0,1,1.93,0,2.22,280,23,168,1587,24.8,Not Placed,0
6.93,0,CS,1,6,2,1.71,5,6.19,0,0,128,1624,44.75,Mass Recruiter,1
6.47,2,IT,1,4,3,2.82,3,5.0,359,30,228,1322,48.26,Mass Recruiter,1
7.71,0,IT,2,4,2,3.11,4,5.07,247,8,182,1406,63.77,Mid-tier,1
6.9,0,ECE,0,0,3,2.75,0,4.77,223,14,28,1423,22.2,Not Placed,0
6.57,0,CS,3,14,3,4.87,1,6.25,115,18,168,1797,62.87,Mid-tier,1
7.2,0,IT,2,4,3,4.23,5,6.37,788,26,230,1996,48.15,Mass Recruiter,1
8.1,1,ECE,2,6,3,5.02,4,5.13,583,20,200,1492,61.7,Mid-tier,1
6.84,2,CS,2,4,5,5.31,5,6.44,560,38,176,1622,62.0,Mid-tier,1
8.75,0,Chemical,1,8,2,5.31,4,2.9,492,32,0,1221,47.53,Mass Recruiter,1
6.55,0,CS,0,0,2,2.3,5,5.82,191,8,122,1273,22.9,Not Placed,0
8.96,0,IT,1,4,4,4.25,4,5.75,402,23,280,1811,65.38,Mid-tier,1
6.79,0,CS,1,2,7,3.92,3,7.39,584,26,253,1614,51.9,Mass Recruiter,1
6.88,0,Chemical,1,6,2,3.29,2,3.53,221,32,0,0,35.28,Mass Recruiter,1
8.69,1,IT,0,0,2,4.46,1,4.57,584,14,510,1966,50.97,Mass Recruiter,1
7.34,0,Chemical,0,0,2,2.9,4,2.22,678,32,112,1240,34.58,Not Placed,0
6.69,2,Mechanical,0,0,0,0.0,4,3.69,0,0,0,0,-0.05,Not Placed,0
5.39,0,CS,0,0,5,1.27,1,7.29,554,11,224,1889,44.16,Mass Recruiter,1
8.05,0,Civil,3,10,1,5.18,0,3.04,0,0,0,0,49.44,Mass Recruiter,1
6.88,4,Mechanical,0,0,0,0.0,1,2.89,12,0,0,0,-2.8,Not Placed,0
8.92,0,ECE,4,6,2,6.94,3,4.59,560,30,0,0,65.36,Mid-tier,1
7.74,0,IT,0,0,6,5.86,2,3.9,205,25,0,0,35.62,Mass Recruiter,1
7.51,1,ECE,1,3,3,4.03,2,5.01,552,51,36,1379,52.1,Mass Recruiter,1
7.41,0,IT,1,3,5,2.32,6,6.62,463,34,213,1199,56.86,Mid-tier,1
6.83,0,Civil,2,4,5,3.45,3,5.46,0,0,0,0,30.38,Not Placed,0
7.16,3,CS,0,0,5,3.17,2,5.53,498,36,150,1991,48.39,Mass Recruiter,1
8.71,0,IT,1,8,3,6.39,9,6.68,536,36,257,1336,69.45,Mid-tier,1
7.77,0,CS,2,3,3,4.72,2,6.99,707,36,192,1265,46.64,Mass Recruiter,1
8.36,0,Mechanical,1,2,1,4.12,6,3.4,136,10,0,0,22.6,Not Placed,0
6.53,2,ECE,0,0,6,3.86,4,5.77,622,44,0,0,29.47,Not Placed,0
6.86,0,CS,1,4,3,4.41,6,6.27,400,27,215,1678,46.46,Mass Recruiter,1
6.41,0,CS,1,3,2,3.94,4,5.48,403,27,307,1486,51.87,Mass Recruiter,1
8.64,0,CS,1,2,3,5.03,5,6.35,296,22,252,1744,61.19,Mid-tier,1
8.58,0,IT,1,4,2,5.55,7,6.54,0,0,0,0,42.72,Mass Recruiter,1
7.08,0,CS,3,10,3,6.86,2,6.11,394,17,270,2019,66.56,Mid-tier,1
7.79,0,CS,2,4,3,4.99,3,5.82,719,24,197,1486,59.48,Mid-tier,1
8.76,1,CS,1,3,2,4.52,4,5.3,698,28,0,0,31.18,Not Placed,0
8.69,0,CS,3,8,2,6.44,5,6.81,563,25,0,0,60.85,Mid-tier,1
8.99,0,CS,1,2,4,4.34,7,6.06,571,25,143,1921,58.14,Mid-tier,1
7.12,0,CS,1,1,7,4.23,1,6.94,630,23,265,1748,56.13,Mid-tier,1
5.87,0,Mechanical,0,0,1,2.31,0,1.88,67,8,0,0,19.99,Not Placed,0
7.69,0,ECE,1,4,0,0.0,2,3.09,86,10,0,0,28.43,Not Placed,0
7.77,0,EEE,1,4,0,0.0,5,5.12,272,11,250,1393,40.74,Mass Recruiter,1
8.75,0,ECE,1,3,3,6.4,2,3.72,0,0,0,0,36.98,Mass Recruiter,1
5.4,3,IT,1,8,3,0.68,4,4.83,606,39,42,1444,38.26,Mass Recruiter,1
7.66,1,CS,3,18,4,7.23,3,6.77,663,24,0,0,61.32,Mid-tier,1
7.07,0,Mechanical,0,0,3,1.97,3,3.67,0,0,0,0,20.37,Not Placed,0
6.92,3,IT,0,0,4,3.72,1,4.42,245,9,152,1736,31.52,Not Placed,0
8.47,0,IT,0,0,3,3.01,4,6.01,395,33,230,1085,38.09,Mass Recruiter,1
7.21,0,IT,0,0,4,3.16,3,5.48,645,19,0,0,25.27,Not Placed,0
5.8,2,CS,3,14,3,5.05,4,7.4,536,22,209,1401,64.26,Mid-tier,1
8.13,0,Mechanical,0,0,2,3.08,0,1.6,350,23,0,0,25.77,Not Placed,0
7.38,0,CS,2,6,2,3.35,2,5.39,503,21,488,1676,67.81,Mid-tier,1
5.99,5,CS,1,3,6,3.52,2,5.27,188,26,153,1663,38.13,Mass Recruiter,1
7.12,0,IT,0,0,2,1.52,4,3.72,571,31,0,0,23.15,Not Placed,0
6.75,0,Biotech,0,0,2,4.2,2,3.02,275,17,173,1606,34.92,Not Placed,0
8.09,0,ECE,1,8,1,3.63,2,3.97,0,0,259,1639,38.06,Mass Recruiter,1
6.67,2,ECE,0,0,3,2.39,1,2.94,469,26,42,1304,21.95,Not Placed,0
8.0,0,IT,1,8,4,4.96,3,5.35,347,11,0,0,45.81,Mass Recruiter,1
5.81,2,Mechanical,1,2,2,3.07,3,2.88,0,0,0,0,15.51,Not Placed,0
6.08,0,ECE,0,0,3,0.3,3,4.19,0,0,46,1379,24.35,Not Placed,0
7.92,0,IT,0,0,4,3.57,2,5.46,523,20,97,1327,45.22,Mass Recruiter,1
6.22,0,ECE,1,4,2,4.2,1,4.69,0,0,236,1768,47.3,Mass Recruiter,1
7.1,0,ECE,1,2,4,3.45,3,5.5,508,30,0,0,42.57,Mass Recruiter,1
6.81,1,CS,2,4,3,1.35,3,5.62,663,24,123,1644,44.38,Mass Recruiter,1
9.45,0,CS,3,14,3,5.85,2,6.1,664,30,243,1963,80.73,FAANG,1
7.35,0,ECE,1,4,2,3.77,4,3.13,420,23,0,0,31.9,Not Placed,0
8.72,0,ECE,0,0,2,3.59,5,5.69,0,0,262,1319,27.72,Not Placed,0
9.14,0,CS,0,0,2,5.29,1,3.73,27,8,319,1351,48.53,Mass Recruiter,1
8.47,0,Mechanical,0,0,0,0.0,3,1.0,39,4,0,0,15.46,Not Placed,0
6.06,2,Civil,0,0,1,0.43,2,1.54,0,0,0,0,15.08,Not Placed,0
6.25,1,EEE,2,8,4,2.9,4,6.06,0,0,0,0,44.83,Mass Recruiter,1
6.46,0,CS,1,3,0,0.0,5,4.12,109,14,177,1521,39.02,Mass Recruiter,1
8.39,0,ECE,0,0,1,3.0,4,2.9,72,9,298,1655,36.53,Mass Recruiter,1
8.28,0,Chemical,0,0,2,2.54,1,1.93,794,16,0,0,26.09,Not Placed,0
5.05,4,CS,4,10,3,3.41,4,6.97,944,19,315,1581,64.45,Mid-tier,1
5.75,1,CS,0,0,2,1.59,2,5.42,743,23,231,1486,28.99,Not Placed,0
7.3,1,IT,3,10,5,5.99,3,5.87,315,42,154,1242,71.63,Mid-tier,1
5.92,1,IT,2,6,2,3.47,1,4.26,0,0,0,0,34.09,Not Placed,0
5.89,4,Chemical,2,8,2,2.29,1,2.37,0,0,0,1270,29.99,Not Placed,0
5.97,3,IT,0,0,4,2.7,1,3.42,0,0,179,1660,25.09,Not Placed,0
5.77,2,CS,0,0,2,3.29,1,4.81,189,13,225,1898,29.43,Not Placed,0
6.43,0,IT,0,0,4,2.25,3,4.84,743,41,261,1496,33.68,Not Placed,0
7.18,1,Chemical,0,0,0,0.0,2,1.95,0,0,0,0,8.85,Not Placed,0
7.18,0,CS,2,4,4,4.71,3,6.07,458,24,0,0,49.16,Mass Recruiter,1
6.02,2,CS,0,0,2,1.81,1,4.15,146,13,100,1695,17.53,Not Placed,0
6.67,1,Biotech,0,0,2,2.77,2,2.95,0,0,96,1369,15.89,Not Placed,0
9.41,0,ECE,0,0,2,5.22,7,4.72,0,0,274,1716,52.6,Mass Recruiter,1
7.31,0,ECE,0,0,3,1.72,5,4.07,695,16,0,0,26.08,Not Placed,0
7.15,1,EEE,0,0,2,3.13,2,2.11,120,9,53,1366,24.32,Not Placed,0
6.77,2,Mechanical,0,0,1,3.68,0,1.85,0,0,105,1609,14.92,Not Placed,0
7.11,1,Chemical,2,4,1,3.22,1,2.94,0,0,0,0,28.44,Not Placed,0
7.02,2,EEE,2,6,1,1.96,4,5.01,624,37,0,0,44.01,Mass Recruiter,1
7.04,1,IT,0,0,3,1.34,4,5.97,402,12,113,1389,38.63,Mass Recruiter,1
8.2,0,CS,0,0,1,3.89,2,5.67,57,0,201,1153,31.63,Not Placed,0
5.72,3,CS,3,10,4,3.31,5,6.75,579,40,0,0,53.59,Mass Recruiter,1
9.22,0,Mechanical,0,0,2,5.04,3,2.81,904,32,12,1515,36.24,Mass Recruiter,1
7.46,1,IT,0,0,5,5.35,3,6.21,257,18,104,1452,40.04,Mass Recruiter,1
7.93,0,Civil,0,0,0,0.0,0,1.04,68,9,99,1392,14.6,Not Placed,0
7.12,0,IT,1,3,2,2.18,3,5.21,666,44,287,1363,39.68,Mass Recruiter,1
6.85,0,ECE,0,0,3,2.0,1,3.49,880,21,94,1301,24.94,Not Placed,0
7.6,1,IT,1,2,4,3.63,6,5.39,548,26,0,0,40.86,Mass Recruiter,1
8.33,0,CS,4,10,1,4.83,1,4.85,673,27,255,1336,72.66,Mid-tier,1
5.62,5,CS,1,3,5,3.32,1,5.7,633,49,0,0,37.06,Mass Recruiter,1
7.39,0,Chemical,0,0,0,0.0,4,2.78,6,3,104,1449,25.04,Not Placed,0
7.94,2,Civil,0,0,3,2.69,1,2.27,0,0,0,0,13.56,Not Placed,0
6.09,2,ECE,0,0,3,2.97,2,3.53,565,25,330,1675,38.61,Mass Recruiter,1
7.01,0,IT,0,0,5,4.97,8,6.76,0,0,134,1461,41.16,Mass Recruiter,1
5.96,3,Mechanical,1,3,6,2.49,4,5.11,0,0,83,1365,33.47,Not Placed,0
5.9,2,Civil,0,0,0,0.0,2,2.17,0,0,27,1238,7.79,Not Placed,0
9.66,0,CS,3,14,7,7.7,2,6.28,635,41,0,0,82.44,FAANG,1
7.99,0,CS,1,1,3,3.2,4,5.36,456,20,152,1001,37.94,Mass Recruiter,1
8.24,0,EEE,0,0,0,0.0,5,3.29,36,4,0,0,20.45,Not Placed,0
7.72,0,IT,0,0,4,3.86,7,5.52,598,23,229,1626,52.75,Mass Recruiter,1
7.16,0,Mechanical,1,3,0,0.0,5,3.29,0,0,0,0,23.12,Not Placed,0
7.8,1,Mechanical,1,3,5,3.37,2,4.4,0,0,151,1451,44.6,Mass Recruiter,1
8.38,0,CS,1,4,2,2.47,7,6.15,589,37,182,1478,50.92,Mass Recruiter,1
6.8,3,CS,0,0,1,1.36,4,4.47,26,10,0,0,13.03,Not Placed,0
8.07,0,ECE,0,0,1,3.46,2,3.36,246,14,0,0,26.47,Not Placed,0
7.92,0,IT,2,3,5,5.42,3,6.03,508,28,226,1409,69.35,Mid-tier,1
7.4,1,ECE,2,4,0,0.0,2,4.13,775,16,35,1173,32.35,Not Placed,0
6.39,3,EEE,2,3,1,2.72,3,4.53,193,16,113,1300,29.49,Not Placed,0
7.25,0,Chemical,0,0,5,3.56,2,3.61,391,24,159,1297,42.67,Mass Recruiter,1
7.4,1,Biotech,3,10,0,0.0,1,2.71,362,23,76,1329,46.53,Mass Recruiter,1
7.34,0,EEE,0,0,3,4.65,1,2.96,0,0,0,0,26.14,Not Placed,0
9.03,0,ECE,2,8,7,5.42,6,6.95,0,0,0,0,42.5,Mass Recruiter,1
6.9,0,ECE,3,10,2,4.66,5,4.65,632,42,0,0,41.37,Mass Recruiter,1
8.02,0,CS,0,0,5,4.13,9,7.24,259,18,166,1734,52.94,Mass Recruiter,1
6.88,0,IT,0,0,2,4.21,2,4.36,168,12,0,0,25.18,Not Placed,0
8.35,0,Biotech,2,3,1,3.74,0,2.28,0,0,0,0,29.4,Not Placed,0
6.18,1,IT,0,0,3,3.57,2,4.05,498,17,0,0,16.5,Not Placed,0
7.3,0,Civil,2,4,1,3.11,0,2.79,0,0,59,1406,33.01,Not Placed,0
6.21,2,Biotech,2,6,2,2.88,0,2.52,0,0,0,0,16.05,Not Placed,0
5.31,6,IT,1,3,3,3.36,2,4.06,94,41,214,1884,31.86,Not Placed,0
5.61,2,ECE,3,8,3,4.06,2,5.04,210,28,0,1327,47.68,Mass Recruiter,1
6.75,0,CS,1,3,4,2.72,4,4.54,574,19,233,1794,56.72,Mid-tier,1
6.69,2,CS,1,2,4,4.25,2,5.19,602,30,307,1788,51.03,Mass Recruiter,1
9.21,0,ECE,1,3,3,5.06,3,5.54,657,33,0,0,51.25,Mass Recruiter,1
5.9,2,CS,1,3,4,2.87,0,4.47,429,40,0,0,26.01,Not Placed,0
7.15,0,CS,2,6,4,5.23,1,5.98,926,23,120,1592,61.08,Mid-tier,1
7.17,0,IT,2,4,5,4.33,3,5.27,562,28,0,0,46.93,Mass Recruiter,1
7.04,0,ECE,0,0,1,3.46,1,3.69,1,10,244,1591,35.48,Mass Recruiter,1
8.23,0,Chemical,1,6,0,0.0,3,1.49,0,0,0,0,27.67,Not Placed,0
5.49,0,CS,1,6,3,1.02,2,5.41,549,17,189,1282,37.1,Mass Recruiter,1
5.85,2,EEE,1,2,3,3.04,2,3.38,250,37,63,1162,30.11,Not Placed,0
6.13,3,ECE,0,0,2,1.31,1,2.4,174,7,378,1746,17.25,Not Placed,0
6.18,3,CS,1,8,4,2.35,1,5.07,87,26,179,1644,37.38,Mass Recruiter,1
7.85,3,Mechanical,1,4,3,5.4,1,3.82,812,16,0,0,32.71,Not Placed,0
7.71,0,IT,1,3,7,5.3,6,6.87,0,0,567,1676,58.53,Mid-tier,1
7.01,1,ECE,0,0,4,4.55,1,3.7,583,36,0,0,25.36,Not Placed,0
6.29,2,CS,1,3,4,4.27,2,5.69,597,24,257,1336,57.69,Mid-tier,1
6.31,2,CS,0,0,3,2.29,0,3.1,591,32,200,1486,34.87,Not Placed,0
5.53,1,ECE,0,0,3,1.26,5,5.68,0,0,0,0,25.78,Not Placed,0
8.56,0,IT,1,3,1,4.98,9,6.51,649,44,0,0,45.98,Mass Recruiter,1
7.5,0,Chemical,2,6,2,1.68,0,3.34,0,0,0,0,27.51,Not Placed,0
6.43,0,IT,1,4,2,1.64,3,5.16,494,29,55,1408,44.94,Mass Recruiter,1
7.47,0,IT,2,3,3,4.71,0,4.36,537,36,259,1552,59.21,Mid-tier,1
6.7,0,ECE,0,0,5,4.52,3,4.64,583,19,0,0,36.29,Mass Recruiter,1
8.53,0,Mechanical,0,0,2,3.42,2,3.22,0,0,198,1709,39.21,Mass Recruiter,1
6.89,0,ECE,1,4,1,1.41,4,4.6,38,4,0,0,15.27,Not Placed,0
6.3,1,ECE,0,0,3,1.51,2,4.03,0,0,130,1499,17.83,Not Placed,0
7.18,0,ECE,0,0,3,4.21,3,5.92,257,29,0,0,30.91,Not Placed,0
8.68,0,EEE,1,3,2,3.82,8,4.28,522,21,73,1565,57.81,Mid-tier,1
5.78,1,CS,0,0,5,2.63,2,5.59,0,0,171,1342,41.07,Mass Recruiter,1
5.75,1,ECE,0,0,2,2.04,2,2.4,0,0,0,0,-0.19,Not Placed,0
8.1,0,CS,1,3,4,2.73,5,5.42,497,27,113,1280,51.08,Mass Recruiter,1
6.2,0,Chemical,2,6,2,2.83,1,2.86,766,34,0,0,42.52,Mass Recruiter,1
6.65,1,EEE,0,0,1,1.41,3,3.45,0,0,33,1610,19.39,Not Placed,0
5.88,4,Mechanical,0,0,2,0.39,1,2.91,254,14,0,0,12.34,Not Placed,0
7.21,0,IT,1,4,7,7.22,2,6.47,686,17,235,1295,64.38,Mid-tier,1
5.94,3,EEE,0,0,2,1.38,2,3.66,219,14,68,1454,12.52,Not Placed,0
5.87,0,Civil,0,0,2,0.93,0,1.56,88,10,0,0,17.74,Not Placed,0
6.18,0,CS,3,6,6,6.52,3,8.14,256,34,0,0,59.29,Mid-tier,1
8.66,0,IT,0,0,6,5.38,0,4.95,345,27,50,1608,42.65,Mass Recruiter,1
7.04,1,EEE,2,4,1,1.37,2,3.91,0,0,64,1466,37.58,Mass Recruiter,1
6.86,0,ECE,2,3,1,3.42,3,4.41,483,38,211,1307,42.09,Mass Recruiter,1
5.14,2,ECE,0,0,5,2.44,0,3.61,0,0,0,0,15.55,Not Placed,0
7.99,0,Mechanical,0,0,2,2.83,3,3.11,666,12,19,1376,36.15,Mass Recruiter,1
6.77,1,CS,2,8,2,1.11,1,6.06,338,29,272,1572,48.28,Mass Recruiter,1
6.63,4,Mechanical,0,0,1,1.37,4,4.06,0,0,37,1298,1.92,Not Placed,0
9.17,0,Chemical,0,0,2,4.23,2,1.39,273,16,0,1239,35.82,Mass Recruiter,1
5.89,2,ECE,0,0,2,1.03,2,3.71,157,10,51,1439,18.26,Not Placed,0
7.31,3,IT,2,8,4,4.77,2,6.01,0,0,0,0,31.44,Not Placed,0
8.73,0,IT,1,2,5,5.76,4,5.83,720,23,204,1757,60.48,Mid-tier,1
5.84,0,CS,0,0,2,2.28,3,4.54,206,14,249,1568,41.7,Mass Recruiter,1
8.78,0,IT,1,2,3,4.48,3,3.83,741,26,344,2028,56.37,Mid-tier,1
6.58,1,EEE,0,0,1,1.66,1,3.84,0,0,0,0,11.73,Not Placed,0
7.13,2,CS,0,0,2,2.95,3,4.82,104,15,141,1651,24.22,Not Placed,0
5.94,1,CS,0,0,4,0.79,3,5.58,122,13,93,1448,27.59,Not Placed,0
6.37,4,CS,0,0,2,3.52,4,5.69,129,10,167,1632,28.82,Not Placed,0
5.22,3,ECE,0,0,2,0.3,2,2.84,139,15,62,1270,12.88,Not Placed,0
8.59,0,IT,1,6,5,7.32,2,5.05,755,20,157,1719,67.77,Mid-tier,1
6.64,0,EEE,1,8,4,3.29,3,3.69,294,39,0,0,41.76,Mass Recruiter,1
7.93,0,Mechanical,2,8,2,5.04,5,3.8,546,17,0,0,53.64,Mass Recruiter,1
6.69,2,CS,1,2,3,4.21,5,6.34,642,11,239,1366,52.21,Mass Recruiter,1
8.82,0,EEE,0,0,3,5.88,1,2.31,506,30,293,1675,43.41,Mass Recruiter,1
7.81,2,Chemical,0,0,1,1.88,1,2.73,0,0,0,0,10.75,Not Placed,0
6.12,0,CS,0,0,6,2.65,4,5.67,626,17,334,1683,54.4,Mass Recruiter,1
5.95,1,Chemical,3,12,1,2.35,2,4.06,0,0,0,0,26.73,Not Placed,0
5.84,0,Biotech,0,0,1,2.08,1,1.11,0,0,0,0,5.77,Not Placed,0
7.79,2,IT,1,8,7,3.85,3,6.43,587,22,0,0,49.21,Mass Recruiter,1
7.53,0,Biotech,1,4,0,0.0,3,2.38,109,9,92,1509,31.98,Not Placed,0
5.78,1,ECE,0,0,2,1.6,3,4.0,0,0,0,0,9.98,Not Placed,0
6.83,0,CS,1,8,2,3.28,2,4.72,532,9,0,0,34.23,Not Placed,0
5.79,3,IT,1,8,2,2.29,0,5.25,544,34,43,1493,33.52,Not Placed,0
7.19,2,CS,4,6,5,5.4,4,6.28,529,31,405,1765,70.56,Mid-tier,1
7.23,0,CS,2,6,5,4.21,1,6.42,484,10,564,1675,74.51,FAANG,1
6.17,1,CS,0,0,2,0.59,3,4.48,83,15,222,1340,29.81,Not Placed,0
6.34,3,Mechanical,0,0,2,2.59,2,2.91,208,11,134,1430,17.9,Not Placed,0
6.11,1,IT,0,0,3,1.27,2,4.75,95,21,0,0,16.07,Not Placed,0
7.02,0,IT,2,6,5,6.68,4,5.78,491,23,116,1570,56.62,Mid-tier,1
9.56,0,IT,0,0,3,5.74,2,5.28,373,17,0,0,33.48,Not Placed,0
5.78,2,ECE,0,0,2,0.3,1,3.09,199,8,0,0,12.83,Not Placed,0
8.89,0,EEE,1,2,2,5.32,4,4.09,356,29,0,0,45.01,Mass Recruiter,1
8.86,2,ECE,0,0,3,3.3,2,3.74,552,9,267,1552,35.6,Mass Recruiter,1
7.4,0,IT,1,1,3,1.35,4,4.86,419,35,0,0,30.15,Not Placed,0
7.4,0,Mechanical,0,0,1,2.31,3,3.38,74,3,86,1381,4.96,Not Placed,0
6.04,3,CS,3,6,1,1.95,2,6.3,338,35,146,1607,38.83,Mass Recruiter,1
8.34,0,Mechanical,0,0,1,1.97,1,1.74,91,14,0,0,17.95,Not Placed,0
7.64,0,ECE,0,0,3,2.13,4,3.89,621,27,0,0,27.71,Not Placed,0
5.59,2,CS,0,0,4,0.3,1,2.95,502,35,303,1332,29.35,Not Placed,0
6.23,0,IT,0,0,6,2.14,3,6.04,327,33,185,1617,51.58,Mass Recruiter,1
7.06,2,Mechanical,0,0,2,4.63,0,2.64,94,8,0,0,12.55,Not Placed,0
6.89,0,CS,1,3,2,2.59,2,6.08,544,25,114,1711,41.29,Mass Recruiter,1
9.03,0,CS,2,6,4,5.64,7,6.42,538,48,345,1829,75.45,FAANG,1
5.73,1,ECE,0,0,5,2.25,2,4.66,631,26,65,1555,36.98,Mass Recruiter,1
7.6,2,IT,1,8,3,3.39,6,6.06,444,31,221,1785,46.39,Mass Recruiter,1
7.84,2,Mechanical,0,0,6,3.19,4,5.21,0,0,0,0,22.42,Not Placed,0
6.59,0,Biotech,0,0,2,1.81,0,2.22,0,0,45,1573,11.58,Not Placed,0
7.28,1,IT,0,0,1,1.37,1,2.84,104,3,72,1637,14.87,Not Placed,0
6.16,0,CS,0,0,2,2.49,1,5.65,0,0,241,1718,37.08,Mass Recruiter,1
8.69,1,Chemical,0,0,1,5.55,1,2.01,61,9,13,1318,16.56,Not Placed,0
8.93,1,CS,1,3,2,4.99,3,5.9,413,18,378,1958,50.82,Mass Recruiter,1
8.37,0,ECE,0,0,4,4.78,4,4.51,760,35,217,1787,50.27,Mass Recruiter,1
7.42,0,Mechanical,1,3,1,3.06,1,3.37,0,0,0,0,33.8,Not Placed,0
8.36,0,IT,0,0,3,6.62,6,6.12,573,43,718,2112,57.18,Mid-tier,1
6.78,0,CS,1,2,3,3.98,3,5.09,337,26,302,1510,45.59,Mass Recruiter,1
7.64,0,Mechanical,0,0,1,4.61,1,2.85,141,17,110,1165,33.7,Not Placed,0
5.63,1,EEE,0,0,3,5.15,2,3.25,324,37,125,1323,25.54,Not Placed,0
6.55,1,CS,1,4,3,5.19,2,6.08,156,23,298,1942,50.88,Mass Recruiter,1
6.81,1,CS,2,4,1,2.64,3,4.42,516,31,146,1434,44.3,Mass Recruiter,1
6.36,1,CS,0,0,4,2.2,4,6.23,540,29,145,1639,29.72,Not Placed,0
9.38,0,EEE,1,3,4,4.9,2,4.3,430,31,158,1450,57.36,Mid-tier,1
8.16,0,Mechanical,1,6,1,1.82,4,3.12,423,27,0,0,39.17,Mass Recruiter,1
6.31,0,IT,1,3,2,1.29,2,5.39,882,40,35,1155,31.87,Not Placed,0
7.04,0,Chemical,3,8,2,3.5,2,3.85,545,28,49,1473,61.93,Mid-tier,1
7.7,1,Chemical,1,1,3,3.93,1,3.04,508,26,0,0,31.89,Not Placed,0
7.04,0,CS,1,2,4,4.28,4,5.4,478,32,264,1475,43.88,Mass Recruiter,1
7.02,2,Biotech,0,0,0,0.0,0,1.15,105,1,0,0,6.11,Not Placed,0
9.08,0,Mechanical,1,3,3,7.29,1,3.7,0,0,272,1509,42.31,Mass Recruiter,1
7.32,0,CS,1,3,1,4.97,3,4.87,279,30,0,0,38.3,Mass Recruiter,1
8.9,1,CS,1,3,1,3.58,5,3.52,0,0,547,2137,51.56,Mass Recruiter,1
8.77,0,Civil,0,0,0,0.0,3,1.85,0,0,0,0,12.78,Not Placed,0
7.62,2,CS,0,0,2,2.49,2,4.93,593,21,157,1518,35.67,Mass Recruiter,1
6.89,2,CS,1,3,1,2.86,6,5.84,307,31,253,1507,30.28,Not Placed,0
7.65,0,Biotech,0,0,1,1.93,1,1.57,0,0,0,0,14.99,Not Placed,0
8.8,1,Biotech,0,0,2,3.13,2,2.51,0,0,0,0,13.23,Not Placed,0
7.14,1,IT,1,2,3,4.17,3,6.39,501,18,0,0,39.49,Mass Recruiter,1
5.76,4,CS,2,3,2,2.43,3,4.83,648,30,209,1481,42.83,Mass Recruiter,1
6.39,1,EEE,0,0,3,1.83,2,4.65,764,45,67,1483,33.82,Not Placed,0
6.14,1,ECE,3,10,1,2.97,2,6.2,0,0,71,1388,44.75,Mass Recruiter,1
7.78,0,CS,0,0,1,2.82,3,4.82,190,12,309,1855,41.13,Mass Recruiter,1
7.55,0,CS,1,3,3,2.67,8,8.17,723,23,637,1623,67.68,Mid-tier,1
6.36,1,Chemical,0,0,5,4.98,2,2.9,0,0,0,0,21.45,Not Placed,0
7.29,1,CS,2,4,4,3.29,4,7.18,651,28,159,1656,70.14,Mid-tier,1
6.43,1,Chemical,0,0,2,0.92,3,3.24,181,13,0,0,10.32,Not Placed,0
6.15,1,EEE,1,3,0,0.0,2,2.18,0,0,36,1197,14.8,Not Placed,0
6.9,0,CS,0,0,3,2.82,2,4.95,573,37,385,1679,40.58,Mass Recruiter,1
5.31,3,EEE,0,0,2,0.86,4,3.77,0,0,0,0,16.48,Not Placed,0
6.54,0,CS,0,0,1,1.52,1,4.36,320,19,176,1451,26.02,Not Placed,0
7.94,0,CS,1,3,5,6.53,2,5.9,848,20,211,1728,64.1,Mid-tier,1
6.3,1,ECE,0,0,5,2.29,1,4.59,764,26,0,0,32.64,Not Placed,0
7.97,0,IT,0,0,3,3.74,6,4.49,633,34,320,1698,44.14,Mass Recruiter,1
7.36,2,Civil,2,4,4,4.62,1,4.09,0,0,0,0,36.02,Mass Recruiter,1
8.24,0,IT,4,10,2,5.92,1,4.65,218,20,629,1921,74.4,FAANG,1
6.51,0,Civil,1,3,1,3.07,1,3.03,0,0,61,1031,25.24,Not Placed,0
8.72,0,IT,0,0,2,4.01,6,5.52,543,42,0,0,34.6,Not Placed,0
6.91,2,Mechanical,0,0,1,3.26,1,2.22,0,0,0,0,10.25,Not Placed,0
6.6,4,IT,0,0,5,3.25,4,4.6,415,31,226,1419,33.34,Not Placed,0
5.61,1,IT,3,14,2,1.03,2,4.59,0,0,217,1446,55.67,Mid-tier,1
6.65,1,Mechanical,0,0,2,3.1,0,3.19,0,0,65,1329,18.34,Not Placed,0
8.01,0,Chemical,4,12,1,3.36,0,3.85,765,22,135,1359,47.07,Mass Recruiter,1
7.97,0,CS,0,0,4,2.41,4,6.07,297,29,146,1801,40.5,Mass Recruiter,1
8.29,0,CS,2,6,3,5.96,3,6.72,701,25,110,1483,57.68,Mid-tier,1
6.37,0,EEE,1,4,4,3.05,5,6.54,0,0,0,0,24.01,Not Placed,0
7.28,2,IT,0,0,1,3.66,3,4.54,0,0,268,1469,18.21,Not Placed,0
7.24,0,IT,1,2,3,1.83,4,5.78,594,33,0,0,40.09,Mass Recruiter,1
5.7,0,IT,1,1,1,0.57,4,4.27,0,0,204,1380,24.86,Not Placed,0
8.18,0,IT,0,0,5,6.29,3,5.07,406,41,215,1657,55.61,Mid-tier,1
8.9,2,Mechanical,1,2,2,3.71,2,2.61,0,0,0,0,21.25,Not Placed,0
7.34,0,IT,1,2,2,3.51,0,5.44,543,24,238,1775,43.51,Mass Recruiter,1
7.89,0,CS,0,0,2,4.01,3,5.16,385,49,604,1523,48.57,Mass Recruiter,1
6.55,0,CS,0,0,3,2.03,4,6.09,699,41,100,1411,46.45,Mass Recruiter,1
7.24,0,Civil,1,8,3,3.71,1,1.89,0,0,0,0,33.85,Not Placed,0
8.63,0,CS,0,0,2,4.32,5,5.0,661,8,0,0,39.48,Mass Recruiter,1
8.21,0,Chemical,1,6,3,6.27,4,4.17,454,33,0,0,44.48,Mass Recruiter,1
7.64,1,IT,0,0,3,2.79,2,4.77,530,30,234,1707,37.99,Mass Recruiter,1
8.38,0,CS,1,3,1,4.54,6,5.48,0,0,407,1750,55.61,Mid-tier,1
7.71,0,ECE,0,0,3,1.72,3,4.6,0,0,0,0,25.24,Not Placed,0
6.45,2,CS,1,2,3,3.1,3,4.45,745,27,227,1474,46.93,Mass Recruiter,1
9.09,0,IT,1,2,6,6.83,2,7.35,281,32,0,0,43.22,Mass Recruiter,1
6.52,0,ECE,1,2,5,3.5,2,4.95,0,0,45,1565,43.55,Mass Recruiter,1
7.71,0,ECE,3,8,2,4.09,3,5.03,368,9,0,0,55.79,Mid-tier,1
8.09,0,ECE,0,0,3,2.99,1,2.47,335,25,64,1273,41.24,Mass Recruiter,1
6.0,2,Mechanical,3,12,1,2.86,0,4.15,0,0,43,1451,39.28,Mass Recruiter,1
6.65,0,CS,0,0,5,3.84,3,6.31,638,2,299,1273,32.18,Not Placed,0
6.88,0,CS,1,2,3,2.16,1,5.3,355,38,247,1710,51.7,Mass Recruiter,1
5.49,3,IT,0,0,2,1.66,1,4.96,159,31,37,1393,17.75,Not Placed,0
8.2,0,EEE,1,3,0,0.0,1,2.7,0,0,296,1430,34.57,Not Placed,0
6.45,3,Mechanical,0,0,1,1.72,3,3.25,117,0,0,0,3.0,Not Placed,0
8.77,0,CS,2,3,3,5.86,3,6.54,695,24,548,1901,63.03,Mid-tier,1
6.69,4,CS,0,0,3,1.73,1,5.17,492,29,36,1545,20.78,Not Placed,0
6.3,1,ECE,0,0,0,0.0,0,3.42,0,1,0,0,11.68,Not Placed,0
6.35,0,IT,0,0,3,2.25,2,5.42,453,28,125,1153,29.68,Not Placed,0
7.13,0,EEE,1,2,1,2.74,2,2.91,384,46,110,1418,24.26,Not Placed,0
7.55,0,Mechanical,0,0,0,0.0,1,1.91,0,0,0,0,19.09,Not Placed,0
6.72,1,CS,1,3,4,4.49,4,6.37,569,29,234,1439,62.28,Mid-tier,1
6.05,2,CS,0,0,6,2.91,2,5.21,540,16,0,0,20.69,Not Placed,0
6.69,0,Mechanical,0,0,1,1.27,2,2.44,0,0,19,1551,20.79,Not Placed,0
7.21,2,Civil,0,0,2,2.35,1,1.77,188,13,103,1440,15.56,Not Placed,0
8.05,0,ECE,0,0,4,5.55,1,5.13,0,0,219,1475,45.32,Mass Recruiter,1
8.05,0,Civil,1,4,3,5.76,1,3.6,0,0,39,1552,34.35,Not Placed,0
5.81,2,IT,0,0,2,1.89,3,5.25,145,10,0,0,18.5,Not Placed,0
5.83,2,Civil,0,0,1,1.84,3,1.85,146,9,0,0,7.97,Not Placed,0
7.73,0,ECE,0,0,3,3.73,4,3.92,732,18,232,1741,47.87,Mass Recruiter,1
5.99,2,Civil,0,0,2,0.99,3,2.28,0,0,0,0,13.63,Not Placed,0
5.76,3,ECE,2,3,1,3.22,1,3.66,460,17,0,0,23.29,Not Placed,0
7.9,0,Mechanical,1,4,2,3.49,3,3.09,629,47,0,0,34.9,Not Placed,0
5.25,2,Civil,0,0,2,0.32,1,1.0,208,12,0,0,-6.3,Not Placed,0
6.05,1,IT,1,3,5,4.51,2,5.41,480,20,89,1162,43.69,Mass Recruiter,1
5.66,3,IT,1,2,6,2.38,3,5.96,251,31,77,1380,36.95,Mass Recruiter,1
6.35,2,Civil,0,0,1,0.8,6,3.04,0,0,0,0,-0.26,Not Placed,0
7.94,1,Mechanical,2,4,2,5.7,2,3.76,297,28,1,1549,49.81,Mass Recruiter,1
5.75,3,Chemical,0,0,2,1.03,1,2.07,0,0,10,1071,13.06,Not Placed,0
6.19,1,IT,1,2,4,2.0,3,6.57,649,22,306,1744,57.68,Mid-tier,1
5.68,2,CS,3,10,1,2.45,4,4.89,448,26,0,0,40.8,Mass Recruiter,1
7.08,0,CS,3,14,3,5.45,5,6.52,787,22,169,1785,75.6,FAANG,1
6.47,1,ECE,0,0,3,1.64,1,3.73,585,11,75,1298,32.99,Not Placed,0
5.75,2,ECE,0,0,2,2.69,3,3.47,124,14,146,1301,15.53,Not Placed,0
6.91,1,ECE,0,0,2,2.22,1,3.48,0,0,119,1352,23.85,Not Placed,0
8.89,0,Civil,0,0,4,4.34,8,4.06,0,0,240,1656,35.13,Mass Recruiter,1
8.9,0,IT,1,3,2,4.61,2,5.49,622,15,620,1660,52.05,Mass Recruiter,1
8.79,0,Civil,0,0,6,4.89,2,3.4,0,0,28,1398,37.52,Mass Recruiter,1
8.42,1,ECE,0,0,5,5.66,2,5.78,0,0,77,1488,33.75,Not Placed,0
6.14,1,ECE,1,4,2,4.44,2,4.23,399,27,85,1218,27.62,Not Placed,0
7.03,0,Mechanical,0,0,1,2.31,4,3.97,0,0,36,1341,23.75,Not Placed,0
7.94,1,EEE,0,0,1,3.97,5,5.11,67,2,83,1593,21.79,Not Placed,0
6.04,0,Biotech,0,0,3,2.21,2,3.25,0,0,0,0,18.81,Not Placed,0
6.65,0,IT,2,4,5,5.04,2,6.93,739,20,139,1196,45.83,Mass Recruiter,1
7.8,0,Mechanical,4,8,2,5.54,1,3.71,513,60,133,1389,56.25,Mid-tier,1
5.34,0,Biotech,0,0,1,0.82,0,1.66,0,0,0,0,0.26,Not Placed,0
6.15,0,Mechanical,0,0,4,0.75,1,2.57,0,0,0,0,16.77,Not Placed,0
5.2,2,IT,0,0,2,1.02,0,2.56,0,0,0,0,8.07,Not Placed,0
6.75,1,Mechanical,0,0,0,0.0,2,3.72,0,0,35,1288,19.93,Not Placed,0
7.09,0,CS,1,6,2,1.91,2,4.33,0,0,218,1693,43.06,Mass Recruiter,1
6.18,0,CS,1,8,5,2.75,2,6.19,416,28,234,1693,60.41,Mid-tier,1
7.56,2,CS,2,4,3,5.0,3,6.6,309,13,104,1906,52.79,Mass Recruiter,1
5.84,1,Chemical,1,6,1,2.43,2,2.7,0,0,0,0,9.57,Not Placed,0
6.28,2,Chemical,0,0,3,0.77,0,1.41,0,0,63,1437,11.78,Not Placed,0
7.76,2,IT,0,0,6,6.15,3,6.11,778,48,219,1575,43.68,Mass Recruiter,1
8.79,0,EEE,0,0,1,4.12,4,3.77,241,1,0,1268,37.72,Mass Recruiter,1
6.8,0,IT,0,0,4,3.36,3,5.15,741,39,0,0,31.08,Not Placed,0
6.37,0,Biotech,2,10,4,4.79,2,3.82,0,0,44,1320,38.29,Mass Recruiter,1
6.69,0,ECE,0,0,2,0.73,2,3.28,0,0,70,1254,25.59,Not Placed,0
6.2,2,CS,1,2,4,3.07,0,4.97,397,31,364,1885,46.89,Mass Recruiter,1
5.97,2,Mechanical,0,0,0,0.0,2,1.65,16,3,100,1547,15.75,Not Placed,0
6.31,1,CS,1,3,5,4.15,0,6.47,214,22,0,0,41.43,Mass Recruiter,1
6.81,2,ECE,2,4,4,5.33,2,5.53,223,34,155,1379,38.74,Mass Recruiter,1
8.09,0,Mechanical,0,0,1,3.83,1,2.07,212,14,0,0,21.38,Not Placed,0
6.07,1,Biotech,0,0,2,0.83,3,2.5,92,13,0,0,11.99,Not Placed,0
6.12,0,CS,1,1,4,1.6,3,5.42,63,28,163,1349,46.38,Mass Recruiter,1
8.21,0,Chemical,0,0,1,3.43,3,2.52,0,0,0,0,23.51,Not Placed,0
8.13,0,IT,0,0,3,4.07,2,6.41,0,0,167,1347,39.55,Mass Recruiter,1
7.73,0,CS,2,3,2,2.46,7,6.73,469,20,122,1371,43.44,Mass Recruiter,1
6.48,3,IT,0,0,0,0.0,5,3.72,21,2,0,0,6.83,Not Placed,0
8.67,0,CS,2,6,2,5.52,2,5.72,287,9,470,1967,63.5,Mid-tier,1
5.26,1,CS,0,0,2,0.3,1,3.71,179,9,0,0,9.42,Not Placed,0
5.9,4,IT,2,4,3,1.02,2,4.29,0,0,311,1432,33.99,Not Placed,0
8.08,0,CS,1,4,3,5.23,6,6.02,0,0,570,2036,56.7,Mid-tier,1
7.23,0,CS,0,0,6,2.65,2,6.01,0,0,233,1770,47.3,Mass Recruiter,1
5.73,2,ECE,0,0,5,3.26,2,5.15,330,28,108,1466,35.33,Mass Recruiter,1
7.56,0,CS,0,0,4,1.88,4,6.95,0,0,237,1795,45.68,Mass Recruiter,1
7.53,0,Chemical,2,6,5,5.83,2,3.85,0,0,0,0,42.91,Mass Recruiter,1
7.33,0,ECE,0,0,3,2.65,4,5.04,0,0,199,1566,31.8,Not Placed,0
7.45,0,CS,2,6,3,4.36,1,5.55,617,29,137,1513,53.85,Mass Recruiter,1
5.91,4,CS,1,2,3,3.61,3,5.91,612,24,175,1976,37.54,Mass Recruiter,1
6.79,0,CS,0,0,3,2.92,2,5.98,579,62,288,1494,48.88,Mass Recruiter,1
7.04,2,CS,0,0,3,2.88,3,5.85,422,35,157,1577,36.18,Mass Recruiter,1
8.78,0,ECE,2,3,2,4.68,6,5.96,364,18,257,1652,53.17,Mass Recruiter,1
6.74,0,ECE,4,10,2,4.95,1,4.0,0,0,0,0,45.34,Mass Recruiter,1
5.78,0,CS,2,4,4,2.45,5,7.02,376,20,231,1715,58.65,Mid-tier,1
6.39,3,IT,2,4,4,3.37,2,6.49,0,0,222,1455,29.04,Not Placed,0
6.07,1,Mechanical,0,0,3,1.31,3,3.34,0,0,19,1505,20.09,Not Placed,0
6.57,2,Biotech,0,0,2,1.03,2,1.8,0,0,127,1397,18.51,Not Placed,0
6.07,3,IT,0,0,3,1.73,3,5.37,0,0,148,1646,36.09,Mass Recruiter,1
6.72,0,ECE,3,8,2,2.94,1,4.43,497,29,0,0,50.58,Mass Recruiter,1
7.87,0,CS,1,4,3,2.67,5,6.47,0,0,187,1648,54.01,Mass Recruiter,1
6.63,0,IT,1,4,1,1.76,2,4.62,386,39,323,1325,42.08,Mass Recruiter,1
7.23,2,Civil,0,0,2,1.04,0,1.06,0,0,0,0,4.07,Not Placed,0
7.27,0,ECE,1,3,3,4.84,4,5.5,430,42,138,1432,54.91,Mass Recruiter,1
7.08,1,IT,1,6,3,3.85,4,4.35,546,22,100,1574,51.54,Mass Recruiter,1
5.82,1,Chemical,0,0,1,1.68,0,1.0,129,10,66,1116,17.84,Not Placed,0
6.37,0,IT,0,0,4,3.04,2,4.95,686,21,172,1486,52.85,Mass Recruiter,1
7.32,0,CS,3,10,1,5.56,6,5.15,544,37,256,1754,63.68,Mid-tier,1
5.99,2,ECE,0,0,3,2.87,4,4.01,350,13,128,1476,29.18,Not Placed,0
6.76,1,CS,0,0,4,4.23,0,5.45,0,0,0,0,19.53,Not Placed,0
6.92,1,Mechanical,0,0,3,1.05,2,2.53,393,21,0,0,17.78,Not Placed,0
8.05,0,CS,0,0,2,3.63,7,4.1,0,0,394,1526,40.85,Mass Recruiter,1
9.4,0,CS,0,0,3,5.88,2,4.93,431,26,441,1205,59.76,Mid-tier,1
7.81,2,IT,0,0,2,4.64,6,5.26,327,19,185,1732,38.18,Mass Recruiter,1
6.71,0,CS,1,3,2,4.49,6,5.48,267,21,279,1600,58.99,Mid-tier,1
5.95,1,Mechanical,0,0,0,0.0,0,1.79,7,2,0,0,9.21,Not Placed,0
7.14,0,Civil,2,6,1,2.66,1,4.13,724,40,0,0,31.29,Not Placed,0
6.6,2,ECE,1,3,3,3.02,2,5.47,0,0,180,1434,37.43,Mass Recruiter,1
7.1,0,Civil,0,0,2,1.92,1,3.0,0,0,124,1428,31.17,Not Placed,0
9.5,0,IT,1,2,2,4.28,6,5.28,696,45,472,1764,67.87,Mid-tier,1
6.3,1,Mechanical,0,0,1,0.53,4,3.48,0,0,58,1350,11.07,Not Placed,0
7.5,0,ECE,2,4,2,3.21,4,4.75,0,0,87,1670,42.57,Mass Recruiter,1
6.58,2,ECE,0,0,4,3.29,3,4.23,0,0,0,0,8.62,Not Placed,0
7.58,0,IT,1,2,4,5.3,2,5.7,364,29,415,1796,55.57,Mid-tier,1
6.64,0,CS,1,3,3,3.43,1,4.88,618,30,319,1817,44.72,Mass Recruiter,1
7.47,1,CS,1,4,5,5.41,2,6.29,363,19,236,1619,42.83,Mass Recruiter,1
9.38,0,CS,3,18,3,6.4,3,5.51,561,36,444,2085,88.08,FAANG,1
6.34,0,ECE,0,0,3,1.49,2,3.26,335,38,195,1728,37.22,Mass Recruiter,1
6.92,0,CS,0,0,4,2.67,2,6.52,531,25,0,0,21.64,Not Placed,0
8.02,0,ECE,0,0,7,3.49,4,5.47,719,18,0,0,25.07,Not Placed,0
8.41,0,Biotech,0,0,2,2.37,0,1.47,0,0,170,1321,29.81,Not Placed,0
7.76,2,Chemical,4,14,3,5.41,2,3.88,470,29,0,0,57.11,Mid-tier,1
8.98,0,CS,3,12,3,6.0,1,6.28,415,22,246,1735,74.67,FAANG,1
7.26,2,CS,0,0,1,2.09,5,6.46,0,0,651,1888,40.9,Mass Recruiter,1
8.9,0,Mechanical,1,2,0,0.0,5,3.8,0,0,0,0,28.81,Not Placed,0
6.12,3,CS,1,1,3,2.79,6,5.58,483,19,138,1535,39.4,Mass Recruiter,1
6.08,0,Civil,1,4,3,3.22,0,3.62,186,46,0,0,29.32,Not Placed,0
8.41,0,ECE,0,0,4,5.12,4,4.13,472,30,0,0,24.28,Not Placed,0
5.59,3,ECE,0,0,1,0.35,4,2.5,0,0,0,0,-3.78,Not Placed,0
7.87,0,CS,1,4,3,4.08,1,5.16,650,43,205,1319,50.47,Mass Recruiter,1
